node_id	role	role_source	role_evidence
NODE00001	signaling_cascade	module20_24_export	Node participates in at least one evidence-gated exported mechanism edge.
NODE00002	signaling_cascade	module20_24_export	Node participates in at least one evidence-gated exported mechanism edge.
NODE00003	signaling_cascade	module20_24_export	Node participates in at least one evidence-gated exported mechanism edge.
NODE00004	signaling_cascade	module20_24_export	Node participates in at least one evidence-gated exported mechanism edge.
NODE00005	signaling_cascade	module20_24_export	Node participates in at least one evidence-gated exported mechanism edge.
NODE00006	signaling_cascade	module20_24_export	Node participates in at least one evidence-gated exported mechanism edge.
NODE00007	signaling_cascade	module20_24_export	Node participates in at least one evidence-gated exported mechanism edge.
NODE00008	signaling_cascade	module20_24_export	Node participates in at least one evidence-gated exported mechanism edge.
NODE00009	signaling_cascade	module20_24_export	Node participates in at least one evidence-gated exported mechanism edge.
NODE00010	signaling_cascade	module20_24_export	Node participates in at least one evidence-gated exported mechanism edge.
NODE00011	signaling_cascade	module20_24_export	Node participates in at least one evidence-gated exported mechanism edge.
NODE00012	signaling_cascade	module20_24_export	Node participates in at least one evidence-gated exported mechanism edge.
NODE00013	signaling_cascade	module20_24_export	Node participates in at least one evidence-gated exported mechanism edge.
NODE00014	signaling_cascade	module20_24_export	Node participates in at least one evidence-gated exported mechanism edge.
NODE00015	signaling_cascade	module20_24_export	Node participates in at least one evidence-gated exported mechanism edge.
NODE00016	signaling_cascade	module20_24_export	Node participates in at least one evidence-gated exported mechanism edge.
NODE00017	signaling_cascade	module20_24_export	Node participates in at least one evidence-gated exported mechanism edge.
NODE00018	signaling_cascade	module20_24_export	Node participates in at least one evidence-gated exported mechanism edge.
NODE00019	signaling_cascade	module20_24_export	Node participates in at least one evidence-gated exported mechanism edge.
NODE00020	signaling_cascade	module20_24_export	Node participates in at least one evidence-gated exported mechanism edge.
NODE00021	signaling_cascade	module20_24_export	Node participates in at least one evidence-gated exported mechanism edge.
NODE00022	signaling_cascade	module20_24_export	Node participates in at least one evidence-gated exported mechanism edge.
NODE00023	signaling_cascade	module20_24_export	Node participates in at least one evidence-gated exported mechanism edge.
NODE00024	signaling_cascade	module20_24_export	Node participates in at least one evidence-gated exported mechanism edge.
NODE00025	signaling_cascade	module20_24_export	Node participates in at least one evidence-gated exported mechanism edge.
NODE00026	signaling_cascade	module20_24_export	Node participates in at least one evidence-gated exported mechanism edge.
NODE00027	signaling_cascade	module20_24_export	Node participates in at least one evidence-gated exported mechanism edge.
NODE00028	signaling_cascade	module20_24_export	Node participates in at least one evidence-gated exported mechanism edge.
NODE00029	signaling_cascade	module20_24_export	Node participates in at least one evidence-gated exported mechanism edge.
NODE00030	signaling_cascade	module20_24_export	Node participates in at least one evidence-gated exported mechanism edge.
NODE00031	signaling_cascade	module20_24_export	Node participates in at least one evidence-gated exported mechanism edge.
NODE00032	signaling_cascade	module20_24_export	Node participates in at least one evidence-gated exported mechanism edge.
NODE00033	signaling_cascade	module20_24_export	Node participates in at least one evidence-gated exported mechanism edge.
NODE00034	signaling_cascade	module20_24_export	Node participates in at least one evidence-gated exported mechanism edge.
NODE00035	signaling_cascade	module20_24_export	Node participates in at least one evidence-gated exported mechanism edge.
NODE00036	signaling_cascade	module20_24_export	Node participates in at least one evidence-gated exported mechanism edge.
NODE00037	signaling_cascade	module20_24_export	Node participates in at least one evidence-gated exported mechanism edge.
NODE00038	signaling_cascade	module20_24_export	Node participates in at least one evidence-gated exported mechanism edge.
NODE00039	signaling_cascade	module20_24_export	Node participates in at least one evidence-gated exported mechanism edge.
NODE00040	signaling_cascade	module20_24_export	Node participates in at least one evidence-gated exported mechanism edge.
NODE00041	signaling_cascade	module20_24_export	Node participates in at least one evidence-gated exported mechanism edge.
NODE00042	signaling_cascade	module20_24_export	Node participates in at least one evidence-gated exported mechanism edge.
NODE00043	signaling_cascade	module20_24_export	Node participates in at least one evidence-gated exported mechanism edge.
NODE00044	signaling_cascade	module20_24_export	Node participates in at least one evidence-gated exported mechanism edge.
NODE00045	signaling_cascade	module20_24_export	Node participates in at least one evidence-gated exported mechanism edge.
NODE00046	signaling_cascade	module20_24_export	Node participates in at least one evidence-gated exported mechanism edge.
NODE00047	signaling_cascade	module20_24_export	Node participates in at least one evidence-gated exported mechanism edge.
NODE00048	signaling_cascade	module20_24_export	Node participates in at least one evidence-gated exported mechanism edge.
NODE00049	signaling_cascade	module20_24_export	Node participates in at least one evidence-gated exported mechanism edge.
NODE00050	ligand	register_ligand_receptor_layer	edge=M23B-E000848; evidence=M23B-EVID-001147
NODE00050	signaling_cascade	module20_24_export	Node participates in at least one evidence-gated exported mechanism edge.
NODE00051	signaling_cascade	module20_24_export	Node participates in at least one evidence-gated exported mechanism edge.
NODE00051	target_gene	register_target_gene_layer	edge=M22B-E008002; evidence=M22B-EVID-008175 || edge=M22B-E008140; evidence=M22B-EVID-008313 || edge=M22B-E008634; evidence=M22B-EVID-008807
NODE00052	signaling_cascade	module20_24_export	Node participates in at least one evidence-gated exported mechanism edge.
NODE00052	target_gene	register_target_gene_layer	edge=M22B-E009099; evidence=M22B-EVID-009272
NODE00053	signaling_cascade	module20_24_export	Node participates in at least one evidence-gated exported mechanism edge.
NODE00053	target_gene	register_target_gene_layer	edge=M22B-E008445; evidence=M22B-EVID-008618
NODE00054	signaling_cascade	module20_24_export	Node participates in at least one evidence-gated exported mechanism edge.
NODE00054	target_gene	register_target_gene_layer	edge=M22B-E009100; evidence=M22B-EVID-009273
NODE00055	signaling_cascade	module20_24_export	Node participates in at least one evidence-gated exported mechanism edge.
NODE00055	target_gene	register_target_gene_layer	edge=M22B-E008751; evidence=M22B-EVID-008924
NODE00056	signaling_cascade	module20_24_export	Node participates in at least one evidence-gated exported mechanism edge.
NODE00056	target_gene	register_target_gene_layer	edge=M22B-E008373; evidence=M22B-EVID-008546
NODE00057	signaling_cascade	module20_24_export	Node participates in at least one evidence-gated exported mechanism edge.
NODE00057	target_gene	register_target_gene_layer	edge=M22B-E009101; evidence=M22B-EVID-009274
NODE00058	signaling_cascade	module20_24_export	Node participates in at least one evidence-gated exported mechanism edge.
NODE00058	target_gene	register_target_gene_layer	edge=M22B-E009102; evidence=M22B-EVID-009275
NODE00059	signaling_cascade	module20_24_export	Node participates in at least one evidence-gated exported mechanism edge.
NODE00059	target_gene	register_target_gene_layer	edge=M22B-E008141; evidence=M22B-EVID-008314
NODE00060	signaling_cascade	module20_24_export	Node participates in at least one evidence-gated exported mechanism edge.
NODE00060	target_gene	register_target_gene_layer	edge=M22B-E008752; evidence=M22B-EVID-008925
NODE00061	signaling_cascade	module20_24_export	Node participates in at least one evidence-gated exported mechanism edge.
NODE00061	target_gene	register_target_gene_layer	edge=M22B-E008374; evidence=M22B-EVID-008547
NODE00062	signaling_cascade	module20_24_export	Node participates in at least one evidence-gated exported mechanism edge.
NODE00062	target_gene	register_target_gene_layer	edge=M22B-E009103; evidence=M22B-EVID-009276
NODE00063	signaling_cascade	module20_24_export	Node participates in at least one evidence-gated exported mechanism edge.
NODE00063	target_gene	register_target_gene_layer	edge=M22B-E008003; evidence=M22B-EVID-008176 || edge=M22B-E008142; evidence=M22B-EVID-008315
NODE00064	signaling_cascade	module20_24_export	Node participates in at least one evidence-gated exported mechanism edge.
NODE00064	target_gene	register_target_gene_layer	edge=M22B-E008446; evidence=M22B-EVID-008619
NODE00065	signaling_cascade	module20_24_export	Node participates in at least one evidence-gated exported mechanism edge.
NODE00065	target_gene	register_target_gene_layer	edge=M22B-E008004; evidence=M22B-EVID-008177
NODE00066	signaling_cascade	module20_24_export	Node participates in at least one evidence-gated exported mechanism edge.
NODE00066	target_gene	register_target_gene_layer	edge=M22B-E008005; evidence=M22B-EVID-008178 || edge=M22B-E008281; evidence=M22B-EVID-008454
NODE00067	signaling_cascade	module20_24_export	Node participates in at least one evidence-gated exported mechanism edge.
NODE00067	target_gene	register_target_gene_layer	edge=M22B-E008282; evidence=M22B-EVID-008455 || edge=M22B-E008375; evidence=M22B-EVID-008548 || edge=M22B-E008741; evidence=M22B-EVID-008914
NODE00068	signaling_cascade	module20_24_export	Node participates in at least one evidence-gated exported mechanism edge.
NODE00068	target_gene	register_target_gene_layer	edge=M22B-E008753; evidence=M22B-EVID-008926
NODE00069	signaling_cascade	module20_24_export	Node participates in at least one evidence-gated exported mechanism edge.
NODE00069	target_gene	register_target_gene_layer	edge=M22B-E008754; evidence=M22B-EVID-008927
NODE00070	signaling_cascade	module20_24_export	Node participates in at least one evidence-gated exported mechanism edge.
NODE00070	target_gene	register_target_gene_layer	edge=M22B-E008755; evidence=M22B-EVID-008928
NODE00071	signaling_cascade	module20_24_export	Node participates in at least one evidence-gated exported mechanism edge.
NODE00071	target_gene	register_target_gene_layer	edge=M22B-E008756; evidence=M22B-EVID-008929
NODE00072	signaling_cascade	module20_24_export	Node participates in at least one evidence-gated exported mechanism edge.
NODE00072	target_gene	register_target_gene_layer	edge=M22B-E008757; evidence=M22B-EVID-008930
NODE00073	signaling_cascade	module20_24_export	Node participates in at least one evidence-gated exported mechanism edge.
NODE00073	target_gene	register_target_gene_layer	edge=M22B-E008006; evidence=M22B-EVID-008179 || edge=M22B-E008635; evidence=M22B-EVID-008808
NODE00074	signaling_cascade	module20_24_export	Node participates in at least one evidence-gated exported mechanism edge.
NODE00074	target_gene	register_target_gene_layer	edge=M22B-E008758; evidence=M22B-EVID-008931
NODE00075	signaling_cascade	module20_24_export	Node participates in at least one evidence-gated exported mechanism edge.
NODE00075	target_gene	register_target_gene_layer	edge=M22B-E008376; evidence=M22B-EVID-008549
NODE00076	signaling_cascade	module20_24_export	Node participates in at least one evidence-gated exported mechanism edge.
NODE00076	target_gene	register_target_gene_layer	edge=M22B-E008007; evidence=M22B-EVID-008180 || edge=M22B-E008143; evidence=M22B-EVID-008316 || edge=M22B-E008447; evidence=M22B-EVID-008620 || edge=M22B-E009104; evidence=M22B-EVID-009277
NODE00077	signaling_cascade	module20_24_export	Node participates in at least one evidence-gated exported mechanism edge.
NODE00077	target_gene	register_target_gene_layer	edge=M22B-E008759; evidence=M22B-EVID-008932
NODE00078	signaling_cascade	module20_24_export	Node participates in at least one evidence-gated exported mechanism edge.
NODE00078	target_gene	register_target_gene_layer	edge=M22B-E008448; evidence=M22B-EVID-008621
NODE00079	signaling_cascade	module20_24_export	Node participates in at least one evidence-gated exported mechanism edge.
NODE00079	target_gene	register_target_gene_layer	edge=M22B-E009105; evidence=M22B-EVID-009278
NODE00080	signaling_cascade	module20_24_export	Node participates in at least one evidence-gated exported mechanism edge.
NODE00080	target_gene	register_target_gene_layer	edge=M22B-E008377; evidence=M22B-EVID-008550
NODE00081	signaling_cascade	module20_24_export	Node participates in at least one evidence-gated exported mechanism edge.
NODE00081	target_gene	register_target_gene_layer	edge=M22B-E008449; evidence=M22B-EVID-008622
NODE00082	signaling_cascade	module20_24_export	Node participates in at least one evidence-gated exported mechanism edge.
NODE00082	target_gene	register_target_gene_layer	edge=M22B-E009106; evidence=M22B-EVID-009279
NODE00083	signaling_cascade	module20_24_export	Node participates in at least one evidence-gated exported mechanism edge.
NODE00083	target_gene	register_target_gene_layer	edge=M22B-E008144; evidence=M22B-EVID-008317 || edge=M22B-E008450; evidence=M22B-EVID-008623 || edge=M22B-E008760; evidence=M22B-EVID-008933
NODE00084	signaling_cascade	module20_24_export	Node participates in at least one evidence-gated exported mechanism edge.
NODE00084	target_gene	register_target_gene_layer	edge=M22B-E008145; evidence=M22B-EVID-008318
NODE00085	signaling_cascade	module20_24_export	Node participates in at least one evidence-gated exported mechanism edge.
NODE00085	target_gene	register_target_gene_layer	edge=M22B-E008008; evidence=M22B-EVID-008181 || edge=M22B-E008761; evidence=M22B-EVID-008934
NODE00086	signaling_cascade	module20_24_export	Node participates in at least one evidence-gated exported mechanism edge.
NODE00086	target_gene	register_target_gene_layer	edge=M22B-E008762; evidence=M22B-EVID-008935
NODE00087	signaling_cascade	module20_24_export	Node participates in at least one evidence-gated exported mechanism edge.
NODE00087	target_gene	register_target_gene_layer	edge=M22B-E008763; evidence=M22B-EVID-008936
NODE00088	signaling_cascade	module20_24_export	Node participates in at least one evidence-gated exported mechanism edge.
NODE00088	target_gene	register_target_gene_layer	edge=M22B-E009107; evidence=M22B-EVID-009280
NODE00089	signaling_cascade	module20_24_export	Node participates in at least one evidence-gated exported mechanism edge.
NODE00089	target_gene	register_target_gene_layer	edge=M22B-E007939; evidence=M22B-EVID-008112
NODE00090	signaling_cascade	module20_24_export	Node participates in at least one evidence-gated exported mechanism edge.
NODE00090	target_gene	register_target_gene_layer	edge=M22B-E007961; evidence=M22B-EVID-008134 || edge=M22B-E008636; evidence=M22B-EVID-008809
NODE00091	signaling_cascade	module20_24_export	Node participates in at least one evidence-gated exported mechanism edge.
NODE00091	target_gene	register_target_gene_layer	edge=M22B-E008764; evidence=M22B-EVID-008937
NODE00092	signaling_cascade	module20_24_export	Node participates in at least one evidence-gated exported mechanism edge.
NODE00092	target_gene	register_target_gene_layer	edge=M22B-E008451; evidence=M22B-EVID-008624
NODE00093	signaling_cascade	module20_24_export	Node participates in at least one evidence-gated exported mechanism edge.
NODE00093	target_gene	register_target_gene_layer	edge=M22B-E008742; evidence=M22B-EVID-008915
NODE00094	signaling_cascade	module20_24_export	Node participates in at least one evidence-gated exported mechanism edge.
NODE00094	target_gene	register_target_gene_layer	edge=M22B-E008595; evidence=M22B-EVID-008768
NODE00095	signaling_cascade	module20_24_export	Node participates in at least one evidence-gated exported mechanism edge.
NODE00095	target_gene	register_target_gene_layer	edge=M22B-E008009; evidence=M22B-EVID-008182
NODE00096	signaling_cascade	module20_24_export	Node participates in at least one evidence-gated exported mechanism edge.
NODE00096	target_gene	register_target_gene_layer	edge=M22B-E008765; evidence=M22B-EVID-008938
NODE00097	signaling_cascade	module20_24_export	Node participates in at least one evidence-gated exported mechanism edge.
NODE00097	target_gene	register_target_gene_layer	edge=M22B-E008452; evidence=M22B-EVID-008625 || edge=M22B-E008766; evidence=M22B-EVID-008939
NODE00098	signaling_cascade	module20_24_export	Node participates in at least one evidence-gated exported mechanism edge.
NODE00098	target_gene	register_target_gene_layer	edge=M22B-E009108; evidence=M22B-EVID-009281
NODE00099	signaling_cascade	module20_24_export	Node participates in at least one evidence-gated exported mechanism edge.
NODE00099	target_gene	register_target_gene_layer	edge=M22B-E008453; evidence=M22B-EVID-008626 || edge=M22B-E009109; evidence=M22B-EVID-009282
NODE00100	signaling_cascade	module20_24_export	Node participates in at least one evidence-gated exported mechanism edge.
NODE00100	target_gene	register_target_gene_layer	edge=M22B-E008767; evidence=M22B-EVID-008940
NODE00101	signaling_cascade	module20_24_export	Node participates in at least one evidence-gated exported mechanism edge.
NODE00101	target_gene	register_target_gene_layer	edge=M22B-E008768; evidence=M22B-EVID-008941
NODE00102	signaling_cascade	module20_24_export	Node participates in at least one evidence-gated exported mechanism edge.
NODE00102	target_gene	register_target_gene_layer	edge=M22B-E008146; evidence=M22B-EVID-008319
NODE00103	signaling_cascade	module20_24_export	Node participates in at least one evidence-gated exported mechanism edge.
NODE00103	target_gene	register_target_gene_layer	edge=M22B-E009110; evidence=M22B-EVID-009283
NODE00104	signaling_cascade	module20_24_export	Node participates in at least one evidence-gated exported mechanism edge.
NODE00104	target_gene	register_target_gene_layer	edge=M22B-E008769; evidence=M22B-EVID-008942 || edge=M22B-E009111; evidence=M22B-EVID-009284
NODE00105	signaling_cascade	module20_24_export	Node participates in at least one evidence-gated exported mechanism edge.
NODE00105	target_gene	register_target_gene_layer	edge=M22B-E008770; evidence=M22B-EVID-008943
NODE00106	signaling_cascade	module20_24_export	Node participates in at least one evidence-gated exported mechanism edge.
NODE00106	target_gene	register_target_gene_layer	edge=M22B-E008771; evidence=M22B-EVID-008944
NODE00107	signaling_cascade	module20_24_export	Node participates in at least one evidence-gated exported mechanism edge.
NODE00107	target_gene	register_target_gene_layer	edge=M22B-E008283; evidence=M22B-EVID-008456
NODE00108	signaling_cascade	module20_24_export	Node participates in at least one evidence-gated exported mechanism edge.
NODE00108	target_gene	register_target_gene_layer	edge=M22B-E008010; evidence=M22B-EVID-008183
NODE00109	signaling_cascade	module20_24_export	Node participates in at least one evidence-gated exported mechanism edge.
NODE00109	target_gene	register_target_gene_layer	edge=M22B-E008011; evidence=M22B-EVID-008184
NODE00110	signaling_cascade	module20_24_export	Node participates in at least one evidence-gated exported mechanism edge.
NODE00110	target_gene	register_target_gene_layer	edge=M22B-E008772; evidence=M22B-EVID-008945
NODE00111	signaling_cascade	module20_24_export	Node participates in at least one evidence-gated exported mechanism edge.
NODE00111	target_gene	register_target_gene_layer	edge=M22B-E008773; evidence=M22B-EVID-008946
NODE00112	signaling_cascade	module20_24_export	Node participates in at least one evidence-gated exported mechanism edge.
NODE00113	signaling_cascade	module20_24_export	Node participates in at least one evidence-gated exported mechanism edge.
NODE00114	signaling_cascade	module20_24_export	Node participates in at least one evidence-gated exported mechanism edge.
NODE00115	signaling_cascade	module20_24_export	Node participates in at least one evidence-gated exported mechanism edge.
NODE00115	target_gene	register_target_gene_layer	edge=M22B-E008454; evidence=M22B-EVID-008627
NODE00116	signaling_cascade	module20_24_export	Node participates in at least one evidence-gated exported mechanism edge.
NODE00116	target_gene	register_target_gene_layer	edge=M22B-E008774; evidence=M22B-EVID-008947
NODE00117	signaling_cascade	module20_24_export	Node participates in at least one evidence-gated exported mechanism edge.
NODE00117	target_gene	register_target_gene_layer	edge=M22B-E008455; evidence=M22B-EVID-008628
NODE00118	signaling_cascade	module20_24_export	Node participates in at least one evidence-gated exported mechanism edge.
NODE00118	target_gene	register_target_gene_layer	edge=M22B-E008012; evidence=M22B-EVID-008185
NODE00119	signaling_cascade	module20_24_export	Node participates in at least one evidence-gated exported mechanism edge.
NODE00119	target_gene	register_target_gene_layer	edge=M22B-E008775; evidence=M22B-EVID-008948
NODE00120	signaling_cascade	module20_24_export	Node participates in at least one evidence-gated exported mechanism edge.
NODE00120	target_gene	register_target_gene_layer	edge=M22B-E008013; evidence=M22B-EVID-008186 || edge=M22B-E008284; evidence=M22B-EVID-008457 || edge=M22B-E008637; evidence=M22B-EVID-008810 || edge=M22B-E009084; evidence=M22B-EVID-009257
NODE00121	signaling_cascade	module20_24_export	Node participates in at least one evidence-gated exported mechanism edge.
NODE00121	target_gene	register_target_gene_layer	edge=M22B-E008147; evidence=M22B-EVID-008320 || edge=M22B-E008456; evidence=M22B-EVID-008629
NODE00122	signaling_cascade	module20_24_export	Node participates in at least one evidence-gated exported mechanism edge.
NODE00122	target_gene	register_target_gene_layer	edge=M22B-E008014; evidence=M22B-EVID-008187
NODE00123	signaling_cascade	module20_24_export	Node participates in at least one evidence-gated exported mechanism edge.
NODE00123	target_gene	register_target_gene_layer	edge=M22B-E008776; evidence=M22B-EVID-008949
NODE00124	signaling_cascade	module20_24_export	Node participates in at least one evidence-gated exported mechanism edge.
NODE00124	target_gene	register_target_gene_layer	edge=M22B-E008777; evidence=M22B-EVID-008950
NODE00125	signaling_cascade	module20_24_export	Node participates in at least one evidence-gated exported mechanism edge.
NODE00125	target_gene	register_target_gene_layer	edge=M22B-E010016; evidence=M22B-EVID-010189
NODE00126	ligand	register_ligand_receptor_layer	edge=M20B-E002399; evidence=M20B-EVID-002399
NODE00126	signaling_cascade	module20_24_export	Node participates in at least one evidence-gated exported mechanism edge.
NODE00126	target_gene	register_target_gene_layer	edge=M22B-E007346; evidence=M22B-EVID-007519
NODE00127	signaling_cascade	module20_24_export	Node participates in at least one evidence-gated exported mechanism edge.
NODE00127	target_gene	register_target_gene_layer	edge=M22B-E008778; evidence=M22B-EVID-008951
NODE00128	signaling_cascade	module20_24_export	Node participates in at least one evidence-gated exported mechanism edge.
NODE00128	target_gene	register_target_gene_layer	edge=M22B-E008596; evidence=M22B-EVID-008769
NODE00129	signaling_cascade	module20_24_export	Node participates in at least one evidence-gated exported mechanism edge.
NODE00130	signaling_cascade	module20_24_export	Node participates in at least one evidence-gated exported mechanism edge.
NODE00131	signaling_cascade	module20_24_export	Node participates in at least one evidence-gated exported mechanism edge.
NODE00132	signaling_cascade	module20_24_export	Node participates in at least one evidence-gated exported mechanism edge.
NODE00133	signaling_cascade	module20_24_export	Node participates in at least one evidence-gated exported mechanism edge.
NODE00134	receptor	register_ligand_receptor_layer	edge=M20B-E002586; evidence=M20B-EVID-002586 || edge=M20B-E002619; evidence=M20B-EVID-002619 || edge=M20B-E004538; evidence=M20B-EVID-004538;M20B-EVID-004538-P2-DIRECT;M20B-EVID-004538-P2-FUNC;M20B-EVID-004538-P2-RELAY
NODE00134	signaling_cascade	module20_24_export	Node participates in at least one evidence-gated exported mechanism edge.
NODE00134	target_gene	register_target_gene_layer	edge=M22B-E006304; evidence=M22B-EVID-006477 || edge=M22B-E008457; evidence=M22B-EVID-008630 || edge=M22B-E009520; evidence=M22B-EVID-009693 || edge=M22B-E009974; evidence=M22B-EVID-010147 || edge=M22B-E010247; evidence=M22B-EVID-010420 || edge=M22B-E010248; evidence=M22B-EVID-010421
NODE00135	signaling_cascade	module20_24_export	Node participates in at least one evidence-gated exported mechanism edge.
NODE00136	signaling_cascade	module20_24_export	Node participates in at least one evidence-gated exported mechanism edge.
NODE00136	target_gene	register_target_gene_layer	edge=M22B-E005839; evidence=M22B-EVID-006012
NODE00137	signaling_cascade	module20_24_export	Node participates in at least one evidence-gated exported mechanism edge.
NODE00137	target_gene	register_target_gene_layer	edge=M22B-E010072; evidence=M22B-EVID-010245
NODE00138	signaling_cascade	module20_24_export	Node participates in at least one evidence-gated exported mechanism edge.
NODE00138	target_gene	register_target_gene_layer	edge=M22B-E005794; evidence=M22B-EVID-005967 || edge=M22B-E005840; evidence=M22B-EVID-006013 || edge=M22B-E005979; evidence=M22B-EVID-006152 || edge=M22B-E006479; evidence=M22B-EVID-006652 || edge=M22B-E007024; evidence=M22B-EVID-007197 || edge=M22B-E007661; evidence=M22B-EVID-007834 || edge=M22B-E010079; evidence=M22B-EVID-010252
NODE00139	signaling_cascade	module20_24_export	Node participates in at least one evidence-gated exported mechanism edge.
NODE00139	target_gene	register_target_gene_layer	edge=M22B-E007962; evidence=M22B-EVID-008135 || edge=M22B-E008015; evidence=M22B-EVID-008188 || edge=M22B-E008148; evidence=M22B-EVID-008321 || edge=M22B-E008458; evidence=M22B-EVID-008631 || edge=M22B-E008638; evidence=M22B-EVID-008811 || edge=M22B-E009112; evidence=M22B-EVID-009285
NODE00140	signaling_cascade	module20_24_export	Node participates in at least one evidence-gated exported mechanism edge.
NODE00140	target_gene	register_target_gene_layer	edge=M22B-E009521; evidence=M22B-EVID-009694
NODE00141	signaling_cascade	module20_24_export	Node participates in at least one evidence-gated exported mechanism edge.
NODE00141	target_gene	register_target_gene_layer	edge=M22B-E005980; evidence=M22B-EVID-006153 || edge=M22B-E007025; evidence=M22B-EVID-007198 || edge=M22B-E007662; evidence=M22B-EVID-007835 || edge=M22B-E008149; evidence=M22B-EVID-008322 || edge=M22B-E009113; evidence=M22B-EVID-009286
NODE00142	signaling_cascade	module20_24_export	Node participates in at least one evidence-gated exported mechanism edge.
NODE00142	target_gene	register_target_gene_layer	edge=M22B-E006225; evidence=M22B-EVID-006398 || edge=M22B-E008378; evidence=M22B-EVID-008551
NODE00143	signaling_cascade	module20_24_export	Node participates in at least one evidence-gated exported mechanism edge.
NODE00143	target_gene	register_target_gene_layer	edge=M22B-E007026; evidence=M22B-EVID-007199
NODE00144	signaling_cascade	module20_24_export	Node participates in at least one evidence-gated exported mechanism edge.
NODE00144	target_gene	register_target_gene_layer	edge=M22B-E006305; evidence=M22B-EVID-006478
NODE00145	signaling_cascade	module20_24_export	Node participates in at least one evidence-gated exported mechanism edge.
NODE00146	signaling_cascade	module20_24_export	Node participates in at least one evidence-gated exported mechanism edge.
NODE00147	signaling_cascade	module20_24_export	Node participates in at least one evidence-gated exported mechanism edge.
NODE00148	signaling_cascade	module20_24_export	Node participates in at least one evidence-gated exported mechanism edge.
NODE00149	signaling_cascade	module20_24_export	Node participates in at least one evidence-gated exported mechanism edge.
NODE00149	target_gene	register_target_gene_layer	edge=M22B-E005841; evidence=M22B-EVID-006014
NODE00150	signaling_cascade	module20_24_export	Node participates in at least one evidence-gated exported mechanism edge.
NODE00151	signaling_cascade	module20_24_export	Node participates in at least one evidence-gated exported mechanism edge.
NODE00151	target_gene	register_target_gene_layer	edge=M22B-E009809; evidence=M22B-EVID-009982
NODE00152	signaling_cascade	module20_24_export	Node participates in at least one evidence-gated exported mechanism edge.
NODE00153	signaling_cascade	module20_24_export	Node participates in at least one evidence-gated exported mechanism edge.
NODE00154	signaling_cascade	module20_24_export	Node participates in at least one evidence-gated exported mechanism edge.
NODE00154	target_gene	register_target_gene_layer	edge=M22B-E006601; evidence=M22B-EVID-006774 || edge=M22B-E008779; evidence=M22B-EVID-008952
NODE00155	signaling_cascade	module20_24_export	Node participates in at least one evidence-gated exported mechanism edge.
NODE00155	target_gene	register_target_gene_layer	edge=M22B-E007027; evidence=M22B-EVID-007200
NODE00156	signaling_cascade	module20_24_export	Node participates in at least one evidence-gated exported mechanism edge.
NODE00157	signaling_cascade	module20_24_export	Node participates in at least one evidence-gated exported mechanism edge.
NODE00158	signaling_cascade	module20_24_export	Node participates in at least one evidence-gated exported mechanism edge.
NODE00159	signaling_cascade	module20_24_export	Node participates in at least one evidence-gated exported mechanism edge.
NODE00160	signaling_cascade	module20_24_export	Node participates in at least one evidence-gated exported mechanism edge.
NODE00161	signaling_cascade	module20_24_export	Node participates in at least one evidence-gated exported mechanism edge.
NODE00161	target_gene	register_target_gene_layer	edge=M22B-E005842; evidence=M22B-EVID-006015 || edge=M22B-E006602; evidence=M22B-EVID-006775 || edge=M22B-E008016; evidence=M22B-EVID-008189 || edge=M22B-E008780; evidence=M22B-EVID-008953 || edge=M22B-E009398; evidence=M22B-EVID-009571
NODE00162	signaling_cascade	module20_24_export	Node participates in at least one evidence-gated exported mechanism edge.
NODE00163	signaling_cascade	module20_24_export	Node participates in at least one evidence-gated exported mechanism edge.
NODE00163	target_gene	register_target_gene_layer	edge=M22B-E009399; evidence=M22B-EVID-009572
NODE00164	signaling_cascade	module20_24_export	Node participates in at least one evidence-gated exported mechanism edge.
NODE00165	signaling_cascade	module20_24_export	Node participates in at least one evidence-gated exported mechanism edge.
NODE00166	signaling_cascade	module20_24_export	Node participates in at least one evidence-gated exported mechanism edge.
NODE00167	signaling_cascade	module20_24_export	Node participates in at least one evidence-gated exported mechanism edge.
NODE00167	target_gene	register_target_gene_layer	edge=M22B-E005843; evidence=M22B-EVID-006016 || edge=M22B-E008017; evidence=M22B-EVID-008190 || edge=M22B-E010271; evidence=M22B-EVID-010444
NODE00168	signaling_cascade	module20_24_export	Node participates in at least one evidence-gated exported mechanism edge.
NODE00169	receptor	register_ligand_receptor_layer	edge=M20B-E001840; evidence=M20B-EVID-001840 || edge=M20B-E001841; evidence=M20B-EVID-001841 || edge=M20B-E001843; evidence=M20B-EVID-001843;M20B-EVID-005254-P2-DIRECT;M20B-EVID-005255-P2-FUNC
NODE00169	signaling_cascade	module20_24_export	Node participates in at least one evidence-gated exported mechanism edge.
NODE00169	target_gene	register_target_gene_layer	edge=M22B-E010217; evidence=M22B-EVID-010390
NODE00170	signaling_cascade	module20_24_export	Node participates in at least one evidence-gated exported mechanism edge.
NODE00171	receptor	register_ligand_receptor_layer	edge=M20B-E001778; evidence=M20B-EVID-001778 || edge=M20B-E001779; evidence=M20B-EVID-001779 || edge=M20B-E001780; evidence=M20B-EVID-001780;M20B-EVID-005344-P2-DIRECT;M20B-EVID-005345-P2-FUNC || edge=M20B-E001783; evidence=M20B-EVID-001783 || edge=M20B-E001788; evidence=M20B-EVID-001788 || edge=M20B-E001849; evidence=M20B-EVID-001849 || edge=M20B-E001852; evidence=M20B-EVID-001852 || edge=M20B-E002824; evidence=M20B-EVID-002824
NODE00171	signaling_cascade	module20_24_export	Node participates in at least one evidence-gated exported mechanism edge.
NODE00172	signaling_cascade	module20_24_export	Node participates in at least one evidence-gated exported mechanism edge.
NODE00173	receptor	register_ligand_receptor_layer	edge=M20B-E002478; evidence=M20B-EVID-002478 || edge=M20B-E005362; evidence=M20B-EVID-005362
NODE00173	signaling_cascade	module20_24_export	Node participates in at least one evidence-gated exported mechanism edge.
NODE00173	target_gene	register_target_gene_layer	edge=M22B-E010219; evidence=M22B-EVID-010392
NODE00174	signaling_cascade	module20_24_export	Node participates in at least one evidence-gated exported mechanism edge.
NODE00175	signaling_cascade	module20_24_export	Node participates in at least one evidence-gated exported mechanism edge.
NODE00176	receptor	register_ligand_receptor_layer	edge=M20B-E001782; evidence=M20B-EVID-001782 || edge=M20B-E001785; evidence=M20B-EVID-001785 || edge=M20B-E001842; evidence=M20B-EVID-001842;M20B-EVID-005248-P2-DIRECT;M20B-EVID-005249-P2-RELAY;M20B-EVID-005250-P2-FUNC || edge=M20B-E001844; evidence=M20B-EVID-001844;M20B-EVID-005251-P2-DIRECT;M20B-EVID-005252-P2-RELAY;M20B-EVID-005253-P2-FUNC || edge=M20B-E001845; evidence=M20B-EVID-001845 || edge=M20B-E001846; evidence=M20B-EVID-001846 || edge=M20B-E001847; evidence=M20B-EVID-001847 || edge=M20B-E001848; evidence=M20B-EVID-001848 || edge=M20B-E002837; evidence=M20B-EVID-002837;M20B-EVID-005293-P2-DIRECT;M20B-EVID-005294-P2-RELAY
NODE00176	signaling_cascade	module20_24_export	Node participates in at least one evidence-gated exported mechanism edge.
NODE00177	signaling_cascade	module20_24_export	Node participates in at least one evidence-gated exported mechanism edge.
NODE00178	signaling_cascade	module20_24_export	Node participates in at least one evidence-gated exported mechanism edge.
NODE00178	target_gene	register_target_gene_layer	edge=M22B-E006603; evidence=M22B-EVID-006776
NODE00179	signaling_cascade	module20_24_export	Node participates in at least one evidence-gated exported mechanism edge.
NODE00179	target_gene	register_target_gene_layer	edge=M22B-E006604; evidence=M22B-EVID-006777 || edge=M22B-E008781; evidence=M22B-EVID-008954
NODE00180	signaling_cascade	module20_24_export	Node participates in at least one evidence-gated exported mechanism edge.
NODE00181	signaling_cascade	module20_24_export	Node participates in at least one evidence-gated exported mechanism edge.
NODE00181	target_gene	register_target_gene_layer	edge=M22B-E006605; evidence=M22B-EVID-006778 || edge=M22B-E008782; evidence=M22B-EVID-008955
NODE00182	signaling_cascade	module20_24_export	Node participates in at least one evidence-gated exported mechanism edge.
NODE00182	target_gene	register_target_gene_layer	edge=M22B-E006135; evidence=M22B-EVID-006308 || edge=M22B-E006606; evidence=M22B-EVID-006779 || edge=M22B-E008285; evidence=M22B-EVID-008458 || edge=M22B-E008783; evidence=M22B-EVID-008956
NODE00183	signaling_cascade	module20_24_export	Node participates in at least one evidence-gated exported mechanism edge.
NODE00183	target_gene	register_target_gene_layer	edge=M22B-E009810; evidence=M22B-EVID-009983
NODE00184	signaling_cascade	module20_24_export	Node participates in at least one evidence-gated exported mechanism edge.
NODE00184	target_gene	register_target_gene_layer	edge=M22B-E006480; evidence=M22B-EVID-006653 || edge=M22B-E008639; evidence=M22B-EVID-008812
NODE00185	signaling_cascade	module20_24_export	Node participates in at least one evidence-gated exported mechanism edge.
NODE00186	signaling_cascade	module20_24_export	Node participates in at least one evidence-gated exported mechanism edge.
NODE00186	target_gene	register_target_gene_layer	edge=M22B-E009811; evidence=M22B-EVID-009984
NODE00187	signaling_cascade	module20_24_export	Node participates in at least one evidence-gated exported mechanism edge.
NODE00188	signaling_cascade	module20_24_export	Node participates in at least one evidence-gated exported mechanism edge.
NODE00188	target_gene	register_target_gene_layer	edge=M22B-E006136; evidence=M22B-EVID-006309 || edge=M22B-E006481; evidence=M22B-EVID-006654 || edge=M22B-E007028; evidence=M22B-EVID-007201 || edge=M22B-E008286; evidence=M22B-EVID-008459 || edge=M22B-E008640; evidence=M22B-EVID-008813
NODE00189	signaling_cascade	module20_24_export	Node participates in at least one evidence-gated exported mechanism edge.
NODE00189	target_gene	register_target_gene_layer	edge=M22B-E007663; evidence=M22B-EVID-007836 || edge=M22B-E009114; evidence=M22B-EVID-009287 || edge=M22B-E009812; evidence=M22B-EVID-009985
NODE00190	signaling_cascade	module20_24_export	Node participates in at least one evidence-gated exported mechanism edge.
NODE00190	target_gene	register_target_gene_layer	edge=M22B-E007029; evidence=M22B-EVID-007202
NODE00191	signaling_cascade	module20_24_export	Node participates in at least one evidence-gated exported mechanism edge.
NODE00191	target_gene	register_target_gene_layer	edge=M22B-E006607; evidence=M22B-EVID-006780 || edge=M22B-E008784; evidence=M22B-EVID-008957
NODE00192	signaling_cascade	module20_24_export	Node participates in at least one evidence-gated exported mechanism edge.
NODE00193	signaling_cascade	module20_24_export	Node participates in at least one evidence-gated exported mechanism edge.
NODE00194	ligand	register_ligand_receptor_layer	edge=M23B-E000094; evidence=M23B-EVID-000156
NODE00194	signaling_cascade	module20_24_export	Node participates in at least one evidence-gated exported mechanism edge.
NODE00195	signaling_cascade	module20_24_export	Node participates in at least one evidence-gated exported mechanism edge.
NODE00196	signaling_cascade	module20_24_export	Node participates in at least one evidence-gated exported mechanism edge.
NODE00197	signaling_cascade	module20_24_export	Node participates in at least one evidence-gated exported mechanism edge.
NODE00198	signaling_cascade	module20_24_export	Node participates in at least one evidence-gated exported mechanism edge.
NODE00199	signaling_cascade	module20_24_export	Node participates in at least one evidence-gated exported mechanism edge.
NODE00200	signaling_cascade	module20_24_export	Node participates in at least one evidence-gated exported mechanism edge.
NODE00201	signaling_cascade	module20_24_export	Node participates in at least one evidence-gated exported mechanism edge.
NODE00202	signaling_cascade	module20_24_export	Node participates in at least one evidence-gated exported mechanism edge.
NODE00203	signaling_cascade	module20_24_export	Node participates in at least one evidence-gated exported mechanism edge.
NODE00204	signaling_cascade	module20_24_export	Node participates in at least one evidence-gated exported mechanism edge.
NODE00205	signaling_cascade	module20_24_export	Node participates in at least one evidence-gated exported mechanism edge.
NODE00206	signaling_cascade	module20_24_export	Node participates in at least one evidence-gated exported mechanism edge.
NODE00207	signaling_cascade	module20_24_export	Node participates in at least one evidence-gated exported mechanism edge.
NODE00208	signaling_cascade	module20_24_export	Node participates in at least one evidence-gated exported mechanism edge.
NODE00209	signaling_cascade	module20_24_export	Node participates in at least one evidence-gated exported mechanism edge.
NODE00210	signaling_cascade	module20_24_export	Node participates in at least one evidence-gated exported mechanism edge.
NODE00211	signaling_cascade	module20_24_export	Node participates in at least one evidence-gated exported mechanism edge.
NODE00212	signaling_cascade	module20_24_export	Node participates in at least one evidence-gated exported mechanism edge.
NODE00213	receptor	register_ligand_receptor_layer	edge=M20B-E002711; evidence=M20B-EVID-002711 || edge=M20B-E002742; evidence=M20B-EVID-002742 || edge=M20B-E003530; evidence=M20B-EVID-003530 || edge=M20B-E003541; evidence=M20B-EVID-003541
NODE00213	signaling_cascade	module20_24_export	Node participates in at least one evidence-gated exported mechanism edge.
NODE00214	receptor	register_ligand_receptor_layer	edge=M20B-E002712; evidence=M20B-EVID-002712
NODE00214	signaling_cascade	module20_24_export	Node participates in at least one evidence-gated exported mechanism edge.
NODE00215	signaling_cascade	module20_24_export	Node participates in at least one evidence-gated exported mechanism edge.
NODE00216	signaling_cascade	module20_24_export	Node participates in at least one evidence-gated exported mechanism edge.
NODE00217	receptor	register_ligand_receptor_layer	edge=M20B-E001818; evidence=M20B-EVID-001818 || edge=M20B-E001827; evidence=M20B-EVID-001827;M20B-EVID-005239-P2-FUNC;M20B-EVID-005239-P2-RELAY
NODE00217	signaling_cascade	module20_24_export	Node participates in at least one evidence-gated exported mechanism edge.
NODE00218	receptor	register_ligand_receptor_layer	edge=M20B-E001819; evidence=M20B-EVID-001819 || edge=M20B-E001828; evidence=M20B-EVID-001828
NODE00218	signaling_cascade	module20_24_export	Node participates in at least one evidence-gated exported mechanism edge.
NODE00219	receptor	register_ligand_receptor_layer	edge=M20B-E002544; evidence=M20B-EVID-002544
NODE00219	signaling_cascade	module20_24_export	Node participates in at least one evidence-gated exported mechanism edge.
NODE00220	receptor	register_ligand_receptor_layer	edge=M20B-E001820; evidence=M20B-EVID-001820 || edge=M20B-E001829; evidence=M20B-EVID-001829;M20B-EVID-005242-P2-RELAY;M20B-EVID-PROMO-20260826-012
NODE00220	signaling_cascade	module20_24_export	Node participates in at least one evidence-gated exported mechanism edge.
NODE00221	receptor	register_ligand_receptor_layer	edge=M20B-E005041; evidence=M20B-EVID-005041
NODE00221	signaling_cascade	module20_24_export	Node participates in at least one evidence-gated exported mechanism edge.
NODE00222	signaling_cascade	module20_24_export	Node participates in at least one evidence-gated exported mechanism edge.
NODE00223	signaling_cascade	module20_24_export	Node participates in at least one evidence-gated exported mechanism edge.
NODE00224	signaling_cascade	module20_24_export	Node participates in at least one evidence-gated exported mechanism edge.
NODE00225	receptor	register_ligand_receptor_layer	edge=M20B-E003532; evidence=M20B-EVID-003532 || edge=M20B-E003542; evidence=M20B-EVID-003542 || edge=M20B-E003555; evidence=M20B-EVID-003555 || edge=M20B-E004331; evidence=M20B-EVID-004331;M20B-EVID-004331-P2-DIRECT;M20B-EVID-004331-P2-FUNC;M20B-EVID-004331-P2-RELAY
NODE00225	signaling_cascade	module20_24_export	Node participates in at least one evidence-gated exported mechanism edge.
NODE00226	receptor	register_ligand_receptor_layer	edge=M20B-E003533; evidence=M20B-EVID-003533 || edge=M20B-E003556; evidence=M20B-EVID-003556 || edge=M20B-E004333; evidence=M20B-EVID-004333;M20B-EVID-004333-P2-DIRECT;M20B-EVID-004333-P2-FUNC;M20B-EVID-004333-P2-RELAY
NODE00226	signaling_cascade	module20_24_export	Node participates in at least one evidence-gated exported mechanism edge.
NODE00227	signaling_cascade	module20_24_export	Node participates in at least one evidence-gated exported mechanism edge.
NODE00228	receptor	register_ligand_receptor_layer	edge=M20B-E004335; evidence=M20B-EVID-004335;M20B-EVID-004335-P2-DIRECT;M20B-EVID-004335-P2-FUNC;M20B-EVID-004335-P2-RELAY
NODE00228	signaling_cascade	module20_24_export	Node participates in at least one evidence-gated exported mechanism edge.
NODE00229	receptor	register_ligand_receptor_layer	edge=M20B-E003543; evidence=M20B-EVID-003543
NODE00229	signaling_cascade	module20_24_export	Node participates in at least one evidence-gated exported mechanism edge.
NODE00230	signaling_cascade	module20_24_export	Node participates in at least one evidence-gated exported mechanism edge.
NODE00231	signaling_cascade	module20_24_export	Node participates in at least one evidence-gated exported mechanism edge.
NODE00232	signaling_cascade	module20_24_export	Node participates in at least one evidence-gated exported mechanism edge.
NODE00233	receptor	register_ligand_receptor_layer	edge=M20B-E003534; evidence=M20B-EVID-003534 || edge=M20B-E003557; evidence=M20B-EVID-003557
NODE00233	signaling_cascade	module20_24_export	Node participates in at least one evidence-gated exported mechanism edge.
NODE00234	receptor	register_ligand_receptor_layer	edge=M20B-E003535; evidence=M20B-EVID-003535 || edge=M20B-E003558; evidence=M20B-EVID-003558
NODE00234	signaling_cascade	module20_24_export	Node participates in at least one evidence-gated exported mechanism edge.
NODE00235	signaling_cascade	module20_24_export	Node participates in at least one evidence-gated exported mechanism edge.
NODE00236	signaling_cascade	module20_24_export	Node participates in at least one evidence-gated exported mechanism edge.
NODE00237	signaling_cascade	module20_24_export	Node participates in at least one evidence-gated exported mechanism edge.
NODE00238	receptor	register_ligand_receptor_layer	edge=M20B-E003552; evidence=M20B-EVID-003552
NODE00238	signaling_cascade	module20_24_export	Node participates in at least one evidence-gated exported mechanism edge.
NODE00239	receptor	register_ligand_receptor_layer	edge=M20B-E003560; evidence=M20B-EVID-003560 || edge=M20B-E003564; evidence=M20B-EVID-003564 || edge=M20B-E003568; evidence=M20B-EVID-003568
NODE00239	signaling_cascade	module20_24_export	Node participates in at least one evidence-gated exported mechanism edge.
NODE00240	receptor	register_ligand_receptor_layer	edge=M20B-E003561; evidence=M20B-EVID-003561 || edge=M20B-E003565; evidence=M20B-EVID-003565 || edge=M20B-E003569; evidence=M20B-EVID-003569
NODE00240	signaling_cascade	module20_24_export	Node participates in at least one evidence-gated exported mechanism edge.
NODE00241	signaling_cascade	module20_24_export	Node participates in at least one evidence-gated exported mechanism edge.
NODE00242	signaling_cascade	module20_24_export	Node participates in at least one evidence-gated exported mechanism edge.
NODE00242	target_gene	register_target_gene_layer	edge=M22B-E010665; evidence=M22B-EVID-010759 || edge=M22B-E010666; evidence=M22B-EVID-010759
NODE00243	signaling_cascade	module20_24_export	Node participates in at least one evidence-gated exported mechanism edge.
NODE00244	signaling_cascade	module20_24_export	Node participates in at least one evidence-gated exported mechanism edge.
NODE00245	signaling_cascade	module20_24_export	Node participates in at least one evidence-gated exported mechanism edge.
NODE00246	signaling_cascade	module20_24_export	Node participates in at least one evidence-gated exported mechanism edge.
NODE00247	receptor	register_ligand_receptor_layer	edge=M20B-E003553; evidence=M20B-EVID-003553;M20B-EVID-PROMO-20260826-044
NODE00247	signaling_cascade	module20_24_export	Node participates in at least one evidence-gated exported mechanism edge.
NODE00248	receptor	register_ligand_receptor_layer	edge=M20B-E003562; evidence=M20B-EVID-003562 || edge=M20B-E003566; evidence=M20B-EVID-003566 || edge=M20B-E003570; evidence=M20B-EVID-003570
NODE00248	signaling_cascade	module20_24_export	Node participates in at least one evidence-gated exported mechanism edge.
NODE00249	receptor	register_ligand_receptor_layer	edge=M20B-E003563; evidence=M20B-EVID-003563 || edge=M20B-E003567; evidence=M20B-EVID-003567 || edge=M20B-E003571; evidence=M20B-EVID-003571
NODE00249	signaling_cascade	module20_24_export	Node participates in at least one evidence-gated exported mechanism edge.
NODE00250	receptor	register_ligand_receptor_layer	edge=M20B-E003545; evidence=M20B-EVID-003545
NODE00250	signaling_cascade	module20_24_export	Node participates in at least one evidence-gated exported mechanism edge.
NODE00251	receptor	register_ligand_receptor_layer	edge=M20B-E005043; evidence=M20B-EVID-005043
NODE00251	signaling_cascade	module20_24_export	Node participates in at least one evidence-gated exported mechanism edge.
NODE00252	signaling_cascade	module20_24_export	Node participates in at least one evidence-gated exported mechanism edge.
NODE00253	signaling_cascade	module20_24_export	Node participates in at least one evidence-gated exported mechanism edge.
NODE00254	signaling_cascade	module20_24_export	Node participates in at least one evidence-gated exported mechanism edge.
NODE00255	receptor	register_ligand_receptor_layer	edge=M20B-E001803; evidence=M20B-EVID-001803;M20B-EVID-PROMO-20260826-005
NODE00255	signaling_cascade	module20_24_export	Node participates in at least one evidence-gated exported mechanism edge.
NODE00256	receptor	register_ligand_receptor_layer	edge=M20B-E001804; evidence=M20B-EVID-001804;M20B-EVID-PROMO-20260826-006
NODE00256	signaling_cascade	module20_24_export	Node participates in at least one evidence-gated exported mechanism edge.
NODE00257	signaling_cascade	module20_24_export	Node participates in at least one evidence-gated exported mechanism edge.
NODE00257	target_gene	register_target_gene_layer	edge=M22B-E006608; evidence=M22B-EVID-006781 || edge=M22B-E008785; evidence=M22B-EVID-008958
NODE00258	ligand	register_ligand_receptor_layer	edge=M20B-E002407; evidence=M20B-EVID-002407
NODE00258	signaling_cascade	module20_24_export	Node participates in at least one evidence-gated exported mechanism edge.
NODE00258	target_gene	register_target_gene_layer	edge=M22B-E007030; evidence=M22B-EVID-007203 || edge=M22B-E007664; evidence=M22B-EVID-007837 || edge=M22B-E009115; evidence=M22B-EVID-009288
NODE00259	ligand	register_ligand_receptor_layer	edge=M23B-E000452; evidence=M23B-EVID-000632 || edge=M23B-E000454; evidence=M23B-EVID-000634 || edge=M23B-E000456; evidence=M23B-EVID-000636
NODE00259	signaling_cascade	module20_24_export	Node participates in at least one evidence-gated exported mechanism edge.
NODE00259	target_gene	register_target_gene_layer	edge=M22B-E007031; evidence=M22B-EVID-007204
NODE00260	signaling_cascade	module20_24_export	Node participates in at least one evidence-gated exported mechanism edge.
NODE00261	signaling_cascade	module20_24_export	Node participates in at least one evidence-gated exported mechanism edge.
NODE00262	signaling_cascade	module20_24_export	Node participates in at least one evidence-gated exported mechanism edge.
NODE00263	ligand	register_ligand_receptor_layer	edge=M20B-E002428; evidence=M20B-EVID-002428 || edge=M23B-E000460; evidence=M23B-EVID-000640
NODE00263	signaling_cascade	module20_24_export	Node participates in at least one evidence-gated exported mechanism edge.
NODE00264	ligand	register_ligand_receptor_layer	edge=M23B-E000462; evidence=M23B-EVID-000642
NODE00264	signaling_cascade	module20_24_export	Node participates in at least one evidence-gated exported mechanism edge.
NODE00265	signaling_cascade	module20_24_export	Node participates in at least one evidence-gated exported mechanism edge.
NODE00266	signaling_cascade	module20_24_export	Node participates in at least one evidence-gated exported mechanism edge.
NODE00267	signaling_cascade	module20_24_export	Node participates in at least one evidence-gated exported mechanism edge.
NODE00268	signaling_cascade	module20_24_export	Node participates in at least one evidence-gated exported mechanism edge.
NODE00269	ligand	register_ligand_receptor_layer	edge=M20B-E002437; evidence=M20B-EVID-002437
NODE00269	signaling_cascade	module20_24_export	Node participates in at least one evidence-gated exported mechanism edge.
NODE00269	target_gene	register_target_gene_layer	edge=M22B-E006306; evidence=M22B-EVID-006479 || edge=M22B-E007032; evidence=M22B-EVID-007205 || edge=M22B-E008459; evidence=M22B-EVID-008632
NODE00270	signaling_cascade	module20_24_export	Node participates in at least one evidence-gated exported mechanism edge.
NODE00271	signaling_cascade	module20_24_export	Node participates in at least one evidence-gated exported mechanism edge.
NODE00272	ligand	register_ligand_receptor_layer	edge=M20B-E002441; evidence=M20B-EVID-002441 || edge=M20B-E002443; evidence=M20B-EVID-002443 || edge=M20B-E002445; evidence=M20B-EVID-002445
NODE00272	signaling_cascade	module20_24_export	Node participates in at least one evidence-gated exported mechanism edge.
NODE00273	signaling_cascade	module20_24_export	Node participates in at least one evidence-gated exported mechanism edge.
NODE00274	receptor	register_ligand_receptor_layer	edge=M20B-E004134; evidence=M20B-EVID-004134 || edge=M20B-E004143; evidence=M20B-EVID-004143;M20B-EVID-004143-P2-DIRECT;M20B-EVID-004143-P2-FUNC;M20B-EVID-004143-P2-RELAY || edge=M23B-E000970; evidence=M23B-EVID-001315
NODE00274	signaling_cascade	module20_24_export	Node participates in at least one evidence-gated exported mechanism edge.
NODE00275	signaling_cascade	module20_24_export	Node participates in at least one evidence-gated exported mechanism edge.
NODE00276	receptor	register_ligand_receptor_layer	edge=M20B-E004135; evidence=M20B-EVID-004135;M20B-EVID-004135-P2-DIRECT;M20B-EVID-004135-P2-FUNC;M20B-EVID-004135-P2-RELAY || edge=M20B-E004138; evidence=M20B-EVID-004138;M20B-EVID-004138-P2-DIRECT;M20B-EVID-004138-P2-FUNC;M20B-EVID-004138-P2-RELAY || edge=M20B-E004140; evidence=M20B-EVID-004140;M20B-EVID-004140-P2-DIRECT;M20B-EVID-004140-P2-FUNC;M20B-EVID-004140-P2-RELAY || edge=M20B-E004144; evidence=M20B-EVID-004144;M20B-EVID-004144-P2-DIRECT;M20B-EVID-004144-P2-FUNC;M20B-EVID-004144-P2-RELAY
NODE00276	signaling_cascade	module20_24_export	Node participates in at least one evidence-gated exported mechanism edge.
NODE00276	target_gene	register_target_gene_layer	edge=M22B-E009522; evidence=M22B-EVID-009695
NODE00277	signaling_cascade	module20_24_export	Node participates in at least one evidence-gated exported mechanism edge.
NODE00278	signaling_cascade	module20_24_export	Node participates in at least one evidence-gated exported mechanism edge.
NODE00279	ligand	register_ligand_receptor_layer	edge=M20B-E002453; evidence=M20B-EVID-002453 || edge=M20B-E002454; evidence=M20B-EVID-002454 || edge=M20B-E002455; evidence=M20B-EVID-002455 || edge=M20B-E002456; evidence=M20B-EVID-002456
NODE00279	signaling_cascade	module20_24_export	Node participates in at least one evidence-gated exported mechanism edge.
NODE00280	signaling_cascade	module20_24_export	Node participates in at least one evidence-gated exported mechanism edge.
NODE00281	signaling_cascade	module20_24_export	Node participates in at least one evidence-gated exported mechanism edge.
NODE00282	signaling_cascade	module20_24_export	Node participates in at least one evidence-gated exported mechanism edge.
NODE00283	signaling_cascade	module20_24_export	Node participates in at least one evidence-gated exported mechanism edge.
NODE00284	signaling_cascade	module20_24_export	Node participates in at least one evidence-gated exported mechanism edge.
NODE00285	signaling_cascade	module20_24_export	Node participates in at least one evidence-gated exported mechanism edge.
NODE00286	signaling_cascade	module20_24_export	Node participates in at least one evidence-gated exported mechanism edge.
NODE00287	signaling_cascade	module20_24_export	Node participates in at least one evidence-gated exported mechanism edge.
NODE00288	signaling_cascade	module20_24_export	Node participates in at least one evidence-gated exported mechanism edge.
NODE00289	signaling_cascade	module20_24_export	Node participates in at least one evidence-gated exported mechanism edge.
NODE00290	signaling_cascade	module20_24_export	Node participates in at least one evidence-gated exported mechanism edge.
NODE00291	signaling_cascade	module20_24_export	Node participates in at least one evidence-gated exported mechanism edge.
NODE00292	signaling_cascade	module20_24_export	Node participates in at least one evidence-gated exported mechanism edge.
NODE00292	target_gene	register_target_gene_layer	edge=M22B-E007347; evidence=M22B-EVID-007520
NODE00293	signaling_cascade	module20_24_export	Node participates in at least one evidence-gated exported mechanism edge.
NODE00294	signaling_cascade	module20_24_export	Node participates in at least one evidence-gated exported mechanism edge.
NODE00294	target_gene	register_target_gene_layer	edge=M22B-E006609; evidence=M22B-EVID-006782 || edge=M22B-E008786; evidence=M22B-EVID-008959
NODE00295	ligand	register_ligand_receptor_layer	edge=M20B-E002459; evidence=M20B-EVID-002459 || edge=M20B-E002470; evidence=M20B-EVID-002470 || edge=M20B-E002471; evidence=M20B-EVID-002471
NODE00295	signaling_cascade	module20_24_export	Node participates in at least one evidence-gated exported mechanism edge.
NODE00296	signaling_cascade	module20_24_export	Node participates in at least one evidence-gated exported mechanism edge.
NODE00297	receptor	register_ligand_receptor_layer	edge=M20B-E002459; evidence=M20B-EVID-002459 || edge=M20B-E005220; evidence=M20B-EVID-005220
NODE00297	signaling_cascade	module20_24_export	Node participates in at least one evidence-gated exported mechanism edge.
NODE00297	target_gene	register_target_gene_layer	edge=M22B-E009813; evidence=M22B-EVID-009986 || edge=M22B-E010381; evidence=M22B-EVID-010553
NODE00298	receptor	register_ligand_receptor_layer	edge=M23B-E000097; evidence=M23B-EVID-000159
NODE00298	signaling_cascade	module20_24_export	Node participates in at least one evidence-gated exported mechanism edge.
NODE00299	signaling_cascade	module20_24_export	Node participates in at least one evidence-gated exported mechanism edge.
NODE00300	signaling_cascade	module20_24_export	Node participates in at least one evidence-gated exported mechanism edge.
NODE00301	signaling_cascade	module20_24_export	Node participates in at least one evidence-gated exported mechanism edge.
NODE00302	signaling_cascade	module20_24_export	Node participates in at least one evidence-gated exported mechanism edge.
NODE00303	signaling_cascade	module20_24_export	Node participates in at least one evidence-gated exported mechanism edge.
NODE00304	signaling_cascade	module20_24_export	Node participates in at least one evidence-gated exported mechanism edge.
NODE00305	receptor	register_ligand_receptor_layer	edge=M23B-E000844; evidence=M23B-EVID-001139
NODE00305	signaling_cascade	module20_24_export	Node participates in at least one evidence-gated exported mechanism edge.
NODE00305	target_gene	register_target_gene_layer	edge=M22B-E007665; evidence=M22B-EVID-007838 || edge=M22B-E009116; evidence=M22B-EVID-009289
NODE00306	signaling_cascade	module20_24_export	Node participates in at least one evidence-gated exported mechanism edge.
NODE00306	target_gene	register_target_gene_layer	edge=M22B-E007666; evidence=M22B-EVID-007839 || edge=M22B-E009117; evidence=M22B-EVID-009290
NODE00307	receptor	register_ligand_receptor_layer	edge=M20B-E002291; evidence=M20B-EVID-002291 || edge=M20B-E002292; evidence=M20B-EVID-002292 || edge=M20B-E002293; evidence=M20B-EVID-002293 || edge=M20B-E002294; evidence=M20B-EVID-002294
NODE00307	signaling_cascade	module20_24_export	Node participates in at least one evidence-gated exported mechanism edge.
NODE00308	signaling_cascade	module20_24_export	Node participates in at least one evidence-gated exported mechanism edge.
NODE00309	signaling_cascade	module20_24_export	Node participates in at least one evidence-gated exported mechanism edge.
NODE00310	signaling_cascade	module20_24_export	Node participates in at least one evidence-gated exported mechanism edge.
NODE00311	receptor	register_ligand_receptor_layer	edge=M23B-E000740; evidence=M23B-EVID-000995
NODE00311	signaling_cascade	module20_24_export	Node participates in at least one evidence-gated exported mechanism edge.
NODE00311	target_gene	register_target_gene_layer	edge=M22B-E007033; evidence=M22B-EVID-007206
NODE00312	ligand	register_ligand_receptor_layer	edge=M23B-E000576; evidence=M23B-EVID-000789
NODE00312	signaling_cascade	module20_24_export	Node participates in at least one evidence-gated exported mechanism edge.
NODE00313	signaling_cascade	module20_24_export	Node participates in at least one evidence-gated exported mechanism edge.
NODE00314	signaling_cascade	module20_24_export	Node participates in at least one evidence-gated exported mechanism edge.
NODE00315	signaling_cascade	module20_24_export	Node participates in at least one evidence-gated exported mechanism edge.
NODE00315	target_gene	register_target_gene_layer	edge=M22B-E010207; evidence=M22B-EVID-010380 || edge=M22B-E010625; evidence=M22B-EVID-010721
NODE00316	receptor	register_ligand_receptor_layer	edge=M23B-E000940; evidence=M23B-EVID-001285 || edge=M23B-E000994; evidence=M23B-EVID-001339
NODE00316	signaling_cascade	module20_24_export	Node participates in at least one evidence-gated exported mechanism edge.
NODE00317	signaling_cascade	module20_24_export	Node participates in at least one evidence-gated exported mechanism edge.
NODE00318	signaling_cascade	module20_24_export	Node participates in at least one evidence-gated exported mechanism edge.
NODE00319	signaling_cascade	module20_24_export	Node participates in at least one evidence-gated exported mechanism edge.
NODE00320	signaling_cascade	module20_24_export	Node participates in at least one evidence-gated exported mechanism edge.
NODE00321	signaling_cascade	module20_24_export	Node participates in at least one evidence-gated exported mechanism edge.
NODE00321	target_gene	register_target_gene_layer	edge=M22B-E010208; evidence=M22B-EVID-010381
NODE00322	receptor	register_ligand_receptor_layer	edge=M23B-E000605; evidence=M23B-EVID-000828
NODE00322	signaling_cascade	module20_24_export	Node participates in at least one evidence-gated exported mechanism edge.
NODE00323	receptor	register_ligand_receptor_layer	edge=M20B-E001461; evidence=M20B-EVID-001461 || edge=M20B-E001470; evidence=M20B-EVID-001470 || edge=M20B-E001479; evidence=M20B-EVID-001479 || edge=M23B-E000689; evidence=M23B-EVID-000920
NODE00323	signaling_cascade	module20_24_export	Node participates in at least one evidence-gated exported mechanism edge.
NODE00323	target_gene	register_target_gene_layer	edge=M22B-E010405; evidence=M22B-EVID-010577
NODE00324	receptor	register_ligand_receptor_layer	edge=M23B-E000818; evidence=M23B-EVID-001109 || edge=M23B-E000826; evidence=M23B-EVID-001117
NODE00324	signaling_cascade	module20_24_export	Node participates in at least one evidence-gated exported mechanism edge.
NODE00325	signaling_cascade	module20_24_export	Node participates in at least one evidence-gated exported mechanism edge.
NODE00326	receptor	register_ligand_receptor_layer	edge=M20B-E001724; evidence=M20B-EVID-001724 || edge=M23B-E000691; evidence=M23B-EVID-000923
NODE00326	signaling_cascade	module20_24_export	Node participates in at least one evidence-gated exported mechanism edge.
NODE00326	target_gene	register_target_gene_layer	edge=M22B-E007667; evidence=M22B-EVID-007840 || edge=M22B-E010619; evidence=M22B-EVID-010715
NODE00327	receptor	register_ligand_receptor_layer	edge=M23B-E000989; evidence=M23B-EVID-001334
NODE00327	signaling_cascade	module20_24_export	Node participates in at least one evidence-gated exported mechanism edge.
NODE00328	receptor	register_ligand_receptor_layer	edge=M20B-E000475; evidence=M20B-EVID-000475 || edge=M23B-E000529; evidence=M23B-EVID-000720 || edge=M23B-E000693; evidence=M23B-EVID-000926
NODE00328	signaling_cascade	module20_24_export	Node participates in at least one evidence-gated exported mechanism edge.
NODE00328	target_gene	register_target_gene_layer	edge=M22B-E010620; evidence=M22B-EVID-010716
NODE00329	signaling_cascade	module20_24_export	Node participates in at least one evidence-gated exported mechanism edge.
NODE00330	signaling_cascade	module20_24_export	Node participates in at least one evidence-gated exported mechanism edge.
NODE00330	target_gene	register_target_gene_layer	edge=M22B-E007034; evidence=M22B-EVID-007207
NODE00331	signaling_cascade	module20_24_export	Node participates in at least one evidence-gated exported mechanism edge.
NODE00332	signaling_cascade	module20_24_export	Node participates in at least one evidence-gated exported mechanism edge.
NODE00333	signaling_cascade	module20_24_export	Node participates in at least one evidence-gated exported mechanism edge.
NODE00334	ligand	register_ligand_receptor_layer	edge=M20B-E002472; evidence=M20B-EVID-002472 || edge=M20B-E002473; evidence=M20B-EVID-002473
NODE00334	signaling_cascade	module20_24_export	Node participates in at least one evidence-gated exported mechanism edge.
NODE00334	target_gene	register_target_gene_layer	edge=M22B-E006307; evidence=M22B-EVID-006480 || edge=M22B-E007035; evidence=M22B-EVID-007208 || edge=M22B-E008460; evidence=M22B-EVID-008633
NODE00335	signaling_cascade	module20_24_export	Node participates in at least one evidence-gated exported mechanism edge.
NODE00336	signaling_cascade	module20_24_export	Node participates in at least one evidence-gated exported mechanism edge.
NODE00337	receptor	register_ligand_receptor_layer	edge=M20B-E002472; evidence=M20B-EVID-002472
NODE00337	signaling_cascade	module20_24_export	Node participates in at least one evidence-gated exported mechanism edge.
NODE00337	target_gene	register_target_gene_layer	edge=M22B-E010679; evidence=M22B-EVID-010772
NODE00338	signaling_cascade	module20_24_export	Node participates in at least one evidence-gated exported mechanism edge.
NODE00339	signaling_cascade	module20_24_export	Node participates in at least one evidence-gated exported mechanism edge.
NODE00340	receptor	register_ligand_receptor_layer	edge=M20B-E002473; evidence=M20B-EVID-002473
NODE00340	signaling_cascade	module20_24_export	Node participates in at least one evidence-gated exported mechanism edge.
NODE00341	signaling_cascade	module20_24_export	Node participates in at least one evidence-gated exported mechanism edge.
NODE00342	signaling_cascade	module20_24_export	Node participates in at least one evidence-gated exported mechanism edge.
NODE00343	ligand	register_ligand_receptor_layer	edge=M20B-E002478; evidence=M20B-EVID-002478 || edge=M20B-E002483; evidence=M20B-EVID-002483 || edge=M20B-E002492; evidence=M20B-EVID-002492 || edge=M20B-E002493; evidence=M20B-EVID-002493
NODE00343	signaling_cascade	module20_24_export	Node participates in at least one evidence-gated exported mechanism edge.
NODE00343	target_gene	register_target_gene_layer	edge=M22B-E005795; evidence=M22B-EVID-005968 || edge=M22B-E006308; evidence=M22B-EVID-006481 || edge=M22B-E007963; evidence=M22B-EVID-008136 || edge=M22B-E008461; evidence=M22B-EVID-008634 || edge=M22B-E009972; evidence=M22B-EVID-010145
NODE00344	ligand	register_ligand_receptor_layer	edge=M20B-E002500; evidence=M20B-EVID-002500 || edge=M20B-E002505; evidence=M20B-EVID-002505 || edge=M20B-E002506; evidence=M20B-EVID-002506 || edge=M20B-E002507; evidence=M20B-EVID-002507
NODE00344	signaling_cascade	module20_24_export	Node participates in at least one evidence-gated exported mechanism edge.
NODE00345	signaling_cascade	module20_24_export	Node participates in at least one evidence-gated exported mechanism edge.
NODE00346	ligand	register_ligand_receptor_layer	edge=M20B-E002510; evidence=M20B-EVID-002510;M20B-EVID-005283-P2-DIRECT;M20B-EVID-005284-P2-RELAY || edge=M20B-E002511; evidence=M20B-EVID-002511 || edge=M20B-E002512; evidence=M20B-EVID-002512 || edge=M20B-E002513; evidence=M20B-EVID-002513;M20B-EVID-005285-P2-DIRECT;M20B-EVID-005286-P2-RELAY
NODE00346	signaling_cascade	module20_24_export	Node participates in at least one evidence-gated exported mechanism edge.
NODE00347	receptor	register_ligand_receptor_layer	edge=M20B-E002510; evidence=M20B-EVID-002510;M20B-EVID-005283-P2-DIRECT;M20B-EVID-005284-P2-RELAY
NODE00347	signaling_cascade	module20_24_export	Node participates in at least one evidence-gated exported mechanism edge.
NODE00347	target_gene	register_target_gene_layer	edge=M22B-E010674; evidence=M22B-EVID-010767
NODE00348	signaling_cascade	module20_24_export	Node participates in at least one evidence-gated exported mechanism edge.
NODE00349	receptor	register_ligand_receptor_layer	edge=M20B-E002511; evidence=M20B-EVID-002511
NODE00349	signaling_cascade	module20_24_export	Node participates in at least one evidence-gated exported mechanism edge.
NODE00349	target_gene	register_target_gene_layer	edge=M22B-E010356; evidence=M22B-EVID-010528
NODE00350	signaling_cascade	module20_24_export	Node participates in at least one evidence-gated exported mechanism edge.
NODE00351	signaling_cascade	module20_24_export	Node participates in at least one evidence-gated exported mechanism edge.
NODE00352	signaling_cascade	module20_24_export	Node participates in at least one evidence-gated exported mechanism edge.
NODE00353	receptor	register_ligand_receptor_layer	edge=M20B-E002512; evidence=M20B-EVID-002512
NODE00353	signaling_cascade	module20_24_export	Node participates in at least one evidence-gated exported mechanism edge.
NODE00353	target_gene	register_target_gene_layer	edge=M22B-E006309; evidence=M22B-EVID-006482 || edge=M22B-E007668; evidence=M22B-EVID-007841 || edge=M22B-E008462; evidence=M22B-EVID-008635 || edge=M22B-E009118; evidence=M22B-EVID-009291
NODE00354	signaling_cascade	module20_24_export	Node participates in at least one evidence-gated exported mechanism edge.
NODE00355	signaling_cascade	module20_24_export	Node participates in at least one evidence-gated exported mechanism edge.
NODE00356	receptor	register_ligand_receptor_layer	edge=M20B-E002513; evidence=M20B-EVID-002513;M20B-EVID-005285-P2-DIRECT;M20B-EVID-005286-P2-RELAY
NODE00356	signaling_cascade	module20_24_export	Node participates in at least one evidence-gated exported mechanism edge.
NODE00357	signaling_cascade	module20_24_export	Node participates in at least one evidence-gated exported mechanism edge.
NODE00358	signaling_cascade	module20_24_export	Node participates in at least one evidence-gated exported mechanism edge.
NODE00359	signaling_cascade	module20_24_export	Node participates in at least one evidence-gated exported mechanism edge.
NODE00360	signaling_cascade	module20_24_export	Node participates in at least one evidence-gated exported mechanism edge.
NODE00361	signaling_cascade	module20_24_export	Node participates in at least one evidence-gated exported mechanism edge.
NODE00362	signaling_cascade	module20_24_export	Node participates in at least one evidence-gated exported mechanism edge.
NODE00362	target_gene	register_target_gene_layer	edge=M22B-E007036; evidence=M22B-EVID-007209 || edge=M22B-E010349; evidence=M22B-EVID-010521
NODE00363	signaling_cascade	module20_24_export	Node participates in at least one evidence-gated exported mechanism edge.
NODE00364	signaling_cascade	module20_24_export	Node participates in at least one evidence-gated exported mechanism edge.
NODE00364	target_gene	register_target_gene_layer	edge=M22B-E010350; evidence=M22B-EVID-010522
NODE00365	signaling_cascade	module20_24_export	Node participates in at least one evidence-gated exported mechanism edge.
NODE00366	signaling_cascade	module20_24_export	Node participates in at least one evidence-gated exported mechanism edge.
NODE00366	target_gene	register_target_gene_layer	edge=M22B-E010351; evidence=M22B-EVID-010523
NODE00367	signaling_cascade	module20_24_export	Node participates in at least one evidence-gated exported mechanism edge.
NODE00368	signaling_cascade	module20_24_export	Node participates in at least one evidence-gated exported mechanism edge.
NODE00368	target_gene	register_target_gene_layer	edge=M22B-E010532; evidence=M22B-EVID-010644
NODE00369	signaling_cascade	module20_24_export	Node participates in at least one evidence-gated exported mechanism edge.
NODE00370	signaling_cascade	module20_24_export	Node participates in at least one evidence-gated exported mechanism edge.
NODE00370	target_gene	register_target_gene_layer	edge=M22B-E007037; evidence=M22B-EVID-007210
NODE00371	signaling_cascade	module20_24_export	Node participates in at least one evidence-gated exported mechanism edge.
NODE00372	signaling_cascade	module20_24_export	Node participates in at least one evidence-gated exported mechanism edge.
NODE00373	signaling_cascade	module20_24_export	Node participates in at least one evidence-gated exported mechanism edge.
NODE00373	target_gene	register_target_gene_layer	edge=M22B-E010352; evidence=M22B-EVID-010524 || edge=M22B-E010384; evidence=M22B-EVID-010556
NODE00374	signaling_cascade	module20_24_export	Node participates in at least one evidence-gated exported mechanism edge.
NODE00375	signaling_cascade	module20_24_export	Node participates in at least one evidence-gated exported mechanism edge.
NODE00375	target_gene	register_target_gene_layer	edge=M22B-E010353; evidence=M22B-EVID-010525 || edge=M22B-E010354; evidence=M22B-EVID-010526 || edge=M22B-E010687; evidence=M22B-EVID-010780
NODE00376	signaling_cascade	module20_24_export	Node participates in at least one evidence-gated exported mechanism edge.
NODE00377	signaling_cascade	module20_24_export	Node participates in at least one evidence-gated exported mechanism edge.
NODE00378	signaling_cascade	module20_24_export	Node participates in at least one evidence-gated exported mechanism edge.
NODE00378	target_gene	register_target_gene_layer	edge=M22B-E007038; evidence=M22B-EVID-007211 || edge=M22B-E010355; evidence=M22B-EVID-010527
NODE00379	signaling_cascade	module20_24_export	Node participates in at least one evidence-gated exported mechanism edge.
NODE00380	signaling_cascade	module20_24_export	Node participates in at least one evidence-gated exported mechanism edge.
NODE00381	signaling_cascade	module20_24_export	Node participates in at least one evidence-gated exported mechanism edge.
NODE00381	target_gene	register_target_gene_layer	edge=M22B-E009970; evidence=M22B-EVID-010143
NODE00382	signaling_cascade	module20_24_export	Node participates in at least one evidence-gated exported mechanism edge.
NODE00383	signaling_cascade	module20_24_export	Node participates in at least one evidence-gated exported mechanism edge.
NODE00384	signaling_cascade	module20_24_export	Node participates in at least one evidence-gated exported mechanism edge.
NODE00384	target_gene	register_target_gene_layer	edge=M22B-E007669; evidence=M22B-EVID-007842 || edge=M22B-E009119; evidence=M22B-EVID-009292
NODE00385	signaling_cascade	module20_24_export	Node participates in at least one evidence-gated exported mechanism edge.
NODE00386	signaling_cascade	module20_24_export	Node participates in at least one evidence-gated exported mechanism edge.
NODE00387	signaling_cascade	module20_24_export	Node participates in at least one evidence-gated exported mechanism edge.
NODE00387	target_gene	register_target_gene_layer	edge=M22B-E006226; evidence=M22B-EVID-006399 || edge=M22B-E008379; evidence=M22B-EVID-008552
NODE00388	signaling_cascade	module20_24_export	Node participates in at least one evidence-gated exported mechanism edge.
NODE00388	target_gene	register_target_gene_layer	edge=M22B-E007670; evidence=M22B-EVID-007843 || edge=M22B-E009120; evidence=M22B-EVID-009293
NODE00389	signaling_cascade	module20_24_export	Node participates in at least one evidence-gated exported mechanism edge.
NODE00390	signaling_cascade	module20_24_export	Node participates in at least one evidence-gated exported mechanism edge.
NODE00391	signaling_cascade	module20_24_export	Node participates in at least one evidence-gated exported mechanism edge.
NODE00392	signaling_cascade	module20_24_export	Node participates in at least one evidence-gated exported mechanism edge.
NODE00393	signaling_cascade	module20_24_export	Node participates in at least one evidence-gated exported mechanism edge.
NODE00393	target_gene	register_target_gene_layer	edge=M22B-E010290; evidence=M22B-EVID-010463 || edge=M22B-E010291; evidence=M22B-EVID-010464 || edge=M22B-E010292; evidence=M22B-EVID-010465
NODE00394	receptor	register_ligand_receptor_layer	edge=M24B-E000101; evidence=M24B-EVID-000143
NODE00394	signaling_cascade	module20_24_export	Node participates in at least one evidence-gated exported mechanism edge.
NODE00395	signaling_cascade	module20_24_export	Node participates in at least one evidence-gated exported mechanism edge.
NODE00395	target_gene	register_target_gene_layer	edge=M22B-E007348; evidence=M22B-EVID-007521
NODE00396	signaling_cascade	module20_24_export	Node participates in at least one evidence-gated exported mechanism edge.
NODE00397	receptor	register_ligand_receptor_layer	edge=M23B-E001131; evidence=M23B-EVID-EXPAND23A-056
NODE00397	signaling_cascade	module20_24_export	Node participates in at least one evidence-gated exported mechanism edge.
NODE00398	signaling_cascade	module20_24_export	Node participates in at least one evidence-gated exported mechanism edge.
NODE00399	signaling_cascade	module20_24_export	Node participates in at least one evidence-gated exported mechanism edge.
NODE00400	signaling_cascade	module20_24_export	Node participates in at least one evidence-gated exported mechanism edge.
NODE00401	signaling_cascade	module20_24_export	Node participates in at least one evidence-gated exported mechanism edge.
NODE00402	signaling_cascade	module20_24_export	Node participates in at least one evidence-gated exported mechanism edge.
NODE00402	target_gene	register_target_gene_layer	edge=M22B-E010301; evidence=M22B-EVID-010473 || edge=M22B-E010302; evidence=M22B-EVID-010474 || edge=M22B-E010303; evidence=M22B-EVID-010475
NODE00403	signaling_cascade	module20_24_export	Node participates in at least one evidence-gated exported mechanism edge.
NODE00404	signaling_cascade	module20_24_export	Node participates in at least one evidence-gated exported mechanism edge.
NODE00405	signaling_cascade	module20_24_export	Node participates in at least one evidence-gated exported mechanism edge.
NODE00406	signaling_cascade	module20_24_export	Node participates in at least one evidence-gated exported mechanism edge.
NODE00407	signaling_cascade	module20_24_export	Node participates in at least one evidence-gated exported mechanism edge.
NODE00408	ligand	register_ligand_receptor_layer	edge=M20B-E001922; evidence=M20B-EVID-001922 || edge=M20B-E002514; evidence=M20B-EVID-002514 || edge=M20B-E002518; evidence=M20B-EVID-002518;M20B-EVID-005277-P2-DIRECT;M20B-EVID-005278-P2-RELAY;M20B-EVID-005279-P2-FUNC || edge=M20B-E002519; evidence=M20B-EVID-002519;M20B-EVID-005280-P2-DIRECT;M20B-EVID-005281-P2-RELAY;M20B-EVID-005282-P2-FUNC;M20B-EVID-PROMO-20260826-042 || edge=M23B-E000021; evidence=M23B-EVID-000022 || edge=M23B-E000467; evidence=M23B-EVID-000647
NODE00408	signaling_cascade	module20_24_export	Node participates in at least one evidence-gated exported mechanism edge.
NODE00408	target_gene	register_target_gene_layer	edge=M22B-E005844; evidence=M22B-EVID-006017
NODE00409	signaling_cascade	module20_24_export	Node participates in at least one evidence-gated exported mechanism edge.
NODE00410	ligand	register_ligand_receptor_layer	edge=M23B-E000917; evidence=M23B-EVID-001262
NODE00410	signaling_cascade	module20_24_export	Node participates in at least one evidence-gated exported mechanism edge.
NODE00411	ligand	register_ligand_receptor_layer	edge=M20B-E002521; evidence=M20B-EVID-002521;M20B-EVID-PROMO-20260826-043 || edge=M20B-E002522; evidence=M20B-EVID-002522
NODE00411	signaling_cascade	module20_24_export	Node participates in at least one evidence-gated exported mechanism edge.
NODE00411	target_gene	register_target_gene_layer	edge=M22B-E009771; evidence=M22B-EVID-009944
NODE00412	signaling_cascade	module20_24_export	Node participates in at least one evidence-gated exported mechanism edge.
NODE00412	target_gene	register_target_gene_layer	edge=M22B-E006310; evidence=M22B-EVID-006483 || edge=M22B-E007039; evidence=M22B-EVID-007212
NODE00413	ligand	register_ligand_receptor_layer	edge=M23B-E000105; evidence=M23B-EVID-000173
NODE00413	signaling_cascade	module20_24_export	Node participates in at least one evidence-gated exported mechanism edge.
NODE00414	signaling_cascade	module20_24_export	Node participates in at least one evidence-gated exported mechanism edge.
NODE00414	target_gene	register_target_gene_layer	edge=M22B-E009400; evidence=M22B-EVID-009573
NODE00415	signaling_cascade	module20_24_export	Node participates in at least one evidence-gated exported mechanism edge.
NODE00416	signaling_cascade	module20_24_export	Node participates in at least one evidence-gated exported mechanism edge.
NODE00417	receptor	register_ligand_receptor_layer	edge=M23B-E000105; evidence=M23B-EVID-000173
NODE00417	signaling_cascade	module20_24_export	Node participates in at least one evidence-gated exported mechanism edge.
NODE00418	receptor	register_ligand_receptor_layer	edge=M20B-E005079; evidence=M20B-EVID-005079;M20B-EVID-005079-P2-DIRECT;M20B-EVID-005079-P2-FUNC
NODE00418	signaling_cascade	module20_24_export	Node participates in at least one evidence-gated exported mechanism edge.
NODE00419	signaling_cascade	module20_24_export	Node participates in at least one evidence-gated exported mechanism edge.
NODE00420	signaling_cascade	module20_24_export	Node participates in at least one evidence-gated exported mechanism edge.
NODE00421	signaling_cascade	module20_24_export	Node participates in at least one evidence-gated exported mechanism edge.
NODE00422	signaling_cascade	module20_24_export	Node participates in at least one evidence-gated exported mechanism edge.
NODE00422	target_gene	register_target_gene_layer	edge=M22B-E007040; evidence=M22B-EVID-007213
NODE00423	signaling_cascade	module20_24_export	Node participates in at least one evidence-gated exported mechanism edge.
NODE00424	ligand	register_ligand_receptor_layer	edge=M20B-E002534; evidence=M20B-EVID-002534
NODE00424	signaling_cascade	module20_24_export	Node participates in at least one evidence-gated exported mechanism edge.
NODE00424	target_gene	register_target_gene_layer	edge=M22B-E006610; evidence=M22B-EVID-006783
NODE00425	signaling_cascade	module20_24_export	Node participates in at least one evidence-gated exported mechanism edge.
NODE00426	signaling_cascade	module20_24_export	Node participates in at least one evidence-gated exported mechanism edge.
NODE00426	target_gene	register_target_gene_layer	edge=M22B-E009800; evidence=M22B-EVID-009973
NODE00427	signaling_cascade	module20_24_export	Node participates in at least one evidence-gated exported mechanism edge.
NODE00428	signaling_cascade	module20_24_export	Node participates in at least one evidence-gated exported mechanism edge.
NODE00429	signaling_cascade	module20_24_export	Node participates in at least one evidence-gated exported mechanism edge.
NODE00430	signaling_cascade	module20_24_export	Node participates in at least one evidence-gated exported mechanism edge.
NODE00430	target_gene	register_target_gene_layer	edge=M22B-E007671; evidence=M22B-EVID-007844 || edge=M22B-E009121; evidence=M22B-EVID-009294
NODE00431	signaling_cascade	module20_24_export	Node participates in at least one evidence-gated exported mechanism edge.
NODE00432	signaling_cascade	module20_24_export	Node participates in at least one evidence-gated exported mechanism edge.
NODE00433	signaling_cascade	module20_24_export	Node participates in at least one evidence-gated exported mechanism edge.
NODE00433	target_gene	register_target_gene_layer	edge=M22B-E007349; evidence=M22B-EVID-007522
NODE00434	signaling_cascade	module20_24_export	Node participates in at least one evidence-gated exported mechanism edge.
NODE00434	target_gene	register_target_gene_layer	edge=M22B-E006611; evidence=M22B-EVID-006784 || edge=M22B-E008787; evidence=M22B-EVID-008960
NODE00435	signaling_cascade	module20_24_export	Node participates in at least one evidence-gated exported mechanism edge.
NODE00436	signaling_cascade	module20_24_export	Node participates in at least one evidence-gated exported mechanism edge.
NODE00437	signaling_cascade	module20_24_export	Node participates in at least one evidence-gated exported mechanism edge.
NODE00437	target_gene	register_target_gene_layer	edge=M22B-E006612; evidence=M22B-EVID-006785 || edge=M22B-E008788; evidence=M22B-EVID-008961
NODE00438	signaling_cascade	module20_24_export	Node participates in at least one evidence-gated exported mechanism edge.
NODE00439	signaling_cascade	module20_24_export	Node participates in at least one evidence-gated exported mechanism edge.
NODE00440	signaling_cascade	module20_24_export	Node participates in at least one evidence-gated exported mechanism edge.
NODE00440	target_gene	register_target_gene_layer	edge=M22B-E006613; evidence=M22B-EVID-006786 || edge=M22B-E008789; evidence=M22B-EVID-008962
NODE00441	signaling_cascade	module20_24_export	Node participates in at least one evidence-gated exported mechanism edge.
NODE00441	target_gene	register_target_gene_layer	edge=M22B-E005845; evidence=M22B-EVID-006018 || edge=M22B-E008018; evidence=M22B-EVID-008191
NODE00442	signaling_cascade	module20_24_export	Node participates in at least one evidence-gated exported mechanism edge.
NODE00442	target_gene	register_target_gene_layer	edge=M22B-E007672; evidence=M22B-EVID-007845
NODE00443	signaling_cascade	module20_24_export	Node participates in at least one evidence-gated exported mechanism edge.
NODE00444	signaling_cascade	module20_24_export	Node participates in at least one evidence-gated exported mechanism edge.
NODE00445	signaling_cascade	module20_24_export	Node participates in at least one evidence-gated exported mechanism edge.
NODE00446	signaling_cascade	module20_24_export	Node participates in at least one evidence-gated exported mechanism edge.
NODE00447	signaling_cascade	module20_24_export	Node participates in at least one evidence-gated exported mechanism edge.
NODE00448	signaling_cascade	module20_24_export	Node participates in at least one evidence-gated exported mechanism edge.
NODE00448	target_gene	register_target_gene_layer	edge=M22B-E006311; evidence=M22B-EVID-006484 || edge=M22B-E008463; evidence=M22B-EVID-008636
NODE00449	ligand	register_ligand_receptor_layer	edge=M20B-E002536; evidence=M20B-EVID-002536 || edge=M20B-E002537; evidence=M20B-EVID-002537;M20B-EVID-002537-P2-FUNC
NODE00449	signaling_cascade	module20_24_export	Node participates in at least one evidence-gated exported mechanism edge.
NODE00449	target_gene	register_target_gene_layer	edge=M22B-E005796; evidence=M22B-EVID-005969 || edge=M22B-E007964; evidence=M22B-EVID-008137
NODE00450	signaling_cascade	module20_24_export	Node participates in at least one evidence-gated exported mechanism edge.
NODE00451	ligand	register_ligand_receptor_layer	edge=M20B-E002538; evidence=M20B-EVID-002538;M20B-EVID-002538-P2-DIRECT;M20B-EVID-002538-P2-FUNC;M20B-EVID-002538-P2-RELAY || edge=M20B-E002539; evidence=M20B-EVID-002539 || edge=M23B-E000469; evidence=M23B-EVID-000649
NODE00451	signaling_cascade	module20_24_export	Node participates in at least one evidence-gated exported mechanism edge.
NODE00451	target_gene	register_target_gene_layer	edge=M22B-E010165; evidence=M22B-EVID-010338
NODE00452	signaling_cascade	module20_24_export	Node participates in at least one evidence-gated exported mechanism edge.
NODE00453	signaling_cascade	module20_24_export	Node participates in at least one evidence-gated exported mechanism edge.
NODE00454	signaling_cascade	module20_24_export	Node participates in at least one evidence-gated exported mechanism edge.
NODE00454	target_gene	register_target_gene_layer	edge=M22B-E005797; evidence=M22B-EVID-005970 || edge=M22B-E007965; evidence=M22B-EVID-008138 || edge=M22B-E009731; evidence=M22B-EVID-009904
NODE00455	signaling_cascade	module20_24_export	Node participates in at least one evidence-gated exported mechanism edge.
NODE00455	target_gene	register_target_gene_layer	edge=M22B-E006227; evidence=M22B-EVID-006400 || edge=M22B-E008380; evidence=M22B-EVID-008553
NODE00456	signaling_cascade	module20_24_export	Node participates in at least one evidence-gated exported mechanism edge.
NODE00456	target_gene	register_target_gene_layer	edge=M22B-E007673; evidence=M22B-EVID-007846 || edge=M22B-E009122; evidence=M22B-EVID-009295
NODE00457	signaling_cascade	module20_24_export	Node participates in at least one evidence-gated exported mechanism edge.
NODE00458	signaling_cascade	module20_24_export	Node participates in at least one evidence-gated exported mechanism edge.
NODE00458	target_gene	register_target_gene_layer	edge=M22B-E006614; evidence=M22B-EVID-006787 || edge=M22B-E008790; evidence=M22B-EVID-008963
NODE00459	signaling_cascade	module20_24_export	Node participates in at least one evidence-gated exported mechanism edge.
NODE00459	target_gene	register_target_gene_layer	edge=M22B-E005746; evidence=M22B-EVID-005919 || edge=M22B-E007041; evidence=M22B-EVID-007214
NODE00460	signaling_cascade	module20_24_export	Node participates in at least one evidence-gated exported mechanism edge.
NODE00461	signaling_cascade	module20_24_export	Node participates in at least one evidence-gated exported mechanism edge.
NODE00461	target_gene	register_target_gene_layer	edge=M22B-E006615; evidence=M22B-EVID-006788 || edge=M22B-E008791; evidence=M22B-EVID-008964
NODE00462	receptor	register_ligand_receptor_layer	edge=M20B-E004218; evidence=M20B-EVID-004218;M20B-EVID-004218-P2-DIRECT;M20B-EVID-004218-P2-FUNC;M20B-EVID-004218-P2-RELAY || edge=M20B-E004659; evidence=M20B-EVID-004659;M20B-EVID-004659-P2-DIRECT;M20B-EVID-004659-P2-FUNC;M20B-EVID-004659-P2-RELAY || edge=M23B-E000975; evidence=M23B-EVID-001320
NODE00462	signaling_cascade	module20_24_export	Node participates in at least one evidence-gated exported mechanism edge.
NODE00462	target_gene	register_target_gene_layer	edge=M22B-E010309; evidence=M22B-EVID-010481 || edge=M22B-E010310; evidence=M22B-EVID-010482 || edge=M22B-E010640; evidence=M22B-EVID-010736
NODE00463	signaling_cascade	module20_24_export	Node participates in at least one evidence-gated exported mechanism edge.
NODE00464	signaling_cascade	module20_24_export	Node participates in at least one evidence-gated exported mechanism edge.
NODE00465	signaling_cascade	module20_24_export	Node participates in at least one evidence-gated exported mechanism edge.
NODE00466	signaling_cascade	module20_24_export	Node participates in at least one evidence-gated exported mechanism edge.
NODE00467	signaling_cascade	module20_24_export	Node participates in at least one evidence-gated exported mechanism edge.
NODE00468	signaling_cascade	module20_24_export	Node participates in at least one evidence-gated exported mechanism edge.
NODE00468	target_gene	register_target_gene_layer	edge=M22B-E007042; evidence=M22B-EVID-007215
NODE00469	signaling_cascade	module20_24_export	Node participates in at least one evidence-gated exported mechanism edge.
NODE00470	signaling_cascade	module20_24_export	Node participates in at least one evidence-gated exported mechanism edge.
NODE00470	target_gene	register_target_gene_layer	edge=M22B-E007043; evidence=M22B-EVID-007216
NODE00471	signaling_cascade	module20_24_export	Node participates in at least one evidence-gated exported mechanism edge.
NODE00472	signaling_cascade	module20_24_export	Node participates in at least one evidence-gated exported mechanism edge.
NODE00472	target_gene	register_target_gene_layer	edge=M22B-E007044; evidence=M22B-EVID-007217 || edge=M22B-E007674; evidence=M22B-EVID-007847 || edge=M22B-E008019; evidence=M22B-EVID-008192 || edge=M22B-E009123; evidence=M22B-EVID-009296
NODE00473	signaling_cascade	module20_24_export	Node participates in at least one evidence-gated exported mechanism edge.
NODE00474	signaling_cascade	module20_24_export	Node participates in at least one evidence-gated exported mechanism edge.
NODE00475	signaling_cascade	module20_24_export	Node participates in at least one evidence-gated exported mechanism edge.
NODE00476	signaling_cascade	module20_24_export	Node participates in at least one evidence-gated exported mechanism edge.
NODE00477	signaling_cascade	module20_24_export	Node participates in at least one evidence-gated exported mechanism edge.
NODE00478	signaling_cascade	module20_24_export	Node participates in at least one evidence-gated exported mechanism edge.
NODE00479	signaling_cascade	module20_24_export	Node participates in at least one evidence-gated exported mechanism edge.
NODE00480	receptor	register_ligand_receptor_layer	edge=M23B-E000031; evidence=M23B-EVID-000055
NODE00480	signaling_cascade	module20_24_export	Node participates in at least one evidence-gated exported mechanism edge.
NODE00481	receptor	register_ligand_receptor_layer	edge=M23B-E000034; evidence=M23B-EVID-000058
NODE00481	signaling_cascade	module20_24_export	Node participates in at least one evidence-gated exported mechanism edge.
NODE00482	signaling_cascade	module20_24_export	Node participates in at least one evidence-gated exported mechanism edge.
NODE00483	receptor	register_ligand_receptor_layer	edge=M23B-E000035; evidence=M23B-EVID-000059
NODE00483	signaling_cascade	module20_24_export	Node participates in at least one evidence-gated exported mechanism edge.
NODE00484	receptor	register_ligand_receptor_layer	edge=M23B-E000026; evidence=M23B-EVID-000027 || edge=M23B-E000033; evidence=M23B-EVID-000057
NODE00484	signaling_cascade	module20_24_export	Node participates in at least one evidence-gated exported mechanism edge.
NODE00485	signaling_cascade	module20_24_export	Node participates in at least one evidence-gated exported mechanism edge.
NODE00486	signaling_cascade	module20_24_export	Node participates in at least one evidence-gated exported mechanism edge.
NODE00487	signaling_cascade	module20_24_export	Node participates in at least one evidence-gated exported mechanism edge.
NODE00488	receptor	register_ligand_receptor_layer	edge=M23B-E000023; evidence=M23B-EVID-000024 || edge=M23B-E000036; evidence=M23B-EVID-000060
NODE00488	signaling_cascade	module20_24_export	Node participates in at least one evidence-gated exported mechanism edge.
NODE00489	signaling_cascade	module20_24_export	Node participates in at least one evidence-gated exported mechanism edge.
NODE00490	signaling_cascade	module20_24_export	Node participates in at least one evidence-gated exported mechanism edge.
NODE00491	signaling_cascade	module20_24_export	Node participates in at least one evidence-gated exported mechanism edge.
NODE00492	signaling_cascade	module20_24_export	Node participates in at least one evidence-gated exported mechanism edge.
NODE00493	receptor	register_ligand_receptor_layer	edge=M23B-E000012; evidence=M23B-EVID-000013;M23B-EVID-000113
NODE00493	signaling_cascade	module20_24_export	Node participates in at least one evidence-gated exported mechanism edge.
NODE00494	signaling_cascade	module20_24_export	Node participates in at least one evidence-gated exported mechanism edge.
NODE00495	signaling_cascade	module20_24_export	Node participates in at least one evidence-gated exported mechanism edge.
NODE00496	signaling_cascade	module20_24_export	Node participates in at least one evidence-gated exported mechanism edge.
NODE00497	signaling_cascade	module20_24_export	Node participates in at least one evidence-gated exported mechanism edge.
NODE00498	signaling_cascade	module20_24_export	Node participates in at least one evidence-gated exported mechanism edge.
NODE00499	signaling_cascade	module20_24_export	Node participates in at least one evidence-gated exported mechanism edge.
NODE00500	signaling_cascade	module20_24_export	Node participates in at least one evidence-gated exported mechanism edge.
NODE00501	signaling_cascade	module20_24_export	Node participates in at least one evidence-gated exported mechanism edge.
NODE00502	signaling_cascade	module20_24_export	Node participates in at least one evidence-gated exported mechanism edge.
NODE00503	receptor	register_ligand_receptor_layer	edge=M23B-E000058; evidence=M23B-EVID-000083
NODE00503	signaling_cascade	module20_24_export	Node participates in at least one evidence-gated exported mechanism edge.
NODE00504	signaling_cascade	module20_24_export	Node participates in at least one evidence-gated exported mechanism edge.
NODE00505	signaling_cascade	module20_24_export	Node participates in at least one evidence-gated exported mechanism edge.
NODE00506	receptor	register_ligand_receptor_layer	edge=M23B-E000015; evidence=M23B-EVID-000016
NODE00506	signaling_cascade	module20_24_export	Node participates in at least one evidence-gated exported mechanism edge.
NODE00507	signaling_cascade	module20_24_export	Node participates in at least one evidence-gated exported mechanism edge.
NODE00508	receptor	register_ligand_receptor_layer	edge=M23B-E000009; evidence=M23B-EVID-000010
NODE00508	signaling_cascade	module20_24_export	Node participates in at least one evidence-gated exported mechanism edge.
NODE00509	signaling_cascade	module20_24_export	Node participates in at least one evidence-gated exported mechanism edge.
NODE00510	signaling_cascade	module20_24_export	Node participates in at least one evidence-gated exported mechanism edge.
NODE00511	receptor	register_ligand_receptor_layer	edge=M23B-E000008; evidence=M23B-EVID-000009
NODE00511	signaling_cascade	module20_24_export	Node participates in at least one evidence-gated exported mechanism edge.
NODE00512	signaling_cascade	module20_24_export	Node participates in at least one evidence-gated exported mechanism edge.
NODE00513	signaling_cascade	module20_24_export	Node participates in at least one evidence-gated exported mechanism edge.
NODE00514	signaling_cascade	module20_24_export	Node participates in at least one evidence-gated exported mechanism edge.
NODE00515	signaling_cascade	module20_24_export	Node participates in at least one evidence-gated exported mechanism edge.
NODE00516	signaling_cascade	module20_24_export	Node participates in at least one evidence-gated exported mechanism edge.
NODE00517	signaling_cascade	module20_24_export	Node participates in at least one evidence-gated exported mechanism edge.
NODE00518	signaling_cascade	module20_24_export	Node participates in at least one evidence-gated exported mechanism edge.
NODE00518	target_gene	register_target_gene_layer	edge=M22B-E009455; evidence=M22B-EVID-009628
NODE00519	signaling_cascade	module20_24_export	Node participates in at least one evidence-gated exported mechanism edge.
NODE00520	ligand	register_ligand_receptor_layer	edge=M20B-E002540; evidence=M20B-EVID-002540
NODE00520	signaling_cascade	module20_24_export	Node participates in at least one evidence-gated exported mechanism edge.
NODE00521	signaling_cascade	module20_24_export	Node participates in at least one evidence-gated exported mechanism edge.
NODE00521	target_gene	register_target_gene_layer	edge=M22B-E006616; evidence=M22B-EVID-006789 || edge=M22B-E008792; evidence=M22B-EVID-008965
NODE00522	signaling_cascade	module20_24_export	Node participates in at least one evidence-gated exported mechanism edge.
NODE00522	target_gene	register_target_gene_layer	edge=M22B-E008793; evidence=M22B-EVID-008966
NODE00523	ligand	register_ligand_receptor_layer	edge=M20B-E002541; evidence=M20B-EVID-002541 || edge=M20B-E002542; evidence=M20B-EVID-002542 || edge=M20B-E002543; evidence=M20B-EVID-002543 || edge=M23B-E000471; evidence=M23B-EVID-000651 || edge=M23B-E000473; evidence=M23B-EVID-000653 || edge=M23B-E000474; evidence=M23B-EVID-000654
NODE00523	signaling_cascade	module20_24_export	Node participates in at least one evidence-gated exported mechanism edge.
NODE00524	receptor	register_ligand_receptor_layer	edge=M20B-E003719; evidence=M20B-EVID-003719
NODE00524	signaling_cascade	module20_24_export	Node participates in at least one evidence-gated exported mechanism edge.
NODE00525	signaling_cascade	module20_24_export	Node participates in at least one evidence-gated exported mechanism edge.
NODE00526	ligand	register_ligand_receptor_layer	edge=M20B-E001797; evidence=M20B-EVID-001797;M20B-EVID-005354-P2-RELAY;M20B-EVID-005355-P2-FUNC || edge=M20B-E001798; evidence=M20B-EVID-001798;M20B-EVID-005236-P2-RELAY;M20B-EVID-PROMO-20260826-003 || edge=M20B-E002544; evidence=M20B-EVID-002544
NODE00526	signaling_cascade	module20_24_export	Node participates in at least one evidence-gated exported mechanism edge.
NODE00527	signaling_cascade	module20_24_export	Node participates in at least one evidence-gated exported mechanism edge.
NODE00528	signaling_cascade	module20_24_export	Node participates in at least one evidence-gated exported mechanism edge.
NODE00529	signaling_cascade	module20_24_export	Node participates in at least one evidence-gated exported mechanism edge.
NODE00530	signaling_cascade	module20_24_export	Node participates in at least one evidence-gated exported mechanism edge.
NODE00531	receptor	register_ligand_receptor_layer	edge=M20B-E001797; evidence=M20B-EVID-001797;M20B-EVID-005354-P2-RELAY;M20B-EVID-005355-P2-FUNC
NODE00531	signaling_cascade	module20_24_export	Node participates in at least one evidence-gated exported mechanism edge.
NODE00532	receptor	register_ligand_receptor_layer	edge=M20B-E001798; evidence=M20B-EVID-001798;M20B-EVID-005236-P2-RELAY;M20B-EVID-PROMO-20260826-003
NODE00532	signaling_cascade	module20_24_export	Node participates in at least one evidence-gated exported mechanism edge.
NODE00533	signaling_cascade	module20_24_export	Node participates in at least one evidence-gated exported mechanism edge.
NODE00534	signaling_cascade	module20_24_export	Node participates in at least one evidence-gated exported mechanism edge.
NODE00535	signaling_cascade	module20_24_export	Node participates in at least one evidence-gated exported mechanism edge.
NODE00536	signaling_cascade	module20_24_export	Node participates in at least one evidence-gated exported mechanism edge.
NODE00536	target_gene	register_target_gene_layer	edge=M22B-E006617; evidence=M22B-EVID-006790 || edge=M22B-E008794; evidence=M22B-EVID-008967
NODE00537	signaling_cascade	module20_24_export	Node participates in at least one evidence-gated exported mechanism edge.
NODE00537	target_gene	register_target_gene_layer	edge=M22B-E006618; evidence=M22B-EVID-006791 || edge=M22B-E008795; evidence=M22B-EVID-008968
NODE00538	signaling_cascade	module20_24_export	Node participates in at least one evidence-gated exported mechanism edge.
NODE00539	signaling_cascade	module20_24_export	Node participates in at least one evidence-gated exported mechanism edge.
NODE00540	signaling_cascade	module20_24_export	Node participates in at least one evidence-gated exported mechanism edge.
NODE00541	signaling_cascade	module20_24_export	Node participates in at least one evidence-gated exported mechanism edge.
NODE00542	signaling_cascade	module20_24_export	Node participates in at least one evidence-gated exported mechanism edge.
NODE00543	signaling_cascade	module20_24_export	Node participates in at least one evidence-gated exported mechanism edge.
NODE00544	signaling_cascade	module20_24_export	Node participates in at least one evidence-gated exported mechanism edge.
NODE00545	signaling_cascade	module20_24_export	Node participates in at least one evidence-gated exported mechanism edge.
NODE00546	signaling_cascade	module20_24_export	Node participates in at least one evidence-gated exported mechanism edge.
NODE00547	signaling_cascade	module20_24_export	Node participates in at least one evidence-gated exported mechanism edge.
NODE00548	signaling_cascade	module20_24_export	Node participates in at least one evidence-gated exported mechanism edge.
NODE00549	signaling_cascade	module20_24_export	Node participates in at least one evidence-gated exported mechanism edge.
NODE00550	ligand	register_ligand_receptor_layer	edge=M20B-E002547; evidence=M20B-EVID-002547 || edge=M20B-E002548; evidence=M20B-EVID-002548
NODE00550	signaling_cascade	module20_24_export	Node participates in at least one evidence-gated exported mechanism edge.
NODE00551	signaling_cascade	module20_24_export	Node participates in at least one evidence-gated exported mechanism edge.
NODE00552	signaling_cascade	module20_24_export	Node participates in at least one evidence-gated exported mechanism edge.
NODE00553	signaling_cascade	module20_24_export	Node participates in at least one evidence-gated exported mechanism edge.
NODE00554	signaling_cascade	module20_24_export	Node participates in at least one evidence-gated exported mechanism edge.
NODE00555	signaling_cascade	module20_24_export	Node participates in at least one evidence-gated exported mechanism edge.
NODE00556	ligand	register_ligand_receptor_layer	edge=M20B-E002549; evidence=M20B-EVID-002549 || edge=M20B-E002550; evidence=M20B-EVID-002550 || edge=M20B-E002551; evidence=M20B-EVID-002551;M20B-EVID-005287-P2-RELAY;M20B-EVID-005288-P2-FUNC
NODE00556	signaling_cascade	module20_24_export	Node participates in at least one evidence-gated exported mechanism edge.
NODE00556	target_gene	register_target_gene_layer	edge=M22B-E006312; evidence=M22B-EVID-006485 || edge=M22B-E006986; evidence=M22B-EVID-007159 || edge=M22B-E008464; evidence=M22B-EVID-008637
NODE00557	ligand	register_ligand_receptor_layer	edge=M23B-E000920; evidence=M23B-EVID-001265
NODE00557	signaling_cascade	module20_24_export	Node participates in at least one evidence-gated exported mechanism edge.
NODE00558	ligand	register_ligand_receptor_layer	edge=M20B-E002552; evidence=M20B-EVID-002552 || edge=M20B-E002553; evidence=M20B-EVID-002553 || edge=M20B-E002554; evidence=M20B-EVID-002554 || edge=M23B-E000109; evidence=M23B-EVID-000177
NODE00558	signaling_cascade	module20_24_export	Node participates in at least one evidence-gated exported mechanism edge.
NODE00558	target_gene	register_target_gene_layer	edge=M22B-E005981; evidence=M22B-EVID-006154 || edge=M22B-E006313; evidence=M22B-EVID-006486 || edge=M22B-E008150; evidence=M22B-EVID-008323 || edge=M22B-E008465; evidence=M22B-EVID-008638 || edge=M22B-E009732; evidence=M22B-EVID-009905
NODE00559	ligand	register_ligand_receptor_layer	edge=M20B-E002555; evidence=M20B-EVID-002555 || edge=M20B-E002556; evidence=M20B-EVID-002556
NODE00559	signaling_cascade	module20_24_export	Node participates in at least one evidence-gated exported mechanism edge.
NODE00560	ligand	register_ligand_receptor_layer	edge=M20B-E002557; evidence=M20B-EVID-002557
NODE00560	signaling_cascade	module20_24_export	Node participates in at least one evidence-gated exported mechanism edge.
NODE00561	signaling_cascade	module20_24_export	Node participates in at least one evidence-gated exported mechanism edge.
NODE00562	ligand	register_ligand_receptor_layer	edge=M20B-E002560; evidence=M20B-EVID-002560 || edge=M20B-E002561; evidence=M20B-EVID-002561
NODE00562	signaling_cascade	module20_24_export	Node participates in at least one evidence-gated exported mechanism edge.
NODE00563	signaling_cascade	module20_24_export	Node participates in at least one evidence-gated exported mechanism edge.
NODE00564	ligand	register_ligand_receptor_layer	edge=M20B-E002563; evidence=M20B-EVID-002563 || edge=M20B-E002564; evidence=M20B-EVID-002564 || edge=M23B-E000112; evidence=M23B-EVID-000180
NODE00564	signaling_cascade	module20_24_export	Node participates in at least one evidence-gated exported mechanism edge.
NODE00565	signaling_cascade	module20_24_export	Node participates in at least one evidence-gated exported mechanism edge.
NODE00566	ligand	register_ligand_receptor_layer	edge=M20B-E002565; evidence=M20B-EVID-002565 || edge=M20B-E002566; evidence=M20B-EVID-002566 || edge=M20B-E002567; evidence=M20B-EVID-002567 || edge=M20B-E002568; evidence=M20B-EVID-002568 || edge=M20B-E002572; evidence=M20B-EVID-002572 || edge=M23B-E000113; evidence=M23B-EVID-000181
NODE00566	signaling_cascade	module20_24_export	Node participates in at least one evidence-gated exported mechanism edge.
NODE00566	target_gene	register_target_gene_layer	edge=M22B-E005846; evidence=M22B-EVID-006019 || edge=M22B-E008020; evidence=M22B-EVID-008193
NODE00567	signaling_cascade	module20_24_export	Node participates in at least one evidence-gated exported mechanism edge.
NODE00568	signaling_cascade	module20_24_export	Node participates in at least one evidence-gated exported mechanism edge.
NODE00569	signaling_cascade	module20_24_export	Node participates in at least one evidence-gated exported mechanism edge.
NODE00570	signaling_cascade	module20_24_export	Node participates in at least one evidence-gated exported mechanism edge.
NODE00571	signaling_cascade	module20_24_export	Node participates in at least one evidence-gated exported mechanism edge.
NODE00572	signaling_cascade	module20_24_export	Node participates in at least one evidence-gated exported mechanism edge.
NODE00573	signaling_cascade	module20_24_export	Node participates in at least one evidence-gated exported mechanism edge.
NODE00574	signaling_cascade	module20_24_export	Node participates in at least one evidence-gated exported mechanism edge.
NODE00575	signaling_cascade	module20_24_export	Node participates in at least one evidence-gated exported mechanism edge.
NODE00576	signaling_cascade	module20_24_export	Node participates in at least one evidence-gated exported mechanism edge.
NODE00576	target_gene	register_target_gene_layer	edge=M22B-E010009; evidence=M22B-EVID-010182
NODE00577	signaling_cascade	module20_24_export	Node participates in at least one evidence-gated exported mechanism edge.
NODE00577	target_gene	register_target_gene_layer	edge=M22B-E007675; evidence=M22B-EVID-007848 || edge=M22B-E009124; evidence=M22B-EVID-009297
NODE00578	signaling_cascade	module20_24_export	Node participates in at least one evidence-gated exported mechanism edge.
NODE00578	target_gene	register_target_gene_layer	edge=M22B-E006314; evidence=M22B-EVID-006487 || edge=M22B-E008466; evidence=M22B-EVID-008639
NODE00579	signaling_cascade	module20_24_export	Node participates in at least one evidence-gated exported mechanism edge.
NODE00580	signaling_cascade	module20_24_export	Node participates in at least one evidence-gated exported mechanism edge.
NODE00581	signaling_cascade	module20_24_export	Node participates in at least one evidence-gated exported mechanism edge.
NODE00582	signaling_cascade	module20_24_export	Node participates in at least one evidence-gated exported mechanism edge.
NODE00582	target_gene	register_target_gene_layer	edge=M22B-E005982; evidence=M22B-EVID-006155 || edge=M22B-E008151; evidence=M22B-EVID-008324
NODE00583	signaling_cascade	module20_24_export	Node participates in at least one evidence-gated exported mechanism edge.
NODE00584	signaling_cascade	module20_24_export	Node participates in at least one evidence-gated exported mechanism edge.
NODE00585	signaling_cascade	module20_24_export	Node participates in at least one evidence-gated exported mechanism edge.
NODE00585	target_gene	register_target_gene_layer	edge=M22B-E007676; evidence=M22B-EVID-007849 || edge=M22B-E009125; evidence=M22B-EVID-009298
NODE00586	ligand	register_ligand_receptor_layer	edge=M20B-E002578; evidence=M20B-EVID-002578;M20B-EVID-005289-P2-RELAY;M20B-EVID-005290-P2-FUNC
NODE00586	signaling_cascade	module20_24_export	Node participates in at least one evidence-gated exported mechanism edge.
NODE00587	signaling_cascade	module20_24_export	Node participates in at least one evidence-gated exported mechanism edge.
NODE00588	signaling_cascade	module20_24_export	Node participates in at least one evidence-gated exported mechanism edge.
NODE00589	signaling_cascade	module20_24_export	Node participates in at least one evidence-gated exported mechanism edge.
NODE00590	ligand	register_ligand_receptor_layer	edge=M20B-E002581; evidence=M20B-EVID-002581 || edge=M23B-E000484; evidence=M23B-EVID-000664
NODE00590	signaling_cascade	module20_24_export	Node participates in at least one evidence-gated exported mechanism edge.
NODE00590	target_gene	register_target_gene_layer	edge=M22B-E007677; evidence=M22B-EVID-007850 || edge=M22B-E009126; evidence=M22B-EVID-009299
NODE00591	signaling_cascade	module20_24_export	Node participates in at least one evidence-gated exported mechanism edge.
NODE00592	signaling_cascade	module20_24_export	Node participates in at least one evidence-gated exported mechanism edge.
NODE00593	signaling_cascade	module20_24_export	Node participates in at least one evidence-gated exported mechanism edge.
NODE00593	target_gene	register_target_gene_layer	edge=M22B-E007678; evidence=M22B-EVID-007851 || edge=M22B-E009127; evidence=M22B-EVID-009300
NODE00594	signaling_cascade	module20_24_export	Node participates in at least one evidence-gated exported mechanism edge.
NODE00595	signaling_cascade	module20_24_export	Node participates in at least one evidence-gated exported mechanism edge.
NODE00595	target_gene	register_target_gene_layer	edge=M22B-E007350; evidence=M22B-EVID-007523
NODE00596	signaling_cascade	module20_24_export	Node participates in at least one evidence-gated exported mechanism edge.
NODE00596	transcription_factor	register_target_gene_layer	edge=M22B-E009962; evidence=M22B-EVID-010135 || edge=M22B-E009963; evidence=M22B-EVID-010136 || edge=M22B-E010367; evidence=M22B-EVID-010539 || edge=M22B-E010536; evidence=M22B-EVID-010647 || edge=M22B-E010637; evidence=M22B-EVID-010733
NODE00597	signaling_cascade	module20_24_export	Node participates in at least one evidence-gated exported mechanism edge.
NODE00597	transcription_factor	register_target_gene_layer	edge=M22B-E010641; evidence=M22B-EVID-010737
NODE00598	signaling_cascade	module20_24_export	Node participates in at least one evidence-gated exported mechanism edge.
NODE00599	signaling_cascade	module20_24_export	Node participates in at least one evidence-gated exported mechanism edge.
NODE00600	signaling_cascade	module20_24_export	Node participates in at least one evidence-gated exported mechanism edge.
NODE00601	signaling_cascade	module20_24_export	Node participates in at least one evidence-gated exported mechanism edge.
NODE00602	signaling_cascade	module20_24_export	Node participates in at least one evidence-gated exported mechanism edge.
NODE00603	signaling_cascade	module20_24_export	Node participates in at least one evidence-gated exported mechanism edge.
NODE00604	signaling_cascade	module20_24_export	Node participates in at least one evidence-gated exported mechanism edge.
NODE00605	signaling_cascade	module20_24_export	Node participates in at least one evidence-gated exported mechanism edge.
NODE00606	signaling_cascade	module20_24_export	Node participates in at least one evidence-gated exported mechanism edge.
NODE00606	target_gene	register_target_gene_layer	edge=M22B-E007679; evidence=M22B-EVID-007852 || edge=M22B-E009128; evidence=M22B-EVID-009301
NODE00607	signaling_cascade	module20_24_export	Node participates in at least one evidence-gated exported mechanism edge.
NODE00608	signaling_cascade	module20_24_export	Node participates in at least one evidence-gated exported mechanism edge.
NODE00608	target_gene	register_target_gene_layer	edge=M22B-E006228; evidence=M22B-EVID-006401 || edge=M22B-E008381; evidence=M22B-EVID-008554
NODE00609	signaling_cascade	module20_24_export	Node participates in at least one evidence-gated exported mechanism edge.
NODE00610	signaling_cascade	module20_24_export	Node participates in at least one evidence-gated exported mechanism edge.
NODE00610	target_gene	register_target_gene_layer	edge=M22B-E006619; evidence=M22B-EVID-006792
NODE00611	signaling_cascade	module20_24_export	Node participates in at least one evidence-gated exported mechanism edge.
NODE00612	signaling_cascade	module20_24_export	Node participates in at least one evidence-gated exported mechanism edge.
NODE00613	signaling_cascade	module20_24_export	Node participates in at least one evidence-gated exported mechanism edge.
NODE00614	signaling_cascade	module20_24_export	Node participates in at least one evidence-gated exported mechanism edge.
NODE00614	target_gene	register_target_gene_layer	edge=M22B-E007680; evidence=M22B-EVID-007853 || edge=M22B-E009129; evidence=M22B-EVID-009302
NODE00615	signaling_cascade	module20_24_export	Node participates in at least one evidence-gated exported mechanism edge.
NODE00616	signaling_cascade	module20_24_export	Node participates in at least one evidence-gated exported mechanism edge.
NODE00617	signaling_cascade	module20_24_export	Node participates in at least one evidence-gated exported mechanism edge.
NODE00618	signaling_cascade	module20_24_export	Node participates in at least one evidence-gated exported mechanism edge.
NODE00618	target_gene	register_target_gene_layer	edge=M22B-E005847; evidence=M22B-EVID-006020 || edge=M22B-E006620; evidence=M22B-EVID-006793 || edge=M22B-E007045; evidence=M22B-EVID-007218 || edge=M22B-E008021; evidence=M22B-EVID-008194 || edge=M22B-E008796; evidence=M22B-EVID-008969 || edge=M22B-E009401; evidence=M22B-EVID-009574
NODE00619	signaling_cascade	module20_24_export	Node participates in at least one evidence-gated exported mechanism edge.
NODE00619	target_gene	register_target_gene_layer	edge=M22B-E006315; evidence=M22B-EVID-006488 || edge=M22B-E008467; evidence=M22B-EVID-008640
NODE00620	ligand	register_ligand_receptor_layer	edge=M20B-E002583; evidence=M20B-EVID-002583;M20B-EVID-005291-P2-RELAY;M20B-EVID-005292-P2-FUNC
NODE00620	signaling_cascade	module20_24_export	Node participates in at least one evidence-gated exported mechanism edge.
NODE00620	target_gene	register_target_gene_layer	edge=M22B-E006316; evidence=M22B-EVID-006489 || edge=M22B-E008468; evidence=M22B-EVID-008641
NODE00621	receptor	register_ligand_receptor_layer	edge=M20B-E002583; evidence=M20B-EVID-002583;M20B-EVID-005291-P2-RELAY;M20B-EVID-005292-P2-FUNC
NODE00621	signaling_cascade	module20_24_export	Node participates in at least one evidence-gated exported mechanism edge.
NODE00621	target_gene	register_target_gene_layer	edge=M22B-E009523; evidence=M22B-EVID-009696
NODE00622	signaling_cascade	module20_24_export	Node participates in at least one evidence-gated exported mechanism edge.
NODE00623	signaling_cascade	module20_24_export	Node participates in at least one evidence-gated exported mechanism edge.
NODE00624	receptor	register_ligand_receptor_layer	edge=M20B-E002982; evidence=M20B-EVID-002982
NODE00624	signaling_cascade	module20_24_export	Node participates in at least one evidence-gated exported mechanism edge.
NODE00625	signaling_cascade	module20_24_export	Node participates in at least one evidence-gated exported mechanism edge.
NODE00626	receptor	register_ligand_receptor_layer	edge=M20B-E004450; evidence=M20B-EVID-004450;M20B-EVID-004450-P2-DIRECT;M20B-EVID-004450-P2-FUNC;M20B-EVID-004450-P2-RELAY
NODE00626	signaling_cascade	module20_24_export	Node participates in at least one evidence-gated exported mechanism edge.
NODE00627	signaling_cascade	module20_24_export	Node participates in at least one evidence-gated exported mechanism edge.
NODE00628	ligand	register_ligand_receptor_layer	edge=M20B-E002586; evidence=M20B-EVID-002586
NODE00628	signaling_cascade	module20_24_export	Node participates in at least one evidence-gated exported mechanism edge.
NODE00628	target_gene	register_target_gene_layer	edge=M22B-E005848; evidence=M22B-EVID-006021 || edge=M22B-E007046; evidence=M22B-EVID-007219 || edge=M22B-E008022; evidence=M22B-EVID-008195
NODE00629	ligand	register_ligand_receptor_layer	edge=M20B-E002594; evidence=M20B-EVID-002594
NODE00629	signaling_cascade	module20_24_export	Node participates in at least one evidence-gated exported mechanism edge.
NODE00630	ligand	register_ligand_receptor_layer	edge=M20B-E002602; evidence=M20B-EVID-002602 || edge=M20B-E002603; evidence=M20B-EVID-002603 || edge=M20B-E002605; evidence=M20B-EVID-002605 || edge=M20B-E002607; evidence=M20B-EVID-002607 || edge=M20B-E002612; evidence=M20B-EVID-002612
NODE00630	signaling_cascade	module20_24_export	Node participates in at least one evidence-gated exported mechanism edge.
NODE00631	signaling_cascade	module20_24_export	Node participates in at least one evidence-gated exported mechanism edge.
NODE00632	signaling_cascade	module20_24_export	Node participates in at least one evidence-gated exported mechanism edge.
NODE00632	target_gene	register_target_gene_layer	edge=M22B-E005771; evidence=M22B-EVID-005944 || edge=M22B-E009431; evidence=M22B-EVID-009604
NODE00633	signaling_cascade	module20_24_export	Node participates in at least one evidence-gated exported mechanism edge.
NODE00634	ligand	register_ligand_receptor_layer	edge=M20B-E002619; evidence=M20B-EVID-002619 || edge=M20B-E002621; evidence=M20B-EVID-002621 || edge=M20B-E002623; evidence=M20B-EVID-002623 || edge=M20B-E002625; evidence=M20B-EVID-002625 || edge=M20B-E002626; evidence=M20B-EVID-002626 || edge=M20B-E002627; evidence=M20B-EVID-002627 || edge=M20B-E002629; evidence=M20B-EVID-002629 || edge=M20B-E002630; evidence=M20B-EVID-002630 || edge=M20B-E002631; evidence=M20B-EVID-002631 || edge=M20B-E002632; evidence=M20B-EVID-002632
NODE00634	signaling_cascade	module20_24_export	Node participates in at least one evidence-gated exported mechanism edge.
NODE00634	target_gene	register_target_gene_layer	edge=M22B-E007047; evidence=M22B-EVID-007220 || edge=M22B-E007351; evidence=M22B-EVID-007524
NODE00635	ligand	register_ligand_receptor_layer	edge=M23B-E001023; evidence=M23B-EVID-001376
NODE00635	signaling_cascade	module20_24_export	Node participates in at least one evidence-gated exported mechanism edge.
NODE00636	signaling_cascade	module20_24_export	Node participates in at least one evidence-gated exported mechanism edge.
NODE00637	signaling_cascade	module20_24_export	Node participates in at least one evidence-gated exported mechanism edge.
NODE00638	signaling_cascade	module20_24_export	Node participates in at least one evidence-gated exported mechanism edge.
NODE00639	signaling_cascade	module20_24_export	Node participates in at least one evidence-gated exported mechanism edge.
NODE00640	signaling_cascade	module20_24_export	Node participates in at least one evidence-gated exported mechanism edge.
NODE00641	signaling_cascade	module20_24_export	Node participates in at least one evidence-gated exported mechanism edge.
NODE00642	signaling_cascade	module20_24_export	Node participates in at least one evidence-gated exported mechanism edge.
NODE00643	signaling_cascade	module20_24_export	Node participates in at least one evidence-gated exported mechanism edge.
NODE00644	signaling_cascade	module20_24_export	Node participates in at least one evidence-gated exported mechanism edge.
NODE00644	target_gene	register_target_gene_layer	edge=M22B-E007352; evidence=M22B-EVID-007525
NODE00645	signaling_cascade	module20_24_export	Node participates in at least one evidence-gated exported mechanism edge.
NODE00646	signaling_cascade	module20_24_export	Node participates in at least one evidence-gated exported mechanism edge.
NODE00647	signaling_cascade	module20_24_export	Node participates in at least one evidence-gated exported mechanism edge.
NODE00648	signaling_cascade	module20_24_export	Node participates in at least one evidence-gated exported mechanism edge.
NODE00649	signaling_cascade	module20_24_export	Node participates in at least one evidence-gated exported mechanism edge.
NODE00650	signaling_cascade	module20_24_export	Node participates in at least one evidence-gated exported mechanism edge.
NODE00651	ligand	register_ligand_receptor_layer	edge=M20B-E001923; evidence=M20B-EVID-001923
NODE00651	receptor	register_ligand_receptor_layer	edge=M20B-E004964; evidence=M20B-EVID-004964;M20B-EVID-004964-P2-DIRECT;M20B-EVID-004964-P2-FUNC
NODE00651	signaling_cascade	module20_24_export	Node participates in at least one evidence-gated exported mechanism edge.
NODE00651	target_gene	register_target_gene_layer	edge=M22B-E006482; evidence=M22B-EVID-006655 || edge=M22B-E006621; evidence=M22B-EVID-006794 || edge=M22B-E007048; evidence=M22B-EVID-007221 || edge=M22B-E007353; evidence=M22B-EVID-007526 || edge=M22B-E008641; evidence=M22B-EVID-008814 || edge=M22B-E008797; evidence=M22B-EVID-008970
NODE00652	signaling_cascade	module20_24_export	Node participates in at least one evidence-gated exported mechanism edge.
NODE00653	signaling_cascade	module20_24_export	Node participates in at least one evidence-gated exported mechanism edge.
NODE00654	signaling_cascade	module20_24_export	Node participates in at least one evidence-gated exported mechanism edge.
NODE00655	signaling_cascade	module20_24_export	Node participates in at least one evidence-gated exported mechanism edge.
NODE00656	signaling_cascade	module20_24_export	Node participates in at least one evidence-gated exported mechanism edge.
NODE00657	signaling_cascade	module20_24_export	Node participates in at least one evidence-gated exported mechanism edge.
NODE00658	signaling_cascade	module20_24_export	Node participates in at least one evidence-gated exported mechanism edge.
NODE00659	signaling_cascade	module20_24_export	Node participates in at least one evidence-gated exported mechanism edge.
NODE00659	target_gene	register_target_gene_layer	edge=M22B-E006317; evidence=M22B-EVID-006490 || edge=M22B-E008469; evidence=M22B-EVID-008642
NODE00660	signaling_cascade	module20_24_export	Node participates in at least one evidence-gated exported mechanism edge.
NODE00660	target_gene	register_target_gene_layer	edge=M22B-E010521; evidence=M22B-EVID-010635 || edge=M22B-E010522; evidence=M22B-EVID-010636
NODE00661	signaling_cascade	module20_24_export	Node participates in at least one evidence-gated exported mechanism edge.
NODE00661	target_gene	register_target_gene_layer	edge=M22B-E006622; evidence=M22B-EVID-006795 || edge=M22B-E008798; evidence=M22B-EVID-008971
NODE00662	signaling_cascade	module20_24_export	Node participates in at least one evidence-gated exported mechanism edge.
NODE00662	target_gene	register_target_gene_layer	edge=M22B-E005849; evidence=M22B-EVID-006022 || edge=M22B-E007049; evidence=M22B-EVID-007222 || edge=M22B-E008023; evidence=M22B-EVID-008196 || edge=M22B-E009402; evidence=M22B-EVID-009575 || edge=M22B-E009432; evidence=M22B-EVID-009605 || edge=M22B-E010565; evidence=M22B-EVID-010663 || edge=M22B-E010693; evidence=M22B-EVID-010786
NODE00662	transcription_factor	register_target_gene_layer	edge=M22B-E009914; evidence=M22B-EVID-010087 || edge=M22B-E009915; evidence=M22B-EVID-010088 || edge=M22B-E009922; evidence=M22B-EVID-010095 || edge=M22B-E009923; evidence=M22B-EVID-010096 || edge=M22B-E010234; evidence=M22B-EVID-010407 || edge=M22B-E010405; evidence=M22B-EVID-010577 || edge=M22B-E010439; evidence=M22B-EVID-010607 || edge=M22B-E010599; evidence=M22B-EVID-010695 || edge=M22B-E010619; evidence=M22B-EVID-010715 || edge=M22B-E010620; evidence=M22B-EVID-010716
NODE00663	signaling_cascade	module20_24_export	Node participates in at least one evidence-gated exported mechanism edge.
NODE00664	signaling_cascade	module20_24_export	Node participates in at least one evidence-gated exported mechanism edge.
NODE00665	signaling_cascade	module20_24_export	Node participates in at least one evidence-gated exported mechanism edge.
NODE00666	signaling_cascade	module20_24_export	Node participates in at least one evidence-gated exported mechanism edge.
NODE00667	signaling_cascade	module20_24_export	Node participates in at least one evidence-gated exported mechanism edge.
NODE00667	target_gene	register_target_gene_layer	edge=M22B-E000035; evidence=M22B-EVID-000329;M22B-EVID-000349
NODE00668	ligand	register_ligand_receptor_layer	edge=M20B-E001799; evidence=M20B-EVID-001799;M20B-EVID-PROMO-20260826-004
NODE00668	signaling_cascade	module20_24_export	Node participates in at least one evidence-gated exported mechanism edge.
NODE00668	target_gene	register_target_gene_layer	edge=M22B-E005850; evidence=M22B-EVID-006023 || edge=M22B-E007050; evidence=M22B-EVID-007223 || edge=M22B-E008024; evidence=M22B-EVID-008197
NODE00669	signaling_cascade	module20_24_export	Node participates in at least one evidence-gated exported mechanism edge.
NODE00670	signaling_cascade	module20_24_export	Node participates in at least one evidence-gated exported mechanism edge.
NODE00671	signaling_cascade	module20_24_export	Node participates in at least one evidence-gated exported mechanism edge.
NODE00672	signaling_cascade	module20_24_export	Node participates in at least one evidence-gated exported mechanism edge.
NODE00673	signaling_cascade	module20_24_export	Node participates in at least one evidence-gated exported mechanism edge.
NODE00673	target_gene	register_target_gene_layer	edge=M22B-E006623; evidence=M22B-EVID-006796 || edge=M22B-E008799; evidence=M22B-EVID-008972
NODE00674	signaling_cascade	module20_24_export	Node participates in at least one evidence-gated exported mechanism edge.
NODE00675	signaling_cascade	module20_24_export	Node participates in at least one evidence-gated exported mechanism edge.
NODE00675	target_gene	register_target_gene_layer	edge=M22B-E006624; evidence=M22B-EVID-006797 || edge=M22B-E008800; evidence=M22B-EVID-008973
NODE00676	signaling_cascade	module20_24_export	Node participates in at least one evidence-gated exported mechanism edge.
NODE00676	target_gene	register_target_gene_layer	edge=M22B-E009524; evidence=M22B-EVID-009697
NODE00677	signaling_cascade	module20_24_export	Node participates in at least one evidence-gated exported mechanism edge.
NODE00678	signaling_cascade	module20_24_export	Node participates in at least one evidence-gated exported mechanism edge.
NODE00678	target_gene	register_target_gene_layer	edge=M22B-E006625; evidence=M22B-EVID-006798 || edge=M22B-E008801; evidence=M22B-EVID-008974
NODE00679	signaling_cascade	module20_24_export	Node participates in at least one evidence-gated exported mechanism edge.
NODE00680	signaling_cascade	module20_24_export	Node participates in at least one evidence-gated exported mechanism edge.
NODE00680	target_gene	register_target_gene_layer	edge=M22B-E000459; evidence=M22B-EVID-000010;M22B-EVID-000054
NODE00681	signaling_cascade	module20_24_export	Node participates in at least one evidence-gated exported mechanism edge.
NODE00682	signaling_cascade	module20_24_export	Node participates in at least one evidence-gated exported mechanism edge.
NODE00682	target_gene	register_target_gene_layer	edge=M22B-E006987; evidence=M22B-EVID-007160
NODE00683	signaling_cascade	module20_24_export	Node participates in at least one evidence-gated exported mechanism edge.
NODE00684	signaling_cascade	module20_24_export	Node participates in at least one evidence-gated exported mechanism edge.
NODE00685	signaling_cascade	module20_24_export	Node participates in at least one evidence-gated exported mechanism edge.
NODE00686	signaling_cascade	module20_24_export	Node participates in at least one evidence-gated exported mechanism edge.
NODE00686	target_gene	register_target_gene_layer	edge=M22B-E005983; evidence=M22B-EVID-006156
NODE00687	signaling_cascade	module20_24_export	Node participates in at least one evidence-gated exported mechanism edge.
NODE00688	signaling_cascade	module20_24_export	Node participates in at least one evidence-gated exported mechanism edge.
NODE00689	signaling_cascade	module20_24_export	Node participates in at least one evidence-gated exported mechanism edge.
NODE00690	signaling_cascade	module20_24_export	Node participates in at least one evidence-gated exported mechanism edge.
NODE00690	target_gene	register_target_gene_layer	edge=M22B-E007681; evidence=M22B-EVID-007854 || edge=M22B-E009130; evidence=M22B-EVID-009303
NODE00691	signaling_cascade	module20_24_export	Node participates in at least one evidence-gated exported mechanism edge.
NODE00692	signaling_cascade	module20_24_export	Node participates in at least one evidence-gated exported mechanism edge.
NODE00693	signaling_cascade	module20_24_export	Node participates in at least one evidence-gated exported mechanism edge.
NODE00694	signaling_cascade	module20_24_export	Node participates in at least one evidence-gated exported mechanism edge.
NODE00695	signaling_cascade	module20_24_export	Node participates in at least one evidence-gated exported mechanism edge.
NODE00696	signaling_cascade	module20_24_export	Node participates in at least one evidence-gated exported mechanism edge.
NODE00696	target_gene	register_target_gene_layer	edge=M22B-E006229; evidence=M22B-EVID-006402 || edge=M22B-E008382; evidence=M22B-EVID-008555
NODE00697	signaling_cascade	module20_24_export	Node participates in at least one evidence-gated exported mechanism edge.
NODE00697	target_gene	register_target_gene_layer	edge=M22B-E009814; evidence=M22B-EVID-009987
NODE00698	signaling_cascade	module20_24_export	Node participates in at least one evidence-gated exported mechanism edge.
NODE00699	signaling_cascade	module20_24_export	Node participates in at least one evidence-gated exported mechanism edge.
NODE00700	signaling_cascade	module20_24_export	Node participates in at least one evidence-gated exported mechanism edge.
NODE00701	signaling_cascade	module20_24_export	Node participates in at least one evidence-gated exported mechanism edge.
NODE00702	signaling_cascade	module20_24_export	Node participates in at least one evidence-gated exported mechanism edge.
NODE00703	signaling_cascade	module20_24_export	Node participates in at least one evidence-gated exported mechanism edge.
NODE00704	signaling_cascade	module20_24_export	Node participates in at least one evidence-gated exported mechanism edge.
NODE00704	target_gene	register_target_gene_layer	edge=M22B-E006626; evidence=M22B-EVID-006799
NODE00705	signaling_cascade	module20_24_export	Node participates in at least one evidence-gated exported mechanism edge.
NODE00706	ligand	register_ligand_receptor_layer	edge=M20B-E001800; evidence=M20B-EVID-001800 || edge=M20B-E001801; evidence=M20B-EVID-001801
NODE00706	signaling_cascade	module20_24_export	Node participates in at least one evidence-gated exported mechanism edge.
NODE00707	signaling_cascade	module20_24_export	Node participates in at least one evidence-gated exported mechanism edge.
NODE00708	signaling_cascade	module20_24_export	Node participates in at least one evidence-gated exported mechanism edge.
NODE00709	signaling_cascade	module20_24_export	Node participates in at least one evidence-gated exported mechanism edge.
NODE00710	signaling_cascade	module20_24_export	Node participates in at least one evidence-gated exported mechanism edge.
NODE00710	target_gene	register_target_gene_layer	edge=M22B-E005984; evidence=M22B-EVID-006157 || edge=M22B-E007682; evidence=M22B-EVID-007855 || edge=M22B-E008152; evidence=M22B-EVID-008325 || edge=M22B-E009131; evidence=M22B-EVID-009304
NODE00711	signaling_cascade	module20_24_export	Node participates in at least one evidence-gated exported mechanism edge.
NODE00712	signaling_cascade	module20_24_export	Node participates in at least one evidence-gated exported mechanism edge.
NODE00712	target_gene	register_target_gene_layer	edge=M22B-E007683; evidence=M22B-EVID-007856 || edge=M22B-E009132; evidence=M22B-EVID-009305
NODE00713	signaling_cascade	module20_24_export	Node participates in at least one evidence-gated exported mechanism edge.
NODE00713	transcription_factor	register_target_gene_layer	edge=M22B-E010356; evidence=M22B-EVID-010528
NODE00714	signaling_cascade	module20_24_export	Node participates in at least one evidence-gated exported mechanism edge.
NODE00714	transcription_factor	register_target_gene_layer	edge=M22B-E010615; evidence=M22B-EVID-010711
NODE00715	signaling_cascade	module20_24_export	Node participates in at least one evidence-gated exported mechanism edge.
NODE00715	target_gene	register_target_gene_layer	edge=M22B-E006627; evidence=M22B-EVID-006800 || edge=M22B-E008802; evidence=M22B-EVID-008975 || edge=M22B-E009815; evidence=M22B-EVID-009988
NODE00716	signaling_cascade	module20_24_export	Node participates in at least one evidence-gated exported mechanism edge.
NODE00717	signaling_cascade	module20_24_export	Node participates in at least one evidence-gated exported mechanism edge.
NODE00718	signaling_cascade	module20_24_export	Node participates in at least one evidence-gated exported mechanism edge.
NODE00719	signaling_cascade	module20_24_export	Node participates in at least one evidence-gated exported mechanism edge.
NODE00720	signaling_cascade	module20_24_export	Node participates in at least one evidence-gated exported mechanism edge.
NODE00721	signaling_cascade	module20_24_export	Node participates in at least one evidence-gated exported mechanism edge.
NODE00722	signaling_cascade	module20_24_export	Node participates in at least one evidence-gated exported mechanism edge.
NODE00722	target_gene	register_target_gene_layer	edge=M22B-E010691; evidence=M22B-EVID-010784
NODE00723	signaling_cascade	module20_24_export	Node participates in at least one evidence-gated exported mechanism edge.
NODE00724	signaling_cascade	module20_24_export	Node participates in at least one evidence-gated exported mechanism edge.
NODE00725	signaling_cascade	module20_24_export	Node participates in at least one evidence-gated exported mechanism edge.
NODE00726	signaling_cascade	module20_24_export	Node participates in at least one evidence-gated exported mechanism edge.
NODE00727	signaling_cascade	module20_24_export	Node participates in at least one evidence-gated exported mechanism edge.
NODE00727	target_gene	register_target_gene_layer	edge=M22B-E005798; evidence=M22B-EVID-005971 || edge=M22B-E007966; evidence=M22B-EVID-008139 || edge=M22B-E010001; evidence=M22B-EVID-010174
NODE00728	signaling_cascade	module20_24_export	Node participates in at least one evidence-gated exported mechanism edge.
NODE00729	signaling_cascade	module20_24_export	Node participates in at least one evidence-gated exported mechanism edge.
NODE00729	target_gene	register_target_gene_layer	edge=M22B-E006628; evidence=M22B-EVID-006801 || edge=M22B-E008803; evidence=M22B-EVID-008976 || edge=M22B-E009403; evidence=M22B-EVID-009576
NODE00730	signaling_cascade	module20_24_export	Node participates in at least one evidence-gated exported mechanism edge.
NODE00731	signaling_cascade	module20_24_export	Node participates in at least one evidence-gated exported mechanism edge.
NODE00732	signaling_cascade	module20_24_export	Node participates in at least one evidence-gated exported mechanism edge.
NODE00733	signaling_cascade	module20_24_export	Node participates in at least one evidence-gated exported mechanism edge.
NODE00734	signaling_cascade	module20_24_export	Node participates in at least one evidence-gated exported mechanism edge.
NODE00735	signaling_cascade	module20_24_export	Node participates in at least one evidence-gated exported mechanism edge.
NODE00736	signaling_cascade	module20_24_export	Node participates in at least one evidence-gated exported mechanism edge.
NODE00737	signaling_cascade	module20_24_export	Node participates in at least one evidence-gated exported mechanism edge.
NODE00738	signaling_cascade	module20_24_export	Node participates in at least one evidence-gated exported mechanism edge.
NODE00739	signaling_cascade	module20_24_export	Node participates in at least one evidence-gated exported mechanism edge.
NODE00740	signaling_cascade	module20_24_export	Node participates in at least one evidence-gated exported mechanism edge.
NODE00741	signaling_cascade	module20_24_export	Node participates in at least one evidence-gated exported mechanism edge.
NODE00742	signaling_cascade	module20_24_export	Node participates in at least one evidence-gated exported mechanism edge.
NODE00743	signaling_cascade	module20_24_export	Node participates in at least one evidence-gated exported mechanism edge.
NODE00744	signaling_cascade	module20_24_export	Node participates in at least one evidence-gated exported mechanism edge.
NODE00745	signaling_cascade	module20_24_export	Node participates in at least one evidence-gated exported mechanism edge.
NODE00746	signaling_cascade	module20_24_export	Node participates in at least one evidence-gated exported mechanism edge.
NODE00747	signaling_cascade	module20_24_export	Node participates in at least one evidence-gated exported mechanism edge.
NODE00748	signaling_cascade	module20_24_export	Node participates in at least one evidence-gated exported mechanism edge.
NODE00749	signaling_cascade	module20_24_export	Node participates in at least one evidence-gated exported mechanism edge.
NODE00750	signaling_cascade	module20_24_export	Node participates in at least one evidence-gated exported mechanism edge.
NODE00751	signaling_cascade	module20_24_export	Node participates in at least one evidence-gated exported mechanism edge.
NODE00752	signaling_cascade	module20_24_export	Node participates in at least one evidence-gated exported mechanism edge.
NODE00753	signaling_cascade	module20_24_export	Node participates in at least one evidence-gated exported mechanism edge.
NODE00754	signaling_cascade	module20_24_export	Node participates in at least one evidence-gated exported mechanism edge.
NODE00755	signaling_cascade	module20_24_export	Node participates in at least one evidence-gated exported mechanism edge.
NODE00756	signaling_cascade	module20_24_export	Node participates in at least one evidence-gated exported mechanism edge.
NODE00757	signaling_cascade	module20_24_export	Node participates in at least one evidence-gated exported mechanism edge.
NODE00758	signaling_cascade	module20_24_export	Node participates in at least one evidence-gated exported mechanism edge.
NODE00759	signaling_cascade	module20_24_export	Node participates in at least one evidence-gated exported mechanism edge.
NODE00760	signaling_cascade	module20_24_export	Node participates in at least one evidence-gated exported mechanism edge.
NODE00761	signaling_cascade	module20_24_export	Node participates in at least one evidence-gated exported mechanism edge.
NODE00762	signaling_cascade	module20_24_export	Node participates in at least one evidence-gated exported mechanism edge.
NODE00763	signaling_cascade	module20_24_export	Node participates in at least one evidence-gated exported mechanism edge.
NODE00764	signaling_cascade	module20_24_export	Node participates in at least one evidence-gated exported mechanism edge.
NODE00765	signaling_cascade	module20_24_export	Node participates in at least one evidence-gated exported mechanism edge.
NODE00766	signaling_cascade	module20_24_export	Node participates in at least one evidence-gated exported mechanism edge.
NODE00767	signaling_cascade	module20_24_export	Node participates in at least one evidence-gated exported mechanism edge.
NODE00768	signaling_cascade	module20_24_export	Node participates in at least one evidence-gated exported mechanism edge.
NODE00769	signaling_cascade	module20_24_export	Node participates in at least one evidence-gated exported mechanism edge.
NODE00770	signaling_cascade	module20_24_export	Node participates in at least one evidence-gated exported mechanism edge.
NODE00771	signaling_cascade	module20_24_export	Node participates in at least one evidence-gated exported mechanism edge.
NODE00772	signaling_cascade	module20_24_export	Node participates in at least one evidence-gated exported mechanism edge.
NODE00773	signaling_cascade	module20_24_export	Node participates in at least one evidence-gated exported mechanism edge.
NODE00774	signaling_cascade	module20_24_export	Node participates in at least one evidence-gated exported mechanism edge.
NODE00775	signaling_cascade	module20_24_export	Node participates in at least one evidence-gated exported mechanism edge.
NODE00776	signaling_cascade	module20_24_export	Node participates in at least one evidence-gated exported mechanism edge.
NODE00777	signaling_cascade	module20_24_export	Node participates in at least one evidence-gated exported mechanism edge.
NODE00778	signaling_cascade	module20_24_export	Node participates in at least one evidence-gated exported mechanism edge.
NODE00779	signaling_cascade	module20_24_export	Node participates in at least one evidence-gated exported mechanism edge.
NODE00780	signaling_cascade	module20_24_export	Node participates in at least one evidence-gated exported mechanism edge.
NODE00781	signaling_cascade	module20_24_export	Node participates in at least one evidence-gated exported mechanism edge.
NODE00782	signaling_cascade	module20_24_export	Node participates in at least one evidence-gated exported mechanism edge.
NODE00783	signaling_cascade	module20_24_export	Node participates in at least one evidence-gated exported mechanism edge.
NODE00784	signaling_cascade	module20_24_export	Node participates in at least one evidence-gated exported mechanism edge.
NODE00785	signaling_cascade	module20_24_export	Node participates in at least one evidence-gated exported mechanism edge.
NODE00786	signaling_cascade	module20_24_export	Node participates in at least one evidence-gated exported mechanism edge.
NODE00787	signaling_cascade	module20_24_export	Node participates in at least one evidence-gated exported mechanism edge.
NODE00788	signaling_cascade	module20_24_export	Node participates in at least one evidence-gated exported mechanism edge.
NODE00789	signaling_cascade	module20_24_export	Node participates in at least one evidence-gated exported mechanism edge.
NODE00790	signaling_cascade	module20_24_export	Node participates in at least one evidence-gated exported mechanism edge.
NODE00791	signaling_cascade	module20_24_export	Node participates in at least one evidence-gated exported mechanism edge.
NODE00792	signaling_cascade	module20_24_export	Node participates in at least one evidence-gated exported mechanism edge.
NODE00793	signaling_cascade	module20_24_export	Node participates in at least one evidence-gated exported mechanism edge.
NODE00794	signaling_cascade	module20_24_export	Node participates in at least one evidence-gated exported mechanism edge.
NODE00795	signaling_cascade	module20_24_export	Node participates in at least one evidence-gated exported mechanism edge.
NODE00796	signaling_cascade	module20_24_export	Node participates in at least one evidence-gated exported mechanism edge.
NODE00797	signaling_cascade	module20_24_export	Node participates in at least one evidence-gated exported mechanism edge.
NODE00798	signaling_cascade	module20_24_export	Node participates in at least one evidence-gated exported mechanism edge.
NODE00799	signaling_cascade	module20_24_export	Node participates in at least one evidence-gated exported mechanism edge.
NODE00800	signaling_cascade	module20_24_export	Node participates in at least one evidence-gated exported mechanism edge.
NODE00801	signaling_cascade	module20_24_export	Node participates in at least one evidence-gated exported mechanism edge.
NODE00802	signaling_cascade	module20_24_export	Node participates in at least one evidence-gated exported mechanism edge.
NODE00803	signaling_cascade	module20_24_export	Node participates in at least one evidence-gated exported mechanism edge.
NODE00804	signaling_cascade	module20_24_export	Node participates in at least one evidence-gated exported mechanism edge.
NODE00805	signaling_cascade	module20_24_export	Node participates in at least one evidence-gated exported mechanism edge.
NODE00806	signaling_cascade	module20_24_export	Node participates in at least one evidence-gated exported mechanism edge.
NODE00807	signaling_cascade	module20_24_export	Node participates in at least one evidence-gated exported mechanism edge.
NODE00808	signaling_cascade	module20_24_export	Node participates in at least one evidence-gated exported mechanism edge.
NODE00809	signaling_cascade	module20_24_export	Node participates in at least one evidence-gated exported mechanism edge.
NODE00810	signaling_cascade	module20_24_export	Node participates in at least one evidence-gated exported mechanism edge.
NODE00811	signaling_cascade	module20_24_export	Node participates in at least one evidence-gated exported mechanism edge.
NODE00812	signaling_cascade	module20_24_export	Node participates in at least one evidence-gated exported mechanism edge.
NODE00813	signaling_cascade	module20_24_export	Node participates in at least one evidence-gated exported mechanism edge.
NODE00814	signaling_cascade	module20_24_export	Node participates in at least one evidence-gated exported mechanism edge.
NODE00815	signaling_cascade	module20_24_export	Node participates in at least one evidence-gated exported mechanism edge.
NODE00815	target_gene	register_target_gene_layer	edge=M22B-E006629; evidence=M22B-EVID-006802
NODE00816	signaling_cascade	module20_24_export	Node participates in at least one evidence-gated exported mechanism edge.
NODE00817	signaling_cascade	module20_24_export	Node participates in at least one evidence-gated exported mechanism edge.
NODE00817	target_gene	register_target_gene_layer	edge=M22B-E007051; evidence=M22B-EVID-007224
NODE00817	transcription_factor	register_target_gene_layer	edge=M22B-E005762; evidence=M22B-EVID-005935 || edge=M22B-E005765; evidence=M22B-EVID-005938 || edge=M22B-E005771; evidence=M22B-EVID-005944 || edge=M22B-E005772; evidence=M22B-EVID-005945 || edge=M22B-E005773; evidence=M22B-EVID-005946 || edge=M22B-E005774; evidence=M22B-EVID-005947 || edge=M22B-E005775; evidence=M22B-EVID-005948 || edge=M22B-E005776; evidence=M22B-EVID-005949 || edge=M22B-E005777; evidence=M22B-EVID-005950 || edge=M22B-E005778; evidence=M22B-EVID-005951 || edge=M22B-E005779; evidence=M22B-EVID-005952 || edge=M22B-E005780; evidence=M22B-EVID-005953 || edge=M22B-E005781; evidence=M22B-EVID-005954 || edge=M22B-E005782; evidence=M22B-EVID-005955 || edge=M22B-E005783; evidence=M22B-EVID-005956 || edge=M22B-E005784; evidence=M22B-EVID-005957 || edge=M22B-E005785; evidence=M22B-EVID-005958 || edge=M22B-E005786; evidence=M22B-EVID-005959 || edge=M22B-E005787; evidence=M22B-EVID-005960 || edge=M22B-E005788; evidence=M22B-EVID-005961 || edge=M22B-E005789; evidence=M22B-EVID-005962 || edge=M22B-E005790; evidence=M22B-EVID-005963 || edge=M22B-E005791; evidence=M22B-EVID-005964 || edge=M22B-E005792; evidence=M22B-EVID-005965 || edge=M22B-E005793; evidence=M22B-EVID-005966 || edge=M22B-E007939; evidence=M22B-EVID-008112 || edge=M22B-E007940; evidence=M22B-EVID-008113 || edge=M22B-E007941; evidence=M22B-EVID-008114 || edge=M22B-E007942; evidence=M22B-EVID-008115 || edge=M22B-E007943; evidence=M22B-EVID-008116 || edge=M22B-E007944; evidence=M22B-EVID-008117 || edge=M22B-E007945; evidence=M22B-EVID-008118 || edge=M22B-E007946; evidence=M22B-EVID-008119 || edge=M22B-E007947; evidence=M22B-EVID-008120 || edge=M22B-E007948; evidence=M22B-EVID-008121 || edge=M22B-E007949; evidence=M22B-EVID-008122 || edge=M22B-E007950; evidence=M22B-EVID-008123 || edge=M22B-E007951; evidence=M22B-EVID-008124 || edge=M22B-E007952; evidence=M22B-EVID-008125 || edge=M22B-E007953; evidence=M22B-EVID-008126 || edge=M22B-E007954; evidence=M22B-EVID-008127 || edge=M22B-E007955; evidence=M22B-EVID-008128 || edge=M22B-E007956; evidence=M22B-EVID-008129 || edge=M22B-E007957; evidence=M22B-EVID-008130 || edge=M22B-E007958; evidence=M22B-EVID-008131 || edge=M22B-E007959; evidence=M22B-EVID-008132 || edge=M22B-E007960; evidence=M22B-EVID-008133 || edge=M22B-E009360; evidence=M22B-EVID-009533 || edge=M22B-E009361; evidence=M22B-EVID-009534 || edge=M22B-E009362; evidence=M22B-EVID-009535 || edge=M22B-E009363; evidence=M22B-EVID-009536 || edge=M22B-E009364; evidence=M22B-EVID-009537 || edge=M22B-E009621; evidence=M22B-EVID-009794 || edge=M22B-E009622; evidence=M22B-EVID-009795 || edge=M22B-E009623; evidence=M22B-EVID-009796 || edge=M22B-E009624; evidence=M22B-EVID-009797 || edge=M22B-E009625; evidence=M22B-EVID-009798 || edge=M22B-E009626; evidence=M22B-EVID-009799 || edge=M22B-E009627; evidence=M22B-EVID-009800 || edge=M22B-E009628; evidence=M22B-EVID-009801 || edge=M22B-E009629; evidence=M22B-EVID-009802 || edge=M22B-E010032; evidence=M22B-EVID-010205 || edge=M22B-E010033; evidence=M22B-EVID-010206 || edge=M22B-E010034; evidence=M22B-EVID-010207 || edge=M22B-E010035; evidence=M22B-EVID-010208 || edge=M22B-E010036; evidence=M22B-EVID-010209
NODE00818	signaling_cascade	module20_24_export	Node participates in at least one evidence-gated exported mechanism edge.
NODE00819	signaling_cascade	module20_24_export	Node participates in at least one evidence-gated exported mechanism edge.
NODE00820	signaling_cascade	module20_24_export	Node participates in at least one evidence-gated exported mechanism edge.
NODE00820	target_gene	register_target_gene_layer	edge=M22B-E005772; evidence=M22B-EVID-005945 || edge=M22B-E005851; evidence=M22B-EVID-006024 || edge=M22B-E006483; evidence=M22B-EVID-006656 || edge=M22B-E006591; evidence=M22B-EVID-006764 || edge=M22B-E007684; evidence=M22B-EVID-007857 || edge=M22B-E007940; evidence=M22B-EVID-008113 || edge=M22B-E008025; evidence=M22B-EVID-008198 || edge=M22B-E008642; evidence=M22B-EVID-008815 || edge=M22B-E008743; evidence=M22B-EVID-008916
NODE00821	signaling_cascade	module20_24_export	Node participates in at least one evidence-gated exported mechanism edge.
NODE00821	target_gene	register_target_gene_layer	edge=M22B-E006630; evidence=M22B-EVID-006803 || edge=M22B-E008804; evidence=M22B-EVID-008977
NODE00821	transcription_factor	register_target_gene_layer	edge=M22B-E010001; evidence=M22B-EVID-010174 || edge=M22B-E010002; evidence=M22B-EVID-010175 || edge=M22B-E010046; evidence=M22B-EVID-010219 || edge=M22B-E010047; evidence=M22B-EVID-010220 || edge=M22B-E010537; evidence=M22B-EVID-010647
NODE00822	signaling_cascade	module20_24_export	Node participates in at least one evidence-gated exported mechanism edge.
NODE00823	signaling_cascade	module20_24_export	Node participates in at least one evidence-gated exported mechanism edge.
NODE00824	signaling_cascade	module20_24_export	Node participates in at least one evidence-gated exported mechanism edge.
NODE00825	signaling_cascade	module20_24_export	Node participates in at least one evidence-gated exported mechanism edge.
NODE00826	signaling_cascade	module20_24_export	Node participates in at least one evidence-gated exported mechanism edge.
NODE00826	target_gene	register_target_gene_layer	edge=M22B-E009940; evidence=M22B-EVID-010113
NODE00827	signaling_cascade	module20_24_export	Node participates in at least one evidence-gated exported mechanism edge.
NODE00828	signaling_cascade	module20_24_export	Node participates in at least one evidence-gated exported mechanism edge.
NODE00829	signaling_cascade	module20_24_export	Node participates in at least one evidence-gated exported mechanism edge.
NODE00830	signaling_cascade	module20_24_export	Node participates in at least one evidence-gated exported mechanism edge.
NODE00830	target_gene	register_target_gene_layer	edge=M22B-E006631; evidence=M22B-EVID-006804
NODE00831	signaling_cascade	module20_24_export	Node participates in at least one evidence-gated exported mechanism edge.
NODE00832	signaling_cascade	module20_24_export	Node participates in at least one evidence-gated exported mechanism edge.
NODE00833	signaling_cascade	module20_24_export	Node participates in at least one evidence-gated exported mechanism edge.
NODE00834	signaling_cascade	module20_24_export	Node participates in at least one evidence-gated exported mechanism edge.
NODE00835	signaling_cascade	module20_24_export	Node participates in at least one evidence-gated exported mechanism edge.
NODE00836	signaling_cascade	module20_24_export	Node participates in at least one evidence-gated exported mechanism edge.
NODE00837	signaling_cascade	module20_24_export	Node participates in at least one evidence-gated exported mechanism edge.
NODE00838	signaling_cascade	module20_24_export	Node participates in at least one evidence-gated exported mechanism edge.
NODE00839	signaling_cascade	module20_24_export	Node participates in at least one evidence-gated exported mechanism edge.
NODE00840	signaling_cascade	module20_24_export	Node participates in at least one evidence-gated exported mechanism edge.
NODE00841	signaling_cascade	module20_24_export	Node participates in at least one evidence-gated exported mechanism edge.
NODE00842	signaling_cascade	module20_24_export	Node participates in at least one evidence-gated exported mechanism edge.
NODE00843	signaling_cascade	module20_24_export	Node participates in at least one evidence-gated exported mechanism edge.
NODE00844	signaling_cascade	module20_24_export	Node participates in at least one evidence-gated exported mechanism edge.
NODE00844	target_gene	register_target_gene_layer	edge=M22B-E007354; evidence=M22B-EVID-007527
NODE00845	signaling_cascade	module20_24_export	Node participates in at least one evidence-gated exported mechanism edge.
NODE00846	signaling_cascade	module20_24_export	Node participates in at least one evidence-gated exported mechanism edge.
NODE00847	signaling_cascade	module20_24_export	Node participates in at least one evidence-gated exported mechanism edge.
NODE00848	signaling_cascade	module20_24_export	Node participates in at least one evidence-gated exported mechanism edge.
NODE00849	signaling_cascade	module20_24_export	Node participates in at least one evidence-gated exported mechanism edge.
NODE00850	signaling_cascade	module20_24_export	Node participates in at least one evidence-gated exported mechanism edge.
NODE00850	target_gene	register_target_gene_layer	edge=M22B-E007052; evidence=M22B-EVID-007225
NODE00851	signaling_cascade	module20_24_export	Node participates in at least one evidence-gated exported mechanism edge.
NODE00852	signaling_cascade	module20_24_export	Node participates in at least one evidence-gated exported mechanism edge.
NODE00853	signaling_cascade	module20_24_export	Node participates in at least one evidence-gated exported mechanism edge.
NODE00853	transcription_factor	register_target_gene_layer	edge=M22B-E010606; evidence=M22B-EVID-010702
NODE00854	signaling_cascade	module20_24_export	Node participates in at least one evidence-gated exported mechanism edge.
NODE00855	signaling_cascade	module20_24_export	Node participates in at least one evidence-gated exported mechanism edge.
NODE00856	signaling_cascade	module20_24_export	Node participates in at least one evidence-gated exported mechanism edge.
NODE00857	signaling_cascade	module20_24_export	Node participates in at least one evidence-gated exported mechanism edge.
NODE00858	signaling_cascade	module20_24_export	Node participates in at least one evidence-gated exported mechanism edge.
NODE00859	signaling_cascade	module20_24_export	Node participates in at least one evidence-gated exported mechanism edge.
NODE00860	signaling_cascade	module20_24_export	Node participates in at least one evidence-gated exported mechanism edge.
NODE00861	signaling_cascade	module20_24_export	Node participates in at least one evidence-gated exported mechanism edge.
NODE00862	signaling_cascade	module20_24_export	Node participates in at least one evidence-gated exported mechanism edge.
NODE00863	signaling_cascade	module20_24_export	Node participates in at least one evidence-gated exported mechanism edge.
NODE00863	target_gene	register_target_gene_layer	edge=M22B-E006632; evidence=M22B-EVID-006805 || edge=M22B-E008805; evidence=M22B-EVID-008978
NODE00864	signaling_cascade	module20_24_export	Node participates in at least one evidence-gated exported mechanism edge.
NODE00865	receptor	register_ligand_receptor_layer	edge=M20B-E002514; evidence=M20B-EVID-002514
NODE00865	signaling_cascade	module20_24_export	Node participates in at least one evidence-gated exported mechanism edge.
NODE00865	target_gene	register_target_gene_layer	edge=M22B-E007053; evidence=M22B-EVID-007226
NODE00866	receptor	register_ligand_receptor_layer	edge=M23B-E000917; evidence=M23B-EVID-001262
NODE00866	signaling_cascade	module20_24_export	Node participates in at least one evidence-gated exported mechanism edge.
NODE00867	signaling_cascade	module20_24_export	Node participates in at least one evidence-gated exported mechanism edge.
NODE00868	signaling_cascade	module20_24_export	Node participates in at least one evidence-gated exported mechanism edge.
NODE00868	target_gene	register_target_gene_layer	edge=M22B-E009926; evidence=M22B-EVID-010099
NODE00869	signaling_cascade	module20_24_export	Node participates in at least one evidence-gated exported mechanism edge.
NODE00869	target_gene	register_target_gene_layer	edge=M22B-E005852; evidence=M22B-EVID-006025 || edge=M22B-E007054; evidence=M22B-EVID-007227 || edge=M22B-E008026; evidence=M22B-EVID-008199
NODE00870	signaling_cascade	module20_24_export	Node participates in at least one evidence-gated exported mechanism edge.
NODE00870	target_gene	register_target_gene_layer	edge=M22B-E005985; evidence=M22B-EVID-006158 || edge=M22B-E008153; evidence=M22B-EVID-008326 || edge=M22B-E009525; evidence=M22B-EVID-009698
NODE00871	signaling_cascade	module20_24_export	Node participates in at least one evidence-gated exported mechanism edge.
NODE00871	target_gene	register_target_gene_layer	edge=M22B-E006230; evidence=M22B-EVID-006403 || edge=M22B-E008383; evidence=M22B-EVID-008556
NODE00872	signaling_cascade	module20_24_export	Node participates in at least one evidence-gated exported mechanism edge.
NODE00872	target_gene	register_target_gene_layer	edge=M22B-E009526; evidence=M22B-EVID-009699
NODE00873	signaling_cascade	module20_24_export	Node participates in at least one evidence-gated exported mechanism edge.
NODE00874	signaling_cascade	module20_24_export	Node participates in at least one evidence-gated exported mechanism edge.
NODE00875	receptor	register_ligand_receptor_layer	edge=M20B-E004690; evidence=M20B-EVID-004690;M20B-EVID-004690-P2-DIRECT;M20B-EVID-004690-P2-FUNC;M20B-EVID-004690-P2-RELAY
NODE00875	signaling_cascade	module20_24_export	Node participates in at least one evidence-gated exported mechanism edge.
NODE00876	signaling_cascade	module20_24_export	Node participates in at least one evidence-gated exported mechanism edge.
NODE00877	signaling_cascade	module20_24_export	Node participates in at least one evidence-gated exported mechanism edge.
NODE00877	target_gene	register_target_gene_layer	edge=M22B-E005986; evidence=M22B-EVID-006159 || edge=M22B-E008154; evidence=M22B-EVID-008327
NODE00878	signaling_cascade	module20_24_export	Node participates in at least one evidence-gated exported mechanism edge.
NODE00878	target_gene	register_target_gene_layer	edge=M22B-E006633; evidence=M22B-EVID-006806 || edge=M22B-E008806; evidence=M22B-EVID-008979
NODE00879	signaling_cascade	module20_24_export	Node participates in at least one evidence-gated exported mechanism edge.
NODE00880	signaling_cascade	module20_24_export	Node participates in at least one evidence-gated exported mechanism edge.
NODE00881	signaling_cascade	module20_24_export	Node participates in at least one evidence-gated exported mechanism edge.
NODE00882	signaling_cascade	module20_24_export	Node participates in at least one evidence-gated exported mechanism edge.
NODE00882	target_gene	register_target_gene_layer	edge=M22B-E007355; evidence=M22B-EVID-007528
NODE00883	signaling_cascade	module20_24_export	Node participates in at least one evidence-gated exported mechanism edge.
NODE00883	target_gene	register_target_gene_layer	edge=M22B-E006231; evidence=M22B-EVID-006404 || edge=M22B-E008384; evidence=M22B-EVID-008557
NODE00884	signaling_cascade	module20_24_export	Node participates in at least one evidence-gated exported mechanism edge.
NODE00884	target_gene	register_target_gene_layer	edge=M22B-E005987; evidence=M22B-EVID-006160
NODE00885	signaling_cascade	module20_24_export	Node participates in at least one evidence-gated exported mechanism edge.
NODE00886	signaling_cascade	module20_24_export	Node participates in at least one evidence-gated exported mechanism edge.
NODE00886	target_gene	register_target_gene_layer	edge=M22B-E006318; evidence=M22B-EVID-006491 || edge=M22B-E008470; evidence=M22B-EVID-008643
NODE00887	signaling_cascade	module20_24_export	Node participates in at least one evidence-gated exported mechanism edge.
NODE00888	signaling_cascade	module20_24_export	Node participates in at least one evidence-gated exported mechanism edge.
NODE00889	ligand	register_ligand_receptor_layer	edge=M20B-E002667; evidence=M20B-EVID-002667 || edge=M20B-E002668; evidence=M20B-EVID-002668 || edge=M20B-E002669; evidence=M20B-EVID-002669
NODE00889	signaling_cascade	module20_24_export	Node participates in at least one evidence-gated exported mechanism edge.
NODE00889	target_gene	register_target_gene_layer	edge=M22B-E006634; evidence=M22B-EVID-006807 || edge=M22B-E008807; evidence=M22B-EVID-008980
NODE00890	receptor	register_ligand_receptor_layer	edge=M20B-E002667; evidence=M20B-EVID-002667 || edge=M20B-E004442; evidence=M20B-EVID-004442;M20B-EVID-004442-P2-DIRECT;M20B-EVID-004442-P2-FUNC;M20B-EVID-004442-P2-RELAY
NODE00890	signaling_cascade	module20_24_export	Node participates in at least one evidence-gated exported mechanism edge.
NODE00890	target_gene	register_target_gene_layer	edge=M22B-E010645; evidence=M22B-EVID-010740
NODE00891	signaling_cascade	module20_24_export	Node participates in at least one evidence-gated exported mechanism edge.
NODE00892	signaling_cascade	module20_24_export	Node participates in at least one evidence-gated exported mechanism edge.
NODE00893	receptor	register_ligand_receptor_layer	edge=M20B-E002668; evidence=M20B-EVID-002668 || edge=M20B-E004443; evidence=M20B-EVID-004443;M20B-EVID-004443-P2-DIRECT;M20B-EVID-004443-P2-FUNC;M20B-EVID-004443-P2-RELAY
NODE00893	signaling_cascade	module20_24_export	Node participates in at least one evidence-gated exported mechanism edge.
NODE00894	signaling_cascade	module20_24_export	Node participates in at least one evidence-gated exported mechanism edge.
NODE00895	receptor	register_ligand_receptor_layer	edge=M20B-E002669; evidence=M20B-EVID-002669 || edge=M20B-E004444; evidence=M20B-EVID-004444;M20B-EVID-004444-P2-DIRECT;M20B-EVID-004444-P2-FUNC;M20B-EVID-004444-P2-RELAY
NODE00895	signaling_cascade	module20_24_export	Node participates in at least one evidence-gated exported mechanism edge.
NODE00895	target_gene	register_target_gene_layer	edge=M22B-E010688; evidence=M22B-EVID-010781
NODE00896	signaling_cascade	module20_24_export	Node participates in at least one evidence-gated exported mechanism edge.
NODE00897	signaling_cascade	module20_24_export	Node participates in at least one evidence-gated exported mechanism edge.
NODE00898	signaling_cascade	module20_24_export	Node participates in at least one evidence-gated exported mechanism edge.
NODE00899	signaling_cascade	module20_24_export	Node participates in at least one evidence-gated exported mechanism edge.
NODE00900	signaling_cascade	module20_24_export	Node participates in at least one evidence-gated exported mechanism edge.
NODE00901	signaling_cascade	module20_24_export	Node participates in at least one evidence-gated exported mechanism edge.
NODE00902	signaling_cascade	module20_24_export	Node participates in at least one evidence-gated exported mechanism edge.
NODE00902	target_gene	register_target_gene_layer	edge=M22B-E006635; evidence=M22B-EVID-006808 || edge=M22B-E008808; evidence=M22B-EVID-008981 || edge=M22B-E010127; evidence=M22B-EVID-010300
NODE00903	receptor	register_ligand_receptor_layer	edge=M20B-E003524; evidence=M20B-EVID-003524;M20B-EVID-005317-P2-RELAY;M20B-EVID-005320-P2-FUNC || edge=M20B-E004595; evidence=M20B-EVID-004595;M20B-EVID-004595-P2-DIRECT;M20B-EVID-004595-P2-FUNC;M20B-EVID-004595-P2-RELAY
NODE00903	signaling_cascade	module20_24_export	Node participates in at least one evidence-gated exported mechanism edge.
NODE00903	target_gene	register_target_gene_layer	edge=M22B-E007685; evidence=M22B-EVID-007858 || edge=M22B-E009133; evidence=M22B-EVID-009306 || edge=M22B-E010637; evidence=M22B-EVID-010733
NODE00904	signaling_cascade	module20_24_export	Node participates in at least one evidence-gated exported mechanism edge.
NODE00905	signaling_cascade	module20_24_export	Node participates in at least one evidence-gated exported mechanism edge.
NODE00906	signaling_cascade	module20_24_export	Node participates in at least one evidence-gated exported mechanism edge.
NODE00907	signaling_cascade	module20_24_export	Node participates in at least one evidence-gated exported mechanism edge.
NODE00908	signaling_cascade	module20_24_export	Node participates in at least one evidence-gated exported mechanism edge.
NODE00909	signaling_cascade	module20_24_export	Node participates in at least one evidence-gated exported mechanism edge.
NODE00910	signaling_cascade	module20_24_export	Node participates in at least one evidence-gated exported mechanism edge.
NODE00911	signaling_cascade	module20_24_export	Node participates in at least one evidence-gated exported mechanism edge.
NODE00912	signaling_cascade	module20_24_export	Node participates in at least one evidence-gated exported mechanism edge.
NODE00913	signaling_cascade	module20_24_export	Node participates in at least one evidence-gated exported mechanism edge.
NODE00914	signaling_cascade	module20_24_export	Node participates in at least one evidence-gated exported mechanism edge.
NODE00915	signaling_cascade	module20_24_export	Node participates in at least one evidence-gated exported mechanism edge.
NODE00915	target_gene	register_target_gene_layer	edge=M22B-E009134; evidence=M22B-EVID-009307
NODE00916	signaling_cascade	module20_24_export	Node participates in at least one evidence-gated exported mechanism edge.
NODE00916	target_gene	register_target_gene_layer	edge=M22B-E008385; evidence=M22B-EVID-008558
NODE00917	signaling_cascade	module20_24_export	Node participates in at least one evidence-gated exported mechanism edge.
NODE00917	target_gene	register_target_gene_layer	edge=M22B-E008155; evidence=M22B-EVID-008328
NODE00918	signaling_cascade	module20_24_export	Node participates in at least one evidence-gated exported mechanism edge.
NODE00918	target_gene	register_target_gene_layer	edge=M22B-E008386; evidence=M22B-EVID-008559
NODE00919	signaling_cascade	module20_24_export	Node participates in at least one evidence-gated exported mechanism edge.
NODE00919	target_gene	register_target_gene_layer	edge=M22B-E008597; evidence=M22B-EVID-008770
NODE00920	signaling_cascade	module20_24_export	Node participates in at least one evidence-gated exported mechanism edge.
NODE00921	signaling_cascade	module20_24_export	Node participates in at least one evidence-gated exported mechanism edge.
NODE00922	signaling_cascade	module20_24_export	Node participates in at least one evidence-gated exported mechanism edge.
NODE00923	receptor	register_ligand_receptor_layer	edge=M20B-E002536; evidence=M20B-EVID-002536
NODE00923	signaling_cascade	module20_24_export	Node participates in at least one evidence-gated exported mechanism edge.
NODE00924	signaling_cascade	module20_24_export	Node participates in at least one evidence-gated exported mechanism edge.
NODE00924	target_gene	register_target_gene_layer	edge=M22B-E008809; evidence=M22B-EVID-008982
NODE00925	signaling_cascade	module20_24_export	Node participates in at least one evidence-gated exported mechanism edge.
NODE00925	target_gene	register_target_gene_layer	edge=M22B-E008287; evidence=M22B-EVID-008460 || edge=M22B-E008643; evidence=M22B-EVID-008816
NODE00926	signaling_cascade	module20_24_export	Node participates in at least one evidence-gated exported mechanism edge.
NODE00926	target_gene	register_target_gene_layer	edge=M22B-E005988; evidence=M22B-EVID-006161 || edge=M22B-E007356; evidence=M22B-EVID-007529 || edge=M22B-E008156; evidence=M22B-EVID-008329
NODE00927	signaling_cascade	module20_24_export	Node participates in at least one evidence-gated exported mechanism edge.
NODE00927	target_gene	register_target_gene_layer	edge=M22B-E009733; evidence=M22B-EVID-009906
NODE00928	signaling_cascade	module20_24_export	Node participates in at least one evidence-gated exported mechanism edge.
NODE00928	target_gene	register_target_gene_layer	edge=M22B-E007055; evidence=M22B-EVID-007228
NODE00929	signaling_cascade	module20_24_export	Node participates in at least one evidence-gated exported mechanism edge.
NODE00929	target_gene	register_target_gene_layer	edge=M22B-E009527; evidence=M22B-EVID-009700
NODE00930	signaling_cascade	module20_24_export	Node participates in at least one evidence-gated exported mechanism edge.
NODE00930	target_gene	register_target_gene_layer	edge=M22B-E008157; evidence=M22B-EVID-008330 || edge=M22B-E008288; evidence=M22B-EVID-008461
NODE00931	signaling_cascade	module20_24_export	Node participates in at least one evidence-gated exported mechanism edge.
NODE00932	signaling_cascade	module20_24_export	Node participates in at least one evidence-gated exported mechanism edge.
NODE00932	target_gene	register_target_gene_layer	edge=M22B-E009510; evidence=M22B-EVID-009683
NODE00933	signaling_cascade	module20_24_export	Node participates in at least one evidence-gated exported mechanism edge.
NODE00933	target_gene	register_target_gene_layer	edge=M22B-E009528; evidence=M22B-EVID-009701 || edge=M22B-E009714; evidence=M22B-EVID-009887 || edge=M22B-E009816; evidence=M22B-EVID-009989
NODE00934	signaling_cascade	module20_24_export	Node participates in at least one evidence-gated exported mechanism edge.
NODE00935	signaling_cascade	module20_24_export	Node participates in at least one evidence-gated exported mechanism edge.
NODE00936	signaling_cascade	module20_24_export	Node participates in at least one evidence-gated exported mechanism edge.
NODE00937	signaling_cascade	module20_24_export	Node participates in at least one evidence-gated exported mechanism edge.
NODE00938	signaling_cascade	module20_24_export	Node participates in at least one evidence-gated exported mechanism edge.
NODE00939	signaling_cascade	module20_24_export	Node participates in at least one evidence-gated exported mechanism edge.
NODE00940	signaling_cascade	module20_24_export	Node participates in at least one evidence-gated exported mechanism edge.
NODE00941	signaling_cascade	module20_24_export	Node participates in at least one evidence-gated exported mechanism edge.
NODE00942	signaling_cascade	module20_24_export	Node participates in at least one evidence-gated exported mechanism edge.
NODE00943	signaling_cascade	module20_24_export	Node participates in at least one evidence-gated exported mechanism edge.
NODE00944	signaling_cascade	module20_24_export	Node participates in at least one evidence-gated exported mechanism edge.
NODE00945	signaling_cascade	module20_24_export	Node participates in at least one evidence-gated exported mechanism edge.
NODE00946	signaling_cascade	module20_24_export	Node participates in at least one evidence-gated exported mechanism edge.
NODE00947	signaling_cascade	module20_24_export	Node participates in at least one evidence-gated exported mechanism edge.
NODE00948	signaling_cascade	module20_24_export	Node participates in at least one evidence-gated exported mechanism edge.
NODE00949	signaling_cascade	module20_24_export	Node participates in at least one evidence-gated exported mechanism edge.
NODE00950	signaling_cascade	module20_24_export	Node participates in at least one evidence-gated exported mechanism edge.
NODE00950	target_gene	register_target_gene_layer	edge=M22B-E007686; evidence=M22B-EVID-007859 || edge=M22B-E009135; evidence=M22B-EVID-009308
NODE00951	signaling_cascade	module20_24_export	Node participates in at least one evidence-gated exported mechanism edge.
NODE00952	signaling_cascade	module20_24_export	Node participates in at least one evidence-gated exported mechanism edge.
NODE00953	signaling_cascade	module20_24_export	Node participates in at least one evidence-gated exported mechanism edge.
NODE00954	signaling_cascade	module20_24_export	Node participates in at least one evidence-gated exported mechanism edge.
NODE00955	signaling_cascade	module20_24_export	Node participates in at least one evidence-gated exported mechanism edge.
NODE00956	signaling_cascade	module20_24_export	Node participates in at least one evidence-gated exported mechanism edge.
NODE00956	transcription_factor	register_target_gene_layer	edge=M22B-E010616; evidence=M22B-EVID-010712
NODE00957	signaling_cascade	module20_24_export	Node participates in at least one evidence-gated exported mechanism edge.
NODE00957	target_gene	register_target_gene_layer	edge=M22B-E006137; evidence=M22B-EVID-006310 || edge=M22B-E006484; evidence=M22B-EVID-006657 || edge=M22B-E008289; evidence=M22B-EVID-008462 || edge=M22B-E008644; evidence=M22B-EVID-008817
NODE00958	signaling_cascade	module20_24_export	Node participates in at least one evidence-gated exported mechanism edge.
NODE00958	target_gene	register_target_gene_layer	edge=M22B-E005853; evidence=M22B-EVID-006026 || edge=M22B-E005989; evidence=M22B-EVID-006162 || edge=M22B-E006636; evidence=M22B-EVID-006809 || edge=M22B-E007056; evidence=M22B-EVID-007229 || edge=M22B-E007357; evidence=M22B-EVID-007530 || edge=M22B-E007687; evidence=M22B-EVID-007860 || edge=M22B-E008027; evidence=M22B-EVID-008200 || edge=M22B-E008158; evidence=M22B-EVID-008331 || edge=M22B-E008471; evidence=M22B-EVID-008644 || edge=M22B-E008810; evidence=M22B-EVID-008983 || edge=M22B-E009136; evidence=M22B-EVID-009309
NODE00959	signaling_cascade	module20_24_export	Node participates in at least one evidence-gated exported mechanism edge.
NODE00959	target_gene	register_target_gene_layer	edge=M22B-E006446; evidence=M22B-EVID-006619 || edge=M22B-E006637; evidence=M22B-EVID-006810 || edge=M22B-E007688; evidence=M22B-EVID-007861
NODE00960	signaling_cascade	module20_24_export	Node participates in at least one evidence-gated exported mechanism edge.
NODE00961	receptor	register_ligand_receptor_layer	edge=M20B-E004107; evidence=M20B-EVID-004107;M20B-EVID-004107-P2-DIRECT;M20B-EVID-004107-P2-FUNC;M20B-EVID-004107-P2-RELAY
NODE00961	signaling_cascade	module20_24_export	Node participates in at least one evidence-gated exported mechanism edge.
NODE00962	signaling_cascade	module20_24_export	Node participates in at least one evidence-gated exported mechanism edge.
NODE00963	signaling_cascade	module20_24_export	Node participates in at least one evidence-gated exported mechanism edge.
NODE00964	signaling_cascade	module20_24_export	Node participates in at least one evidence-gated exported mechanism edge.
NODE00965	signaling_cascade	module20_24_export	Node participates in at least one evidence-gated exported mechanism edge.
NODE00965	target_gene	register_target_gene_layer	edge=M22B-E005854; evidence=M22B-EVID-006027 || edge=M22B-E008028; evidence=M22B-EVID-008201
NODE00966	signaling_cascade	module20_24_export	Node participates in at least one evidence-gated exported mechanism edge.
NODE00967	signaling_cascade	module20_24_export	Node participates in at least one evidence-gated exported mechanism edge.
NODE00968	signaling_cascade	module20_24_export	Node participates in at least one evidence-gated exported mechanism edge.
NODE00968	target_gene	register_target_gene_layer	edge=M22B-E006232; evidence=M22B-EVID-006405
NODE00969	signaling_cascade	module20_24_export	Node participates in at least one evidence-gated exported mechanism edge.
NODE00969	target_gene	register_target_gene_layer	edge=M22B-E009782; evidence=M22B-EVID-009955
NODE00970	signaling_cascade	module20_24_export	Node participates in at least one evidence-gated exported mechanism edge.
NODE00971	signaling_cascade	module20_24_export	Node participates in at least one evidence-gated exported mechanism edge.
NODE00971	target_gene	register_target_gene_layer	edge=M22B-E000446; evidence=M22B-EVID-000008 || edge=M22B-E000447; evidence=M22B-EVID-000056 || edge=M22B-E005739; evidence=M22B-EVID-005912 || edge=M22B-E005773; evidence=M22B-EVID-005946 || edge=M22B-E005855; evidence=M22B-EVID-006028 || edge=M22B-E005990; evidence=M22B-EVID-006163 || edge=M22B-E006638; evidence=M22B-EVID-006811 || edge=M22B-E006970; evidence=M22B-EVID-007143 || edge=M22B-E007057; evidence=M22B-EVID-007230 || edge=M22B-E007358; evidence=M22B-EVID-007531 || edge=M22B-E007941; evidence=M22B-EVID-008114 || edge=M22B-E008029; evidence=M22B-EVID-008202 || edge=M22B-E008159; evidence=M22B-EVID-008332 || edge=M22B-E009085; evidence=M22B-EVID-009258 || edge=M22B-E009419; evidence=M22B-EVID-009592 || edge=M22B-E009630; evidence=M22B-EVID-009803 || edge=M22B-E010040; evidence=M22B-EVID-010213
NODE00972	signaling_cascade	module20_24_export	Node participates in at least one evidence-gated exported mechanism edge.
NODE00973	signaling_cascade	module20_24_export	Node participates in at least one evidence-gated exported mechanism edge.
NODE00974	signaling_cascade	module20_24_export	Node participates in at least one evidence-gated exported mechanism edge.
NODE00974	target_gene	register_target_gene_layer	edge=M22B-E005799; evidence=M22B-EVID-005972 || edge=M22B-E006138; evidence=M22B-EVID-006311 || edge=M22B-E006319; evidence=M22B-EVID-006492 || edge=M22B-E006971; evidence=M22B-EVID-007144 || edge=M22B-E007967; evidence=M22B-EVID-008140 || edge=M22B-E008290; evidence=M22B-EVID-008463 || edge=M22B-E008472; evidence=M22B-EVID-008645 || edge=M22B-E009086; evidence=M22B-EVID-009259 || edge=M22B-E009137; evidence=M22B-EVID-009310 || edge=M22B-E009998; evidence=M22B-EVID-010171
NODE00975	signaling_cascade	module20_24_export	Node participates in at least one evidence-gated exported mechanism edge.
NODE00976	signaling_cascade	module20_24_export	Node participates in at least one evidence-gated exported mechanism edge.
NODE00976	target_gene	register_target_gene_layer	edge=M22B-E006139; evidence=M22B-EVID-006312 || edge=M22B-E008291; evidence=M22B-EVID-008464
NODE00977	signaling_cascade	module20_24_export	Node participates in at least one evidence-gated exported mechanism edge.
NODE00978	signaling_cascade	module20_24_export	Node participates in at least one evidence-gated exported mechanism edge.
NODE00979	signaling_cascade	module20_24_export	Node participates in at least one evidence-gated exported mechanism edge.
NODE00980	signaling_cascade	module20_24_export	Node participates in at least one evidence-gated exported mechanism edge.
NODE00980	target_gene	register_target_gene_layer	edge=M22B-E006639; evidence=M22B-EVID-006812
NODE00981	signaling_cascade	module20_24_export	Node participates in at least one evidence-gated exported mechanism edge.
NODE00981	target_gene	register_target_gene_layer	edge=M22B-E007689; evidence=M22B-EVID-007862 || edge=M22B-E009138; evidence=M22B-EVID-009311
NODE00982	signaling_cascade	module20_24_export	Node participates in at least one evidence-gated exported mechanism edge.
NODE00982	target_gene	register_target_gene_layer	edge=M22B-E006640; evidence=M22B-EVID-006813 || edge=M22B-E006972; evidence=M22B-EVID-007145 || edge=M22B-E007359; evidence=M22B-EVID-007532 || edge=M22B-E007690; evidence=M22B-EVID-007863 || edge=M22B-E008811; evidence=M22B-EVID-008984 || edge=M22B-E009087; evidence=M22B-EVID-009260 || edge=M22B-E009139; evidence=M22B-EVID-009312 || edge=M22B-E009734; evidence=M22B-EVID-009907 || edge=M22B-E009968; evidence=M22B-EVID-010141
NODE00983	signaling_cascade	module20_24_export	Node participates in at least one evidence-gated exported mechanism edge.
NODE00983	target_gene	register_target_gene_layer	edge=M22B-E007360; evidence=M22B-EVID-007533
NODE00984	signaling_cascade	module20_24_export	Node participates in at least one evidence-gated exported mechanism edge.
NODE00985	signaling_cascade	module20_24_export	Node participates in at least one evidence-gated exported mechanism edge.
NODE00986	signaling_cascade	module20_24_export	Node participates in at least one evidence-gated exported mechanism edge.
NODE00987	signaling_cascade	module20_24_export	Node participates in at least one evidence-gated exported mechanism edge.
NODE00988	signaling_cascade	module20_24_export	Node participates in at least one evidence-gated exported mechanism edge.
NODE00988	target_gene	register_target_gene_layer	edge=M22B-E005856; evidence=M22B-EVID-006029 || edge=M22B-E006988; evidence=M22B-EVID-007161 || edge=M22B-E008030; evidence=M22B-EVID-008203
NODE00989	signaling_cascade	module20_24_export	Node participates in at least one evidence-gated exported mechanism edge.
NODE00990	signaling_cascade	module20_24_export	Node participates in at least one evidence-gated exported mechanism edge.
NODE00991	receptor	register_ligand_receptor_layer	edge=M24B-E000133; evidence=M24B-EVID-000182;M24B-EVID-PROMO-20260826-023
NODE00991	signaling_cascade	module20_24_export	Node participates in at least one evidence-gated exported mechanism edge.
NODE00991	target_gene	register_target_gene_layer	edge=M22B-E006485; evidence=M22B-EVID-006658 || edge=M22B-E008645; evidence=M22B-EVID-008818
NODE00992	signaling_cascade	module20_24_export	Node participates in at least one evidence-gated exported mechanism edge.
NODE00993	signaling_cascade	module20_24_export	Node participates in at least one evidence-gated exported mechanism edge.
NODE00994	signaling_cascade	module20_24_export	Node participates in at least one evidence-gated exported mechanism edge.
NODE00995	receptor	register_ligand_receptor_layer	edge=M24B-E000144; evidence=M24B-EVID-000193;M24B-EVID-PROMO-20260826-024
NODE00995	signaling_cascade	module20_24_export	Node participates in at least one evidence-gated exported mechanism edge.
NODE00995	target_gene	register_target_gene_layer	edge=M22B-E007691; evidence=M22B-EVID-007864 || edge=M22B-E009140; evidence=M22B-EVID-009313 || edge=M22B-E009456; evidence=M22B-EVID-009629
NODE00996	signaling_cascade	module20_24_export	Node participates in at least one evidence-gated exported mechanism edge.
NODE00997	ligand	register_ligand_receptor_layer	edge=M20B-E001776; evidence=M20B-EVID-001776 || edge=M20B-E001802; evidence=M20B-EVID-001802
NODE00997	signaling_cascade	module20_24_export	Node participates in at least one evidence-gated exported mechanism edge.
NODE00997	target_gene	register_target_gene_layer	edge=M22B-E009952; evidence=M22B-EVID-010125 || edge=M22B-E010067; evidence=M22B-EVID-010240
NODE00998	signaling_cascade	module20_24_export	Node participates in at least one evidence-gated exported mechanism edge.
NODE00998	target_gene	register_target_gene_layer	edge=M22B-E000036; evidence=M22B-EVID-000137 || edge=M22B-E000282; evidence=M22B-EVID-001069;M22B-EVID-001095;M22B-EVID-001120;M22B-EVID-001146;M22B-EVID-001172;M22B-EVID-001198;M22B-EVID-001223;M22B-EVID-001249;M22B-EVID-001275;M22B-EVID-001301;M22B-EVID-001326;M22B-EVID-001351;M22B-EVID-001376
NODE00999	signaling_cascade	module20_24_export	Node participates in at least one evidence-gated exported mechanism edge.
NODE01000	signaling_cascade	module20_24_export	Node participates in at least one evidence-gated exported mechanism edge.
NODE01001	signaling_cascade	module20_24_export	Node participates in at least one evidence-gated exported mechanism edge.
NODE01002	signaling_cascade	module20_24_export	Node participates in at least one evidence-gated exported mechanism edge.
NODE01003	signaling_cascade	module20_24_export	Node participates in at least one evidence-gated exported mechanism edge.
NODE01003	target_gene	register_target_gene_layer	edge=M22B-E000037; evidence=M22B-EVID-000330;M22B-EVID-000350
NODE01004	signaling_cascade	module20_24_export	Node participates in at least one evidence-gated exported mechanism edge.
NODE01005	signaling_cascade	module20_24_export	Node participates in at least one evidence-gated exported mechanism edge.
NODE01005	target_gene	register_target_gene_layer	edge=M22B-E009433; evidence=M22B-EVID-009606
NODE01006	signaling_cascade	module20_24_export	Node participates in at least one evidence-gated exported mechanism edge.
NODE01007	signaling_cascade	module20_24_export	Node participates in at least one evidence-gated exported mechanism edge.
NODE01008	signaling_cascade	module20_24_export	Node participates in at least one evidence-gated exported mechanism edge.
NODE01009	signaling_cascade	module20_24_export	Node participates in at least one evidence-gated exported mechanism edge.
NODE01010	signaling_cascade	module20_24_export	Node participates in at least one evidence-gated exported mechanism edge.
NODE01011	signaling_cascade	module20_24_export	Node participates in at least one evidence-gated exported mechanism edge.
NODE01012	signaling_cascade	module20_24_export	Node participates in at least one evidence-gated exported mechanism edge.
NODE01013	signaling_cascade	module20_24_export	Node participates in at least one evidence-gated exported mechanism edge.
NODE01014	signaling_cascade	module20_24_export	Node participates in at least one evidence-gated exported mechanism edge.
NODE01015	signaling_cascade	module20_24_export	Node participates in at least one evidence-gated exported mechanism edge.
NODE01016	signaling_cascade	module20_24_export	Node participates in at least one evidence-gated exported mechanism edge.
NODE01017	signaling_cascade	module20_24_export	Node participates in at least one evidence-gated exported mechanism edge.
NODE01018	signaling_cascade	module20_24_export	Node participates in at least one evidence-gated exported mechanism edge.
NODE01019	signaling_cascade	module20_24_export	Node participates in at least one evidence-gated exported mechanism edge.
NODE01020	signaling_cascade	module20_24_export	Node participates in at least one evidence-gated exported mechanism edge.
NODE01021	signaling_cascade	module20_24_export	Node participates in at least one evidence-gated exported mechanism edge.
NODE01022	signaling_cascade	module20_24_export	Node participates in at least one evidence-gated exported mechanism edge.
NODE01023	signaling_cascade	module20_24_export	Node participates in at least one evidence-gated exported mechanism edge.
NODE01024	signaling_cascade	module20_24_export	Node participates in at least one evidence-gated exported mechanism edge.
NODE01025	signaling_cascade	module20_24_export	Node participates in at least one evidence-gated exported mechanism edge.
NODE01026	signaling_cascade	module20_24_export	Node participates in at least one evidence-gated exported mechanism edge.
NODE01027	signaling_cascade	module20_24_export	Node participates in at least one evidence-gated exported mechanism edge.
NODE01028	signaling_cascade	module20_24_export	Node participates in at least one evidence-gated exported mechanism edge.
NODE01029	signaling_cascade	module20_24_export	Node participates in at least one evidence-gated exported mechanism edge.
NODE01030	signaling_cascade	module20_24_export	Node participates in at least one evidence-gated exported mechanism edge.
NODE01030	target_gene	register_target_gene_layer	edge=M22B-E009434; evidence=M22B-EVID-009607
NODE01031	signaling_cascade	module20_24_export	Node participates in at least one evidence-gated exported mechanism edge.
NODE01031	target_gene	register_target_gene_layer	edge=M22B-E009817; evidence=M22B-EVID-009990
NODE01032	signaling_cascade	module20_24_export	Node participates in at least one evidence-gated exported mechanism edge.
NODE01032	target_gene	register_target_gene_layer	edge=M22B-E009607; evidence=M22B-EVID-009780
NODE01033	signaling_cascade	module20_24_export	Node participates in at least one evidence-gated exported mechanism edge.
NODE01033	target_gene	register_target_gene_layer	edge=M22B-E009772; evidence=M22B-EVID-009945 || edge=M22B-E009818; evidence=M22B-EVID-009991
NODE01034	ligand	register_ligand_receptor_layer	edge=M23B-E001083; evidence=M23B-EVID-EXPAND23A-008
NODE01034	signaling_cascade	module20_24_export	Node participates in at least one evidence-gated exported mechanism edge.
NODE01035	signaling_cascade	module20_24_export	Node participates in at least one evidence-gated exported mechanism edge.
NODE01035	target_gene	register_target_gene_layer	edge=M22B-E006320; evidence=M22B-EVID-006493 || edge=M22B-E007692; evidence=M22B-EVID-007865 || edge=M22B-E008473; evidence=M22B-EVID-008646 || edge=M22B-E009141; evidence=M22B-EVID-009314
NODE01036	signaling_cascade	module20_24_export	Node participates in at least one evidence-gated exported mechanism edge.
NODE01036	target_gene	register_target_gene_layer	edge=M22B-E006321; evidence=M22B-EVID-006494 || edge=M22B-E008474; evidence=M22B-EVID-008647
NODE01037	signaling_cascade	module20_24_export	Node participates in at least one evidence-gated exported mechanism edge.
NODE01037	target_gene	register_target_gene_layer	edge=M22B-E005991; evidence=M22B-EVID-006164 || edge=M22B-E007693; evidence=M22B-EVID-007866 || edge=M22B-E008160; evidence=M22B-EVID-008333 || edge=M22B-E009142; evidence=M22B-EVID-009315 || edge=M22B-E009404; evidence=M22B-EVID-009577
NODE01038	signaling_cascade	module20_24_export	Node participates in at least one evidence-gated exported mechanism edge.
NODE01039	signaling_cascade	module20_24_export	Node participates in at least one evidence-gated exported mechanism edge.
NODE01040	signaling_cascade	module20_24_export	Node participates in at least one evidence-gated exported mechanism edge.
NODE01041	signaling_cascade	module20_24_export	Node participates in at least one evidence-gated exported mechanism edge.
NODE01042	signaling_cascade	module20_24_export	Node participates in at least one evidence-gated exported mechanism edge.
NODE01043	signaling_cascade	module20_24_export	Node participates in at least one evidence-gated exported mechanism edge.
NODE01044	ligand	register_ligand_receptor_layer	edge=M23B-E000465; evidence=M23B-EVID-000645
NODE01044	signaling_cascade	module20_24_export	Node participates in at least one evidence-gated exported mechanism edge.
NODE01045	signaling_cascade	module20_24_export	Node participates in at least one evidence-gated exported mechanism edge.
NODE01045	target_gene	register_target_gene_layer	edge=M22B-E005992; evidence=M22B-EVID-006165 || edge=M22B-E008161; evidence=M22B-EVID-008334 || edge=M22B-E010010; evidence=M22B-EVID-010183
NODE01046	signaling_cascade	module20_24_export	Node participates in at least one evidence-gated exported mechanism edge.
NODE01047	signaling_cascade	module20_24_export	Node participates in at least one evidence-gated exported mechanism edge.
NODE01048	signaling_cascade	module20_24_export	Node participates in at least one evidence-gated exported mechanism edge.
NODE01048	target_gene	register_target_gene_layer	edge=M22B-E006322; evidence=M22B-EVID-006495 || edge=M22B-E006592; evidence=M22B-EVID-006765 || edge=M22B-E007058; evidence=M22B-EVID-007231 || edge=M22B-E007694; evidence=M22B-EVID-007867
NODE01049	signaling_cascade	module20_24_export	Node participates in at least one evidence-gated exported mechanism edge.
NODE01049	target_gene	register_target_gene_layer	edge=M22B-E007695; evidence=M22B-EVID-007868
NODE01050	signaling_cascade	module20_24_export	Node participates in at least one evidence-gated exported mechanism edge.
NODE01050	target_gene	register_target_gene_layer	edge=M22B-E006233; evidence=M22B-EVID-006406 || edge=M22B-E008387; evidence=M22B-EVID-008560
NODE01051	signaling_cascade	module20_24_export	Node participates in at least one evidence-gated exported mechanism edge.
NODE01051	target_gene	register_target_gene_layer	edge=M22B-E006641; evidence=M22B-EVID-006814 || edge=M22B-E008812; evidence=M22B-EVID-008985
NODE01052	signaling_cascade	module20_24_export	Node participates in at least one evidence-gated exported mechanism edge.
NODE01052	target_gene	register_target_gene_layer	edge=M22B-E007059; evidence=M22B-EVID-007232
NODE01053	signaling_cascade	module20_24_export	Node participates in at least one evidence-gated exported mechanism edge.
NODE01054	signaling_cascade	module20_24_export	Node participates in at least one evidence-gated exported mechanism edge.
NODE01055	signaling_cascade	module20_24_export	Node participates in at least one evidence-gated exported mechanism edge.
NODE01056	signaling_cascade	module20_24_export	Node participates in at least one evidence-gated exported mechanism edge.
NODE01057	signaling_cascade	module20_24_export	Node participates in at least one evidence-gated exported mechanism edge.
NODE01058	signaling_cascade	module20_24_export	Node participates in at least one evidence-gated exported mechanism edge.
NODE01059	signaling_cascade	module20_24_export	Node participates in at least one evidence-gated exported mechanism edge.
NODE01060	signaling_cascade	module20_24_export	Node participates in at least one evidence-gated exported mechanism edge.
NODE01061	signaling_cascade	module20_24_export	Node participates in at least one evidence-gated exported mechanism edge.
NODE01062	signaling_cascade	module20_24_export	Node participates in at least one evidence-gated exported mechanism edge.
NODE01062	target_gene	register_target_gene_layer	edge=M22B-E009476; evidence=M22B-EVID-009649
NODE01063	signaling_cascade	module20_24_export	Node participates in at least one evidence-gated exported mechanism edge.
NODE01064	signaling_cascade	module20_24_export	Node participates in at least one evidence-gated exported mechanism edge.
NODE01065	signaling_cascade	module20_24_export	Node participates in at least one evidence-gated exported mechanism edge.
NODE01066	signaling_cascade	module20_24_export	Node participates in at least one evidence-gated exported mechanism edge.
NODE01067	ligand	register_ligand_receptor_layer	edge=M20B-E001803; evidence=M20B-EVID-001803;M20B-EVID-PROMO-20260826-005 || edge=M20B-E001804; evidence=M20B-EVID-001804;M20B-EVID-PROMO-20260826-006 || edge=M20B-E002702; evidence=M20B-EVID-002702
NODE01067	signaling_cascade	module20_24_export	Node participates in at least one evidence-gated exported mechanism edge.
NODE01068	signaling_cascade	module20_24_export	Node participates in at least one evidence-gated exported mechanism edge.
NODE01069	ligand	register_ligand_receptor_layer	edge=M20B-E001805; evidence=M20B-EVID-001805;M20B-EVID-005237-P2-FUNC;M20B-EVID-005237-P2-RELAY
NODE01069	signaling_cascade	module20_24_export	Node participates in at least one evidence-gated exported mechanism edge.
NODE01070	signaling_cascade	module20_24_export	Node participates in at least one evidence-gated exported mechanism edge.
NODE01071	ligand	register_ligand_receptor_layer	edge=M20B-E001806; evidence=M20B-EVID-001806;M20B-EVID-PROMO-20260826-007 || edge=M20B-E001807; evidence=M20B-EVID-001807;M20B-EVID-PROMO-20260826-008 || edge=M20B-E001808; evidence=M20B-EVID-001808;M20B-EVID-005240-P2-FUNC;M20B-EVID-005240-P2-RELAY;M20B-EVID-PROMO-20260826-009 || edge=M20B-E001809; evidence=M20B-EVID-001809 || edge=M20B-E001810; evidence=M20B-EVID-001810 || edge=M20B-E001811; evidence=M20B-EVID-001811;M20B-EVID-005241-P2-RELAY || edge=M20B-E002711; evidence=M20B-EVID-002711 || edge=M20B-E002712; evidence=M20B-EVID-002712 || edge=M20B-E002718; evidence=M20B-EVID-002718 || edge=M20B-E002719; evidence=M20B-EVID-002719
NODE01071	signaling_cascade	module20_24_export	Node participates in at least one evidence-gated exported mechanism edge.
NODE01071	target_gene	register_target_gene_layer	edge=M22B-E000420; evidence=M22B-EVID-000060
NODE01072	signaling_cascade	module20_24_export	Node participates in at least one evidence-gated exported mechanism edge.
NODE01073	signaling_cascade	module20_24_export	Node participates in at least one evidence-gated exported mechanism edge.
NODE01074	signaling_cascade	module20_24_export	Node participates in at least one evidence-gated exported mechanism edge.
NODE01075	ligand	register_ligand_receptor_layer	edge=M20B-E001812; evidence=M20B-EVID-001812;M20B-EVID-PROMO-20260826-010 || edge=M20B-E001813; evidence=M20B-EVID-001813 || edge=M20B-E001814; evidence=M20B-EVID-001814;M20B-EVID-005238-P2-FUNC;M20B-EVID-005238-P2-RELAY;M20B-EVID-PROMO-20260826-011 || edge=M20B-E001815; evidence=M20B-EVID-001815 || edge=M20B-E001816; evidence=M20B-EVID-001816 || edge=M20B-E001817; evidence=M20B-EVID-001817
NODE01075	signaling_cascade	module20_24_export	Node participates in at least one evidence-gated exported mechanism edge.
NODE01075	target_gene	register_target_gene_layer	edge=M22B-E005993; evidence=M22B-EVID-006166 || edge=M22B-E006642; evidence=M22B-EVID-006815 || edge=M22B-E008162; evidence=M22B-EVID-008335 || edge=M22B-E008813; evidence=M22B-EVID-008986
NODE01076	signaling_cascade	module20_24_export	Node participates in at least one evidence-gated exported mechanism edge.
NODE01077	signaling_cascade	module20_24_export	Node participates in at least one evidence-gated exported mechanism edge.
NODE01078	signaling_cascade	module20_24_export	Node participates in at least one evidence-gated exported mechanism edge.
NODE01079	ligand	register_ligand_receptor_layer	edge=M20B-E001818; evidence=M20B-EVID-001818 || edge=M20B-E001819; evidence=M20B-EVID-001819 || edge=M20B-E001820; evidence=M20B-EVID-001820 || edge=M20B-E001821; evidence=M20B-EVID-001821 || edge=M20B-E001822; evidence=M20B-EVID-001822 || edge=M20B-E001823; evidence=M20B-EVID-001823 || edge=M20B-E001824; evidence=M20B-EVID-001824 || edge=M20B-E001825; evidence=M20B-EVID-001825 || edge=M20B-E001826; evidence=M20B-EVID-001826
NODE01079	signaling_cascade	module20_24_export	Node participates in at least one evidence-gated exported mechanism edge.
NODE01080	signaling_cascade	module20_24_export	Node participates in at least one evidence-gated exported mechanism edge.
NODE01081	ligand	register_ligand_receptor_layer	edge=M20B-E001827; evidence=M20B-EVID-001827;M20B-EVID-005239-P2-FUNC;M20B-EVID-005239-P2-RELAY || edge=M20B-E001828; evidence=M20B-EVID-001828 || edge=M20B-E001829; evidence=M20B-EVID-001829;M20B-EVID-005242-P2-RELAY;M20B-EVID-PROMO-20260826-012 || edge=M20B-E001830; evidence=M20B-EVID-001830;M20B-EVID-005243-P2-RELAY || edge=M20B-E001831; evidence=M20B-EVID-001831 || edge=M20B-E001832; evidence=M20B-EVID-001832;M20B-EVID-005259-P2-RELAY;M20B-EVID-PROMO-20260826-013 || edge=M20B-E001833; evidence=M20B-EVID-001833 || edge=M20B-E001834; evidence=M20B-EVID-001834
NODE01081	signaling_cascade	module20_24_export	Node participates in at least one evidence-gated exported mechanism edge.
NODE01082	signaling_cascade	module20_24_export	Node participates in at least one evidence-gated exported mechanism edge.
NODE01083	ligand	register_ligand_receptor_layer	edge=M20B-E002742; evidence=M20B-EVID-002742
NODE01083	signaling_cascade	module20_24_export	Node participates in at least one evidence-gated exported mechanism edge.
NODE01084	signaling_cascade	module20_24_export	Node participates in at least one evidence-gated exported mechanism edge.
NODE01085	signaling_cascade	module20_24_export	Node participates in at least one evidence-gated exported mechanism edge.
NODE01086	signaling_cascade	module20_24_export	Node participates in at least one evidence-gated exported mechanism edge.
NODE01087	signaling_cascade	module20_24_export	Node participates in at least one evidence-gated exported mechanism edge.
NODE01088	signaling_cascade	module20_24_export	Node participates in at least one evidence-gated exported mechanism edge.
NODE01089	signaling_cascade	module20_24_export	Node participates in at least one evidence-gated exported mechanism edge.
NODE01090	signaling_cascade	module20_24_export	Node participates in at least one evidence-gated exported mechanism edge.
NODE01091	signaling_cascade	module20_24_export	Node participates in at least one evidence-gated exported mechanism edge.
NODE01092	signaling_cascade	module20_24_export	Node participates in at least one evidence-gated exported mechanism edge.
NODE01093	signaling_cascade	module20_24_export	Node participates in at least one evidence-gated exported mechanism edge.
NODE01094	signaling_cascade	module20_24_export	Node participates in at least one evidence-gated exported mechanism edge.
NODE01095	signaling_cascade	module20_24_export	Node participates in at least one evidence-gated exported mechanism edge.
NODE01096	signaling_cascade	module20_24_export	Node participates in at least one evidence-gated exported mechanism edge.
NODE01097	signaling_cascade	module20_24_export	Node participates in at least one evidence-gated exported mechanism edge.
NODE01098	receptor	register_ligand_receptor_layer	edge=M20B-E002702; evidence=M20B-EVID-002702
NODE01098	signaling_cascade	module20_24_export	Node participates in at least one evidence-gated exported mechanism edge.
NODE01098	target_gene	register_target_gene_layer	edge=M22B-E010667; evidence=M22B-EVID-010760
NODE01099	signaling_cascade	module20_24_export	Node participates in at least one evidence-gated exported mechanism edge.
NODE01100	signaling_cascade	module20_24_export	Node participates in at least one evidence-gated exported mechanism edge.
NODE01101	signaling_cascade	module20_24_export	Node participates in at least one evidence-gated exported mechanism edge.
NODE01102	receptor	register_ligand_receptor_layer	edge=M20B-E001806; evidence=M20B-EVID-001806;M20B-EVID-PROMO-20260826-007 || edge=M20B-E001812; evidence=M20B-EVID-001812;M20B-EVID-PROMO-20260826-010 || edge=M20B-E001821; evidence=M20B-EVID-001821 || edge=M20B-E001830; evidence=M20B-EVID-001830;M20B-EVID-005243-P2-RELAY
NODE01102	signaling_cascade	module20_24_export	Node participates in at least one evidence-gated exported mechanism edge.
NODE01103	receptor	register_ligand_receptor_layer	edge=M20B-E001807; evidence=M20B-EVID-001807;M20B-EVID-PROMO-20260826-008 || edge=M20B-E001813; evidence=M20B-EVID-001813 || edge=M20B-E001822; evidence=M20B-EVID-001822 || edge=M20B-E001831; evidence=M20B-EVID-001831
NODE01103	signaling_cascade	module20_24_export	Node participates in at least one evidence-gated exported mechanism edge.
NODE01104	receptor	register_ligand_receptor_layer	edge=M20B-E001808; evidence=M20B-EVID-001808;M20B-EVID-005240-P2-FUNC;M20B-EVID-005240-P2-RELAY;M20B-EVID-PROMO-20260826-009 || edge=M20B-E001814; evidence=M20B-EVID-001814;M20B-EVID-005238-P2-FUNC;M20B-EVID-005238-P2-RELAY;M20B-EVID-PROMO-20260826-011 || edge=M20B-E001823; evidence=M20B-EVID-001823 || edge=M20B-E001832; evidence=M20B-EVID-001832;M20B-EVID-005259-P2-RELAY;M20B-EVID-PROMO-20260826-013
NODE01104	signaling_cascade	module20_24_export	Node participates in at least one evidence-gated exported mechanism edge.
NODE01105	signaling_cascade	module20_24_export	Node participates in at least one evidence-gated exported mechanism edge.
NODE01105	target_gene	register_target_gene_layer	edge=M22B-E010578; evidence=M22B-EVID-010674
NODE01106	signaling_cascade	module20_24_export	Node participates in at least one evidence-gated exported mechanism edge.
NODE01107	signaling_cascade	module20_24_export	Node participates in at least one evidence-gated exported mechanism edge.
NODE01108	signaling_cascade	module20_24_export	Node participates in at least one evidence-gated exported mechanism edge.
NODE01109	receptor	register_ligand_receptor_layer	edge=M20B-E000731; evidence=M20B-EVID-000731 || edge=M20B-E001809; evidence=M20B-EVID-001809 || edge=M20B-E001815; evidence=M20B-EVID-001815 || edge=M20B-E001824; evidence=M20B-EVID-001824 || edge=M20B-E001833; evidence=M20B-EVID-001833
NODE01109	signaling_cascade	module20_24_export	Node participates in at least one evidence-gated exported mechanism edge.
NODE01110	receptor	register_ligand_receptor_layer	edge=M20B-E001810; evidence=M20B-EVID-001810 || edge=M20B-E001816; evidence=M20B-EVID-001816 || edge=M20B-E001825; evidence=M20B-EVID-001825 || edge=M20B-E001834; evidence=M20B-EVID-001834
NODE01110	signaling_cascade	module20_24_export	Node participates in at least one evidence-gated exported mechanism edge.
NODE01111	receptor	register_ligand_receptor_layer	edge=M20B-E001805; evidence=M20B-EVID-001805;M20B-EVID-005237-P2-FUNC;M20B-EVID-005237-P2-RELAY || edge=M20B-E001811; evidence=M20B-EVID-001811;M20B-EVID-005241-P2-RELAY || edge=M20B-E001817; evidence=M20B-EVID-001817 || edge=M20B-E001826; evidence=M20B-EVID-001826 || edge=M20B-E005450; evidence=M20B-EVID-005450
NODE01111	signaling_cascade	module20_24_export	Node participates in at least one evidence-gated exported mechanism edge.
NODE01112	receptor	register_ligand_receptor_layer	edge=M20B-E003540; evidence=M20B-EVID-003540
NODE01112	signaling_cascade	module20_24_export	Node participates in at least one evidence-gated exported mechanism edge.
NODE01112	target_gene	register_target_gene_layer	edge=M22B-E010579; evidence=M22B-EVID-010675
NODE01113	signaling_cascade	module20_24_export	Node participates in at least one evidence-gated exported mechanism edge.
NODE01114	signaling_cascade	module20_24_export	Node participates in at least one evidence-gated exported mechanism edge.
NODE01115	receptor	register_ligand_receptor_layer	edge=M20B-E003575; evidence=M20B-EVID-003575
NODE01115	signaling_cascade	module20_24_export	Node participates in at least one evidence-gated exported mechanism edge.
NODE01116	signaling_cascade	module20_24_export	Node participates in at least one evidence-gated exported mechanism edge.
NODE01117	signaling_cascade	module20_24_export	Node participates in at least one evidence-gated exported mechanism edge.
NODE01117	target_gene	register_target_gene_layer	edge=M22B-E006323; evidence=M22B-EVID-006496 || edge=M22B-E008475; evidence=M22B-EVID-008648 || edge=M22B-E009645; evidence=M22B-EVID-009818
NODE01118	signaling_cascade	module20_24_export	Node participates in at least one evidence-gated exported mechanism edge.
NODE01118	target_gene	register_target_gene_layer	edge=M22B-E006324; evidence=M22B-EVID-006497 || edge=M22B-E007696; evidence=M22B-EVID-007869 || edge=M22B-E008476; evidence=M22B-EVID-008649 || edge=M22B-E009143; evidence=M22B-EVID-009316
NODE01119	signaling_cascade	module20_24_export	Node participates in at least one evidence-gated exported mechanism edge.
NODE01120	signaling_cascade	module20_24_export	Node participates in at least one evidence-gated exported mechanism edge.
NODE01121	receptor	register_ligand_receptor_layer	edge=M20B-E003233; evidence=M20B-EVID-003233 || edge=M20B-E003896; evidence=M20B-EVID-003896;M20B-EVID-003896-P2-DIRECT || edge=M20B-E004910; evidence=M20B-EVID-004910;M20B-EVID-004910-P2-DIRECT;M20B-EVID-004910-P2-FUNC;M20B-EVID-004910-P2-RELAY
NODE01121	signaling_cascade	module20_24_export	Node participates in at least one evidence-gated exported mechanism edge.
NODE01122	signaling_cascade	module20_24_export	Node participates in at least one evidence-gated exported mechanism edge.
NODE01123	signaling_cascade	module20_24_export	Node participates in at least one evidence-gated exported mechanism edge.
NODE01124	signaling_cascade	module20_24_export	Node participates in at least one evidence-gated exported mechanism edge.
NODE01124	target_gene	register_target_gene_layer	edge=M22B-E006234; evidence=M22B-EVID-006407 || edge=M22B-E008388; evidence=M22B-EVID-008561
NODE01125	ligand	register_ligand_receptor_layer	edge=M24B-E000144; evidence=M24B-EVID-000193;M24B-EVID-PROMO-20260826-024
NODE01125	signaling_cascade	module20_24_export	Node participates in at least one evidence-gated exported mechanism edge.
NODE01126	signaling_cascade	module20_24_export	Node participates in at least one evidence-gated exported mechanism edge.
NODE01127	signaling_cascade	module20_24_export	Node participates in at least one evidence-gated exported mechanism edge.
NODE01128	signaling_cascade	module20_24_export	Node participates in at least one evidence-gated exported mechanism edge.
NODE01129	signaling_cascade	module20_24_export	Node participates in at least one evidence-gated exported mechanism edge.
NODE01130	signaling_cascade	module20_24_export	Node participates in at least one evidence-gated exported mechanism edge.
NODE01130	target_gene	register_target_gene_layer	edge=M22B-E006486; evidence=M22B-EVID-006659 || edge=M22B-E007060; evidence=M22B-EVID-007233 || edge=M22B-E007697; evidence=M22B-EVID-007870 || edge=M22B-E008646; evidence=M22B-EVID-008819 || edge=M22B-E009144; evidence=M22B-EVID-009317
NODE01131	signaling_cascade	module20_24_export	Node participates in at least one evidence-gated exported mechanism edge.
NODE01132	signaling_cascade	module20_24_export	Node participates in at least one evidence-gated exported mechanism edge.
NODE01133	signaling_cascade	module20_24_export	Node participates in at least one evidence-gated exported mechanism edge.
NODE01134	signaling_cascade	module20_24_export	Node participates in at least one evidence-gated exported mechanism edge.
NODE01135	signaling_cascade	module20_24_export	Node participates in at least one evidence-gated exported mechanism edge.
NODE01136	signaling_cascade	module20_24_export	Node participates in at least one evidence-gated exported mechanism edge.
NODE01137	signaling_cascade	module20_24_export	Node participates in at least one evidence-gated exported mechanism edge.
NODE01138	signaling_cascade	module20_24_export	Node participates in at least one evidence-gated exported mechanism edge.
NODE01138	target_gene	register_target_gene_layer	edge=M22B-E006643; evidence=M22B-EVID-006816 || edge=M22B-E007698; evidence=M22B-EVID-007871 || edge=M22B-E008814; evidence=M22B-EVID-008987 || edge=M22B-E009145; evidence=M22B-EVID-009318
NODE01139	signaling_cascade	module20_24_export	Node participates in at least one evidence-gated exported mechanism edge.
NODE01140	signaling_cascade	module20_24_export	Node participates in at least one evidence-gated exported mechanism edge.
NODE01140	target_gene	register_target_gene_layer	edge=M22B-E005857; evidence=M22B-EVID-006030
NODE01141	signaling_cascade	module20_24_export	Node participates in at least one evidence-gated exported mechanism edge.
NODE01141	target_gene	register_target_gene_layer	edge=M22B-E006644; evidence=M22B-EVID-006817 || edge=M22B-E007061; evidence=M22B-EVID-007234 || edge=M22B-E008815; evidence=M22B-EVID-008988
NODE01142	signaling_cascade	module20_24_export	Node participates in at least one evidence-gated exported mechanism edge.
NODE01142	target_gene	register_target_gene_layer	edge=M22B-E007361; evidence=M22B-EVID-007534
NODE01143	receptor	register_ligand_receptor_layer	edge=M23B-E001134; evidence=M23B-EVID-EXPAND23A-059
NODE01143	signaling_cascade	module20_24_export	Node participates in at least one evidence-gated exported mechanism edge.
NODE01144	signaling_cascade	module20_24_export	Node participates in at least one evidence-gated exported mechanism edge.
NODE01145	signaling_cascade	module20_24_export	Node participates in at least one evidence-gated exported mechanism edge.
NODE01146	signaling_cascade	module20_24_export	Node participates in at least one evidence-gated exported mechanism edge.
NODE01146	target_gene	register_target_gene_layer	edge=M22B-E010377; evidence=M22B-EVID-010549 || edge=M22B-E010378; evidence=M22B-EVID-010550
NODE01147	signaling_cascade	module20_24_export	Node participates in at least one evidence-gated exported mechanism edge.
NODE01148	signaling_cascade	module20_24_export	Node participates in at least one evidence-gated exported mechanism edge.
NODE01148	target_gene	register_target_gene_layer	edge=M22B-E006645; evidence=M22B-EVID-006818 || edge=M22B-E007062; evidence=M22B-EVID-007235 || edge=M22B-E008816; evidence=M22B-EVID-008989 || edge=M22B-E009715; evidence=M22B-EVID-009888
NODE01149	signaling_cascade	module20_24_export	Node participates in at least one evidence-gated exported mechanism edge.
NODE01150	signaling_cascade	module20_24_export	Node participates in at least one evidence-gated exported mechanism edge.
NODE01151	signaling_cascade	module20_24_export	Node participates in at least one evidence-gated exported mechanism edge.
NODE01152	signaling_cascade	module20_24_export	Node participates in at least one evidence-gated exported mechanism edge.
NODE01153	signaling_cascade	module20_24_export	Node participates in at least one evidence-gated exported mechanism edge.
NODE01153	target_gene	register_target_gene_layer	edge=M22B-E007362; evidence=M22B-EVID-007535 || edge=M22B-E010134; evidence=M22B-EVID-010307 || edge=M22B-E010135; evidence=M22B-EVID-010308 || edge=M22B-E010136; evidence=M22B-EVID-010309
NODE01154	signaling_cascade	module20_24_export	Node participates in at least one evidence-gated exported mechanism edge.
NODE01155	signaling_cascade	module20_24_export	Node participates in at least one evidence-gated exported mechanism edge.
NODE01156	ligand	register_ligand_receptor_layer	edge=M20B-E001835; evidence=M20B-EVID-001835;M20B-EVID-PROMO-20260826-014 || edge=M20B-E001836; evidence=M20B-EVID-001836;M20B-EVID-PROMO-20260826-015
NODE01156	signaling_cascade	module20_24_export	Node participates in at least one evidence-gated exported mechanism edge.
NODE01157	signaling_cascade	module20_24_export	Node participates in at least one evidence-gated exported mechanism edge.
NODE01158	signaling_cascade	module20_24_export	Node participates in at least one evidence-gated exported mechanism edge.
NODE01159	signaling_cascade	module20_24_export	Node participates in at least one evidence-gated exported mechanism edge.
NODE01160	signaling_cascade	module20_24_export	Node participates in at least one evidence-gated exported mechanism edge.
NODE01160	target_gene	register_target_gene_layer	edge=M22B-E007699; evidence=M22B-EVID-007872 || edge=M22B-E009146; evidence=M22B-EVID-009319
NODE01161	signaling_cascade	module20_24_export	Node participates in at least one evidence-gated exported mechanism edge.
NODE01161	target_gene	register_target_gene_layer	edge=M22B-E007700; evidence=M22B-EVID-007873 || edge=M22B-E009147; evidence=M22B-EVID-009320
NODE01162	signaling_cascade	module20_24_export	Node participates in at least one evidence-gated exported mechanism edge.
NODE01162	target_gene	register_target_gene_layer	edge=M22B-E007063; evidence=M22B-EVID-007236
NODE01163	signaling_cascade	module20_24_export	Node participates in at least one evidence-gated exported mechanism edge.
NODE01164	signaling_cascade	module20_24_export	Node participates in at least one evidence-gated exported mechanism edge.
NODE01165	signaling_cascade	module20_24_export	Node participates in at least one evidence-gated exported mechanism edge.
NODE01166	signaling_cascade	module20_24_export	Node participates in at least one evidence-gated exported mechanism edge.
NODE01167	signaling_cascade	module20_24_export	Node participates in at least one evidence-gated exported mechanism edge.
NODE01168	signaling_cascade	module20_24_export	Node participates in at least one evidence-gated exported mechanism edge.
NODE01169	signaling_cascade	module20_24_export	Node participates in at least one evidence-gated exported mechanism edge.
NODE01170	signaling_cascade	module20_24_export	Node participates in at least one evidence-gated exported mechanism edge.
NODE01171	signaling_cascade	module20_24_export	Node participates in at least one evidence-gated exported mechanism edge.
NODE01172	signaling_cascade	module20_24_export	Node participates in at least one evidence-gated exported mechanism edge.
NODE01172	target_gene	register_target_gene_layer	edge=M22B-E000175; evidence=M22B-EVID-001230;M22B-EVID-001256;M22B-EVID-001282;M22B-EVID-001308;M22B-EVID-001333;M22B-EVID-001358 || edge=M22B-E000176; evidence=M22B-EVID-001050;M22B-EVID-001102 || edge=M22B-E000177; evidence=M22B-EVID-001076;M22B-EVID-001127;M22B-EVID-001153;M22B-EVID-001205;M22B-EVID-001383
NODE01173	signaling_cascade	module20_24_export	Node participates in at least one evidence-gated exported mechanism edge.
NODE01174	signaling_cascade	module20_24_export	Node participates in at least one evidence-gated exported mechanism edge.
NODE01175	signaling_cascade	module20_24_export	Node participates in at least one evidence-gated exported mechanism edge.
NODE01176	signaling_cascade	module20_24_export	Node participates in at least one evidence-gated exported mechanism edge.
NODE01177	signaling_cascade	module20_24_export	Node participates in at least one evidence-gated exported mechanism edge.
NODE01178	signaling_cascade	module20_24_export	Node participates in at least one evidence-gated exported mechanism edge.
NODE01179	signaling_cascade	module20_24_export	Node participates in at least one evidence-gated exported mechanism edge.
NODE01180	signaling_cascade	module20_24_export	Node participates in at least one evidence-gated exported mechanism edge.
NODE01181	signaling_cascade	module20_24_export	Node participates in at least one evidence-gated exported mechanism edge.
NODE01181	target_gene	register_target_gene_layer	edge=M22B-E010307; evidence=M22B-EVID-010479 || edge=M22B-E010308; evidence=M22B-EVID-010480
NODE01182	signaling_cascade	module20_24_export	Node participates in at least one evidence-gated exported mechanism edge.
NODE01182	target_gene	register_target_gene_layer	edge=M22B-E007064; evidence=M22B-EVID-007237
NODE01183	ligand	register_ligand_receptor_layer	edge=M20B-E002291; evidence=M20B-EVID-002291
NODE01183	signaling_cascade	module20_24_export	Node participates in at least one evidence-gated exported mechanism edge.
NODE01184	signaling_cascade	module20_24_export	Node participates in at least one evidence-gated exported mechanism edge.
NODE01185	ligand	register_ligand_receptor_layer	edge=M20B-E002292; evidence=M20B-EVID-002292 || edge=M24B-E000081; evidence=M24B-EVID-000117
NODE01185	signaling_cascade	module20_24_export	Node participates in at least one evidence-gated exported mechanism edge.
NODE01186	signaling_cascade	module20_24_export	Node participates in at least one evidence-gated exported mechanism edge.
NODE01187	ligand	register_ligand_receptor_layer	edge=M20B-E002293; evidence=M20B-EVID-002293
NODE01187	signaling_cascade	module20_24_export	Node participates in at least one evidence-gated exported mechanism edge.
NODE01188	signaling_cascade	module20_24_export	Node participates in at least one evidence-gated exported mechanism edge.
NODE01189	ligand	register_ligand_receptor_layer	edge=M20B-E002294; evidence=M20B-EVID-002294
NODE01189	signaling_cascade	module20_24_export	Node participates in at least one evidence-gated exported mechanism edge.
NODE01190	signaling_cascade	module20_24_export	Node participates in at least one evidence-gated exported mechanism edge.
NODE01191	ligand	register_ligand_receptor_layer	edge=M24B-E000083; evidence=M24B-EVID-000119
NODE01191	signaling_cascade	module20_24_export	Node participates in at least one evidence-gated exported mechanism edge.
NODE01192	signaling_cascade	module20_24_export	Node participates in at least one evidence-gated exported mechanism edge.
NODE01193	signaling_cascade	module20_24_export	Node participates in at least one evidence-gated exported mechanism edge.
NODE01194	signaling_cascade	module20_24_export	Node participates in at least one evidence-gated exported mechanism edge.
NODE01195	signaling_cascade	module20_24_export	Node participates in at least one evidence-gated exported mechanism edge.
NODE01196	signaling_cascade	module20_24_export	Node participates in at least one evidence-gated exported mechanism edge.
NODE01197	signaling_cascade	module20_24_export	Node participates in at least one evidence-gated exported mechanism edge.
NODE01198	signaling_cascade	module20_24_export	Node participates in at least one evidence-gated exported mechanism edge.
NODE01199	ligand	register_ligand_receptor_layer	edge=M20B-E001837; evidence=M20B-EVID-001837 || edge=M20B-E001838; evidence=M20B-EVID-001838
NODE01199	signaling_cascade	module20_24_export	Node participates in at least one evidence-gated exported mechanism edge.
NODE01200	ligand	register_ligand_receptor_layer	edge=M24B-E000014; evidence=M24B-EVID-000014
NODE01200	signaling_cascade	module20_24_export	Node participates in at least one evidence-gated exported mechanism edge.
NODE01201	signaling_cascade	module20_24_export	Node participates in at least one evidence-gated exported mechanism edge.
NODE01202	signaling_cascade	module20_24_export	Node participates in at least one evidence-gated exported mechanism edge.
NODE01203	signaling_cascade	module20_24_export	Node participates in at least one evidence-gated exported mechanism edge.
NODE01204	signaling_cascade	module20_24_export	Node participates in at least one evidence-gated exported mechanism edge.
NODE01205	signaling_cascade	module20_24_export	Node participates in at least one evidence-gated exported mechanism edge.
NODE01206	signaling_cascade	module20_24_export	Node participates in at least one evidence-gated exported mechanism edge.
NODE01207	signaling_cascade	module20_24_export	Node participates in at least one evidence-gated exported mechanism edge.
NODE01208	signaling_cascade	module20_24_export	Node participates in at least one evidence-gated exported mechanism edge.
NODE01209	signaling_cascade	module20_24_export	Node participates in at least one evidence-gated exported mechanism edge.
NODE01210	signaling_cascade	module20_24_export	Node participates in at least one evidence-gated exported mechanism edge.
NODE01211	signaling_cascade	module20_24_export	Node participates in at least one evidence-gated exported mechanism edge.
NODE01212	signaling_cascade	module20_24_export	Node participates in at least one evidence-gated exported mechanism edge.
NODE01213	signaling_cascade	module20_24_export	Node participates in at least one evidence-gated exported mechanism edge.
NODE01214	signaling_cascade	module20_24_export	Node participates in at least one evidence-gated exported mechanism edge.
NODE01215	ligand	register_ligand_receptor_layer	edge=M24B-E000139; evidence=M24B-EVID-000188
NODE01215	signaling_cascade	module20_24_export	Node participates in at least one evidence-gated exported mechanism edge.
NODE01216	signaling_cascade	module20_24_export	Node participates in at least one evidence-gated exported mechanism edge.
NODE01217	signaling_cascade	module20_24_export	Node participates in at least one evidence-gated exported mechanism edge.
NODE01218	signaling_cascade	module20_24_export	Node participates in at least one evidence-gated exported mechanism edge.
NODE01219	signaling_cascade	module20_24_export	Node participates in at least one evidence-gated exported mechanism edge.
NODE01220	signaling_cascade	module20_24_export	Node participates in at least one evidence-gated exported mechanism edge.
NODE01220	target_gene	register_target_gene_layer	edge=M22B-E005755; evidence=M22B-EVID-005928
NODE01221	signaling_cascade	module20_24_export	Node participates in at least one evidence-gated exported mechanism edge.
NODE01222	signaling_cascade	module20_24_export	Node participates in at least one evidence-gated exported mechanism edge.
NODE01222	target_gene	register_target_gene_layer	edge=M22B-E005756; evidence=M22B-EVID-005929
NODE01223	signaling_cascade	module20_24_export	Node participates in at least one evidence-gated exported mechanism edge.
NODE01224	signaling_cascade	module20_24_export	Node participates in at least one evidence-gated exported mechanism edge.
NODE01225	signaling_cascade	module20_24_export	Node participates in at least one evidence-gated exported mechanism edge.
NODE01226	signaling_cascade	module20_24_export	Node participates in at least one evidence-gated exported mechanism edge.
NODE01227	signaling_cascade	module20_24_export	Node participates in at least one evidence-gated exported mechanism edge.
NODE01228	signaling_cascade	module20_24_export	Node participates in at least one evidence-gated exported mechanism edge.
NODE01229	ligand	register_ligand_receptor_layer	edge=M24B-E000137; evidence=M24B-EVID-000186
NODE01229	signaling_cascade	module20_24_export	Node participates in at least one evidence-gated exported mechanism edge.
NODE01230	signaling_cascade	module20_24_export	Node participates in at least one evidence-gated exported mechanism edge.
NODE01231	signaling_cascade	module20_24_export	Node participates in at least one evidence-gated exported mechanism edge.
NODE01232	signaling_cascade	module20_24_export	Node participates in at least one evidence-gated exported mechanism edge.
NODE01233	receptor	register_ligand_receptor_layer	edge=M20B-E004727; evidence=M20B-EVID-004727;M20B-EVID-004727-P2-DIRECT;M20B-EVID-004727-P2-FUNC;M20B-EVID-004727-P2-RELAY
NODE01233	signaling_cascade	module20_24_export	Node participates in at least one evidence-gated exported mechanism edge.
NODE01233	target_gene	register_target_gene_layer	edge=M22B-E010582; evidence=M22B-EVID-010678
NODE01234	signaling_cascade	module20_24_export	Node participates in at least one evidence-gated exported mechanism edge.
NODE01235	signaling_cascade	module20_24_export	Node participates in at least one evidence-gated exported mechanism edge.
NODE01236	signaling_cascade	module20_24_export	Node participates in at least one evidence-gated exported mechanism edge.
NODE01237	signaling_cascade	module20_24_export	Node participates in at least one evidence-gated exported mechanism edge.
NODE01238	signaling_cascade	module20_24_export	Node participates in at least one evidence-gated exported mechanism edge.
NODE01239	receptor	register_ligand_receptor_layer	edge=M24B-E000137; evidence=M24B-EVID-000186
NODE01239	signaling_cascade	module20_24_export	Node participates in at least one evidence-gated exported mechanism edge.
NODE01240	signaling_cascade	module20_24_export	Node participates in at least one evidence-gated exported mechanism edge.
NODE01241	signaling_cascade	module20_24_export	Node participates in at least one evidence-gated exported mechanism edge.
NODE01242	signaling_cascade	module20_24_export	Node participates in at least one evidence-gated exported mechanism edge.
NODE01243	signaling_cascade	module20_24_export	Node participates in at least one evidence-gated exported mechanism edge.
NODE01244	signaling_cascade	module20_24_export	Node participates in at least one evidence-gated exported mechanism edge.
NODE01245	signaling_cascade	module20_24_export	Node participates in at least one evidence-gated exported mechanism edge.
NODE01246	signaling_cascade	module20_24_export	Node participates in at least one evidence-gated exported mechanism edge.
NODE01247	signaling_cascade	module20_24_export	Node participates in at least one evidence-gated exported mechanism edge.
NODE01247	target_gene	register_target_gene_layer	edge=M22B-E006646; evidence=M22B-EVID-006819
NODE01248	signaling_cascade	module20_24_export	Node participates in at least one evidence-gated exported mechanism edge.
NODE01249	signaling_cascade	module20_24_export	Node participates in at least one evidence-gated exported mechanism edge.
NODE01249	target_gene	register_target_gene_layer	edge=M22B-E006325; evidence=M22B-EVID-006498 || edge=M22B-E007065; evidence=M22B-EVID-007238 || edge=M22B-E008477; evidence=M22B-EVID-008650 || edge=M22B-E009376; evidence=M22B-EVID-009549
NODE01250	signaling_cascade	module20_24_export	Node participates in at least one evidence-gated exported mechanism edge.
NODE01251	signaling_cascade	module20_24_export	Node participates in at least one evidence-gated exported mechanism edge.
NODE01252	signaling_cascade	module20_24_export	Node participates in at least one evidence-gated exported mechanism edge.
NODE01252	target_gene	register_target_gene_layer	edge=M22B-E007701; evidence=M22B-EVID-007874
NODE01253	signaling_cascade	module20_24_export	Node participates in at least one evidence-gated exported mechanism edge.
NODE01254	signaling_cascade	module20_24_export	Node participates in at least one evidence-gated exported mechanism edge.
NODE01255	signaling_cascade	module20_24_export	Node participates in at least one evidence-gated exported mechanism edge.
NODE01256	signaling_cascade	module20_24_export	Node participates in at least one evidence-gated exported mechanism edge.
NODE01257	signaling_cascade	module20_24_export	Node participates in at least one evidence-gated exported mechanism edge.
NODE01257	target_gene	register_target_gene_layer	edge=M22B-E010358; evidence=M22B-EVID-010530
NODE01258	signaling_cascade	module20_24_export	Node participates in at least one evidence-gated exported mechanism edge.
NODE01259	signaling_cascade	module20_24_export	Node participates in at least one evidence-gated exported mechanism edge.
NODE01260	signaling_cascade	module20_24_export	Node participates in at least one evidence-gated exported mechanism edge.
NODE01261	signaling_cascade	module20_24_export	Node participates in at least one evidence-gated exported mechanism edge.
NODE01262	signaling_cascade	module20_24_export	Node participates in at least one evidence-gated exported mechanism edge.
NODE01262	target_gene	register_target_gene_layer	edge=M22B-E005858; evidence=M22B-EVID-006031
NODE01263	signaling_cascade	module20_24_export	Node participates in at least one evidence-gated exported mechanism edge.
NODE01264	signaling_cascade	module20_24_export	Node participates in at least one evidence-gated exported mechanism edge.
NODE01265	signaling_cascade	module20_24_export	Node participates in at least one evidence-gated exported mechanism edge.
NODE01266	signaling_cascade	module20_24_export	Node participates in at least one evidence-gated exported mechanism edge.
NODE01267	signaling_cascade	module20_24_export	Node participates in at least one evidence-gated exported mechanism edge.
NODE01268	signaling_cascade	module20_24_export	Node participates in at least one evidence-gated exported mechanism edge.
NODE01269	signaling_cascade	module20_24_export	Node participates in at least one evidence-gated exported mechanism edge.
NODE01270	signaling_cascade	module20_24_export	Node participates in at least one evidence-gated exported mechanism edge.
NODE01271	signaling_cascade	module20_24_export	Node participates in at least one evidence-gated exported mechanism edge.
NODE01272	signaling_cascade	module20_24_export	Node participates in at least one evidence-gated exported mechanism edge.
NODE01273	signaling_cascade	module20_24_export	Node participates in at least one evidence-gated exported mechanism edge.
NODE01274	signaling_cascade	module20_24_export	Node participates in at least one evidence-gated exported mechanism edge.
NODE01275	signaling_cascade	module20_24_export	Node participates in at least one evidence-gated exported mechanism edge.
NODE01276	signaling_cascade	module20_24_export	Node participates in at least one evidence-gated exported mechanism edge.
NODE01276	target_gene	register_target_gene_layer	edge=M22B-E006647; evidence=M22B-EVID-006820 || edge=M22B-E008817; evidence=M22B-EVID-008990
NODE01277	signaling_cascade	module20_24_export	Node participates in at least one evidence-gated exported mechanism edge.
NODE01278	ligand	register_ligand_receptor_layer	edge=M23B-E000486; evidence=M23B-EVID-000666 || edge=M23B-E000488; evidence=M23B-EVID-000668
NODE01278	receptor	register_ligand_receptor_layer	edge=M20B-E003163; evidence=M20B-EVID-003163 || edge=M23B-E000452; evidence=M23B-EVID-000632
NODE01278	signaling_cascade	module20_24_export	Node participates in at least one evidence-gated exported mechanism edge.
NODE01278	target_gene	register_target_gene_layer	edge=M22B-E009819; evidence=M22B-EVID-009992
NODE01279	signaling_cascade	module20_24_export	Node participates in at least one evidence-gated exported mechanism edge.
NODE01280	signaling_cascade	module20_24_export	Node participates in at least one evidence-gated exported mechanism edge.
NODE01281	signaling_cascade	module20_24_export	Node participates in at least one evidence-gated exported mechanism edge.
NODE01282	ligand	register_ligand_receptor_layer	edge=M23B-E000492; evidence=M23B-EVID-000672
NODE01282	signaling_cascade	module20_24_export	Node participates in at least one evidence-gated exported mechanism edge.
NODE01283	signaling_cascade	module20_24_export	Node participates in at least one evidence-gated exported mechanism edge.
NODE01284	signaling_cascade	module20_24_export	Node participates in at least one evidence-gated exported mechanism edge.
NODE01285	receptor	register_ligand_receptor_layer	edge=M23B-E000492; evidence=M23B-EVID-000672
NODE01285	signaling_cascade	module20_24_export	Node participates in at least one evidence-gated exported mechanism edge.
NODE01286	signaling_cascade	module20_24_export	Node participates in at least one evidence-gated exported mechanism edge.
NODE01287	signaling_cascade	module20_24_export	Node participates in at least one evidence-gated exported mechanism edge.
NODE01288	signaling_cascade	module20_24_export	Node participates in at least one evidence-gated exported mechanism edge.
NODE01289	ligand	register_ligand_receptor_layer	edge=M20B-E002796; evidence=M20B-EVID-002796 || edge=M20B-E002797; evidence=M20B-EVID-002797
NODE01289	signaling_cascade	module20_24_export	Node participates in at least one evidence-gated exported mechanism edge.
NODE01290	signaling_cascade	module20_24_export	Node participates in at least one evidence-gated exported mechanism edge.
NODE01291	signaling_cascade	module20_24_export	Node participates in at least one evidence-gated exported mechanism edge.
NODE01292	receptor	register_ligand_receptor_layer	edge=M20B-E002796; evidence=M20B-EVID-002796 || edge=M20B-E003841; evidence=M20B-EVID-003841;M20B-EVID-003841-P2-FUNC
NODE01292	signaling_cascade	module20_24_export	Node participates in at least one evidence-gated exported mechanism edge.
NODE01292	target_gene	register_target_gene_layer	edge=M22B-E010681; evidence=M22B-EVID-010774
NODE01293	signaling_cascade	module20_24_export	Node participates in at least one evidence-gated exported mechanism edge.
NODE01294	signaling_cascade	module20_24_export	Node participates in at least one evidence-gated exported mechanism edge.
NODE01295	signaling_cascade	module20_24_export	Node participates in at least one evidence-gated exported mechanism edge.
NODE01296	receptor	register_ligand_receptor_layer	edge=M20B-E002483; evidence=M20B-EVID-002483 || edge=M20B-E002500; evidence=M20B-EVID-002500 || edge=M20B-E002797; evidence=M20B-EVID-002797
NODE01296	signaling_cascade	module20_24_export	Node participates in at least one evidence-gated exported mechanism edge.
NODE01296	target_gene	register_target_gene_layer	edge=M22B-E010682; evidence=M22B-EVID-010775
NODE01297	signaling_cascade	module20_24_export	Node participates in at least one evidence-gated exported mechanism edge.
NODE01298	signaling_cascade	module20_24_export	Node participates in at least one evidence-gated exported mechanism edge.
NODE01299	signaling_cascade	module20_24_export	Node participates in at least one evidence-gated exported mechanism edge.
NODE01300	signaling_cascade	module20_24_export	Node participates in at least one evidence-gated exported mechanism edge.
NODE01301	signaling_cascade	module20_24_export	Node participates in at least one evidence-gated exported mechanism edge.
NODE01302	signaling_cascade	module20_24_export	Node participates in at least one evidence-gated exported mechanism edge.
NODE01303	signaling_cascade	module20_24_export	Node participates in at least one evidence-gated exported mechanism edge.
NODE01304	signaling_cascade	module20_24_export	Node participates in at least one evidence-gated exported mechanism edge.
NODE01304	target_gene	register_target_gene_layer	edge=M22B-E007702; evidence=M22B-EVID-007875
NODE01305	signaling_cascade	module20_24_export	Node participates in at least one evidence-gated exported mechanism edge.
NODE01306	signaling_cascade	module20_24_export	Node participates in at least one evidence-gated exported mechanism edge.
NODE01307	signaling_cascade	module20_24_export	Node participates in at least one evidence-gated exported mechanism edge.
NODE01308	signaling_cascade	module20_24_export	Node participates in at least one evidence-gated exported mechanism edge.
NODE01309	signaling_cascade	module20_24_export	Node participates in at least one evidence-gated exported mechanism edge.
NODE01310	signaling_cascade	module20_24_export	Node participates in at least one evidence-gated exported mechanism edge.
NODE01311	signaling_cascade	module20_24_export	Node participates in at least one evidence-gated exported mechanism edge.
NODE01312	signaling_cascade	module20_24_export	Node participates in at least one evidence-gated exported mechanism edge.
NODE01313	signaling_cascade	module20_24_export	Node participates in at least one evidence-gated exported mechanism edge.
NODE01314	signaling_cascade	module20_24_export	Node participates in at least one evidence-gated exported mechanism edge.
NODE01315	signaling_cascade	module20_24_export	Node participates in at least one evidence-gated exported mechanism edge.
NODE01316	signaling_cascade	module20_24_export	Node participates in at least one evidence-gated exported mechanism edge.
NODE01317	signaling_cascade	module20_24_export	Node participates in at least one evidence-gated exported mechanism edge.
NODE01318	signaling_cascade	module20_24_export	Node participates in at least one evidence-gated exported mechanism edge.
NODE01319	signaling_cascade	module20_24_export	Node participates in at least one evidence-gated exported mechanism edge.
NODE01320	ligand	register_ligand_receptor_layer	edge=M23B-E000480; evidence=M23B-EVID-000660
NODE01320	signaling_cascade	module20_24_export	Node participates in at least one evidence-gated exported mechanism edge.
NODE01321	ligand	register_ligand_receptor_layer	edge=M23B-E000125; evidence=M23B-EVID-000193 || edge=M23B-E000126; evidence=M23B-EVID-000194
NODE01321	signaling_cascade	module20_24_export	Node participates in at least one evidence-gated exported mechanism edge.
NODE01322	receptor	register_ligand_receptor_layer	edge=M20B-E004691; evidence=M20B-EVID-004691;M20B-EVID-004691-P2-DIRECT;M20B-EVID-004691-P2-FUNC;M20B-EVID-004691-P2-RELAY
NODE01322	signaling_cascade	module20_24_export	Node participates in at least one evidence-gated exported mechanism edge.
NODE01323	signaling_cascade	module20_24_export	Node participates in at least one evidence-gated exported mechanism edge.
NODE01324	signaling_cascade	module20_24_export	Node participates in at least one evidence-gated exported mechanism edge.
NODE01325	signaling_cascade	module20_24_export	Node participates in at least one evidence-gated exported mechanism edge.
NODE01325	target_gene	register_target_gene_layer	edge=M22B-E009783; evidence=M22B-EVID-009956
NODE01326	signaling_cascade	module20_24_export	Node participates in at least one evidence-gated exported mechanism edge.
NODE01327	signaling_cascade	module20_24_export	Node participates in at least one evidence-gated exported mechanism edge.
NODE01328	signaling_cascade	module20_24_export	Node participates in at least one evidence-gated exported mechanism edge.
NODE01329	signaling_cascade	module20_24_export	Node participates in at least one evidence-gated exported mechanism edge.
NODE01330	signaling_cascade	module20_24_export	Node participates in at least one evidence-gated exported mechanism edge.
NODE01331	signaling_cascade	module20_24_export	Node participates in at least one evidence-gated exported mechanism edge.
NODE01331	target_gene	register_target_gene_layer	edge=M22B-E005859; evidence=M22B-EVID-006032 || edge=M22B-E008031; evidence=M22B-EVID-008204
NODE01332	signaling_cascade	module20_24_export	Node participates in at least one evidence-gated exported mechanism edge.
NODE01333	signaling_cascade	module20_24_export	Node participates in at least one evidence-gated exported mechanism edge.
NODE01334	signaling_cascade	module20_24_export	Node participates in at least one evidence-gated exported mechanism edge.
NODE01335	signaling_cascade	module20_24_export	Node participates in at least one evidence-gated exported mechanism edge.
NODE01335	target_gene	register_target_gene_layer	edge=M22B-E007703; evidence=M22B-EVID-007876 || edge=M22B-E009148; evidence=M22B-EVID-009321 || edge=M22B-E009377; evidence=M22B-EVID-009550
NODE01336	signaling_cascade	module20_24_export	Node participates in at least one evidence-gated exported mechanism edge.
NODE01337	signaling_cascade	module20_24_export	Node participates in at least one evidence-gated exported mechanism edge.
NODE01338	signaling_cascade	module20_24_export	Node participates in at least one evidence-gated exported mechanism edge.
NODE01338	target_gene	register_target_gene_layer	edge=M22B-E007704; evidence=M22B-EVID-007877
NODE01339	signaling_cascade	module20_24_export	Node participates in at least one evidence-gated exported mechanism edge.
NODE01340	signaling_cascade	module20_24_export	Node participates in at least one evidence-gated exported mechanism edge.
NODE01340	target_gene	register_target_gene_layer	edge=M22B-E007705; evidence=M22B-EVID-007878 || edge=M22B-E009149; evidence=M22B-EVID-009322
NODE01341	signaling_cascade	module20_24_export	Node participates in at least one evidence-gated exported mechanism edge.
NODE01342	signaling_cascade	module20_24_export	Node participates in at least one evidence-gated exported mechanism edge.
NODE01343	signaling_cascade	module20_24_export	Node participates in at least one evidence-gated exported mechanism edge.
NODE01344	signaling_cascade	module20_24_export	Node participates in at least one evidence-gated exported mechanism edge.
NODE01344	target_gene	register_target_gene_layer	edge=M22B-E007363; evidence=M22B-EVID-007536
NODE01345	signaling_cascade	module20_24_export	Node participates in at least one evidence-gated exported mechanism edge.
NODE01346	signaling_cascade	module20_24_export	Node participates in at least one evidence-gated exported mechanism edge.
NODE01347	signaling_cascade	module20_24_export	Node participates in at least one evidence-gated exported mechanism edge.
NODE01347	target_gene	register_target_gene_layer	edge=M22B-E007706; evidence=M22B-EVID-007879 || edge=M22B-E009150; evidence=M22B-EVID-009323
NODE01348	signaling_cascade	module20_24_export	Node participates in at least one evidence-gated exported mechanism edge.
NODE01348	target_gene	register_target_gene_layer	edge=M22B-E006447; evidence=M22B-EVID-006620 || edge=M22B-E007364; evidence=M22B-EVID-007537 || edge=M22B-E008598; evidence=M22B-EVID-008771
NODE01349	signaling_cascade	module20_24_export	Node participates in at least one evidence-gated exported mechanism edge.
NODE01349	target_gene	register_target_gene_layer	edge=M22B-E005994; evidence=M22B-EVID-006167 || edge=M22B-E006648; evidence=M22B-EVID-006821 || edge=M22B-E007365; evidence=M22B-EVID-007538 || edge=M22B-E008163; evidence=M22B-EVID-008336 || edge=M22B-E008818; evidence=M22B-EVID-008991
NODE01350	signaling_cascade	module20_24_export	Node participates in at least one evidence-gated exported mechanism edge.
NODE01351	signaling_cascade	module20_24_export	Node participates in at least one evidence-gated exported mechanism edge.
NODE01352	signaling_cascade	module20_24_export	Node participates in at least one evidence-gated exported mechanism edge.
NODE01353	signaling_cascade	module20_24_export	Node participates in at least one evidence-gated exported mechanism edge.
NODE01353	target_gene	register_target_gene_layer	edge=M22B-E006649; evidence=M22B-EVID-006822
NODE01354	signaling_cascade	module20_24_export	Node participates in at least one evidence-gated exported mechanism edge.
NODE01354	target_gene	register_target_gene_layer	edge=M22B-E006650; evidence=M22B-EVID-006823 || edge=M22B-E008819; evidence=M22B-EVID-008992 || edge=M22B-E009382; evidence=M22B-EVID-009555
NODE01355	signaling_cascade	module20_24_export	Node participates in at least one evidence-gated exported mechanism edge.
NODE01356	signaling_cascade	module20_24_export	Node participates in at least one evidence-gated exported mechanism edge.
NODE01357	signaling_cascade	module20_24_export	Node participates in at least one evidence-gated exported mechanism edge.
NODE01358	signaling_cascade	module20_24_export	Node participates in at least one evidence-gated exported mechanism edge.
NODE01359	signaling_cascade	module20_24_export	Node participates in at least one evidence-gated exported mechanism edge.
NODE01360	signaling_cascade	module20_24_export	Node participates in at least one evidence-gated exported mechanism edge.
NODE01361	signaling_cascade	module20_24_export	Node participates in at least one evidence-gated exported mechanism edge.
NODE01362	signaling_cascade	module20_24_export	Node participates in at least one evidence-gated exported mechanism edge.
NODE01362	transcription_factor	register_target_gene_layer	edge=M22B-E010690; evidence=M22B-EVID-010783
NODE01363	signaling_cascade	module20_24_export	Node participates in at least one evidence-gated exported mechanism edge.
NODE01363	target_gene	register_target_gene_layer	edge=M22B-E005860; evidence=M22B-EVID-006033 || edge=M22B-E007066; evidence=M22B-EVID-007239 || edge=M22B-E008032; evidence=M22B-EVID-008205 || edge=M22B-E009735; evidence=M22B-EVID-009908
NODE01364	signaling_cascade	module20_24_export	Node participates in at least one evidence-gated exported mechanism edge.
NODE01364	target_gene	register_target_gene_layer	edge=M22B-E010553; evidence=M22B-EVID-010656 || edge=M22B-E010554; evidence=M22B-EVID-010656
NODE01365	signaling_cascade	module20_24_export	Node participates in at least one evidence-gated exported mechanism edge.
NODE01365	target_gene	register_target_gene_layer	edge=M22B-E010555; evidence=M22B-EVID-010657 || edge=M22B-E010556; evidence=M22B-EVID-010657
NODE01366	signaling_cascade	module20_24_export	Node participates in at least one evidence-gated exported mechanism edge.
NODE01366	target_gene	register_target_gene_layer	edge=M22B-E010557; evidence=M22B-EVID-010658 || edge=M22B-E010558; evidence=M22B-EVID-010658
NODE01367	signaling_cascade	module20_24_export	Node participates in at least one evidence-gated exported mechanism edge.
NODE01367	target_gene	register_target_gene_layer	edge=M22B-E010559; evidence=M22B-EVID-010659 || edge=M22B-E010560; evidence=M22B-EVID-010659
NODE01368	signaling_cascade	module20_24_export	Node participates in at least one evidence-gated exported mechanism edge.
NODE01368	target_gene	register_target_gene_layer	edge=M22B-E007067; evidence=M22B-EVID-007240 || edge=M22B-E007707; evidence=M22B-EVID-007880 || edge=M22B-E009151; evidence=M22B-EVID-009324
NODE01369	signaling_cascade	module20_24_export	Node participates in at least one evidence-gated exported mechanism edge.
NODE01370	signaling_cascade	module20_24_export	Node participates in at least one evidence-gated exported mechanism edge.
NODE01371	signaling_cascade	module20_24_export	Node participates in at least one evidence-gated exported mechanism edge.
NODE01372	signaling_cascade	module20_24_export	Node participates in at least one evidence-gated exported mechanism edge.
NODE01373	signaling_cascade	module20_24_export	Node participates in at least one evidence-gated exported mechanism edge.
NODE01374	signaling_cascade	module20_24_export	Node participates in at least one evidence-gated exported mechanism edge.
NODE01375	signaling_cascade	module20_24_export	Node participates in at least one evidence-gated exported mechanism edge.
NODE01376	signaling_cascade	module20_24_export	Node participates in at least one evidence-gated exported mechanism edge.
NODE01376	target_gene	register_target_gene_layer	edge=M22B-E006140; evidence=M22B-EVID-006313 || edge=M22B-E008292; evidence=M22B-EVID-008465
NODE01377	signaling_cascade	module20_24_export	Node participates in at least one evidence-gated exported mechanism edge.
NODE01378	signaling_cascade	module20_24_export	Node participates in at least one evidence-gated exported mechanism edge.
NODE01379	signaling_cascade	module20_24_export	Node participates in at least one evidence-gated exported mechanism edge.
NODE01380	signaling_cascade	module20_24_export	Node participates in at least one evidence-gated exported mechanism edge.
NODE01381	signaling_cascade	module20_24_export	Node participates in at least one evidence-gated exported mechanism edge.
NODE01381	target_gene	register_target_gene_layer	edge=M22B-E006651; evidence=M22B-EVID-006824 || edge=M22B-E008820; evidence=M22B-EVID-008993
NODE01382	signaling_cascade	module20_24_export	Node participates in at least one evidence-gated exported mechanism edge.
NODE01382	target_gene	register_target_gene_layer	edge=M22B-E006652; evidence=M22B-EVID-006825
NODE01383	signaling_cascade	module20_24_export	Node participates in at least one evidence-gated exported mechanism edge.
NODE01383	target_gene	register_target_gene_layer	edge=M22B-E006653; evidence=M22B-EVID-006826 || edge=M22B-E008821; evidence=M22B-EVID-008994
NODE01384	signaling_cascade	module20_24_export	Node participates in at least one evidence-gated exported mechanism edge.
NODE01384	target_gene	register_target_gene_layer	edge=M22B-E010678; evidence=M22B-EVID-010771
NODE01385	ligand	register_ligand_receptor_layer	edge=M20B-E002818; evidence=M20B-EVID-002818 || edge=M20B-E002819; evidence=M20B-EVID-002819
NODE01385	signaling_cascade	module20_24_export	Node participates in at least one evidence-gated exported mechanism edge.
NODE01385	target_gene	register_target_gene_layer	edge=M22B-E007068; evidence=M22B-EVID-007241 || edge=M22B-E009383; evidence=M22B-EVID-009556 || edge=M22B-E009435; evidence=M22B-EVID-009608
NODE01386	receptor	register_ligand_receptor_layer	edge=M20B-E002818; evidence=M20B-EVID-002818
NODE01386	signaling_cascade	module20_24_export	Node participates in at least one evidence-gated exported mechanism edge.
NODE01387	signaling_cascade	module20_24_export	Node participates in at least one evidence-gated exported mechanism edge.
NODE01388	signaling_cascade	module20_24_export	Node participates in at least one evidence-gated exported mechanism edge.
NODE01389	signaling_cascade	module20_24_export	Node participates in at least one evidence-gated exported mechanism edge.
NODE01390	receptor	register_ligand_receptor_layer	edge=M20B-E002819; evidence=M20B-EVID-002819 || edge=M20B-E003527; evidence=M20B-EVID-003527
NODE01390	signaling_cascade	module20_24_export	Node participates in at least one evidence-gated exported mechanism edge.
NODE01390	target_gene	register_target_gene_layer	edge=M22B-E006654; evidence=M22B-EVID-006827 || edge=M22B-E008822; evidence=M22B-EVID-008995
NODE01391	signaling_cascade	module20_24_export	Node participates in at least one evidence-gated exported mechanism edge.
NODE01392	signaling_cascade	module20_24_export	Node participates in at least one evidence-gated exported mechanism edge.
NODE01393	signaling_cascade	module20_24_export	Node participates in at least one evidence-gated exported mechanism edge.
NODE01394	signaling_cascade	module20_24_export	Node participates in at least one evidence-gated exported mechanism edge.
NODE01395	signaling_cascade	module20_24_export	Node participates in at least one evidence-gated exported mechanism edge.
NODE01396	ligand	register_ligand_receptor_layer	edge=M20B-E001778; evidence=M20B-EVID-001778 || edge=M20B-E001840; evidence=M20B-EVID-001840 || edge=M20B-E002821; evidence=M20B-EVID-002821 || edge=M20B-E002822; evidence=M20B-EVID-002822 || edge=M24B-E000107; evidence=M24B-EVID-000149 || edge=M24B-E000108; evidence=M24B-EVID-000150
NODE01396	signaling_cascade	module20_24_export	Node participates in at least one evidence-gated exported mechanism edge.
NODE01397	signaling_cascade	module20_24_export	Node participates in at least one evidence-gated exported mechanism edge.
NODE01398	signaling_cascade	module20_24_export	Node participates in at least one evidence-gated exported mechanism edge.
NODE01399	signaling_cascade	module20_24_export	Node participates in at least one evidence-gated exported mechanism edge.
NODE01400	ligand	register_ligand_receptor_layer	edge=M20B-E002824; evidence=M20B-EVID-002824
NODE01400	signaling_cascade	module20_24_export	Node participates in at least one evidence-gated exported mechanism edge.
NODE01400	target_gene	register_target_gene_layer	edge=M22B-E008293; evidence=M22B-EVID-008466 || edge=M22B-E008478; evidence=M22B-EVID-008651 || edge=M22B-E008647; evidence=M22B-EVID-008820
NODE01401	signaling_cascade	module20_24_export	Node participates in at least one evidence-gated exported mechanism edge.
NODE01402	signaling_cascade	module20_24_export	Node participates in at least one evidence-gated exported mechanism edge.
NODE01403	signaling_cascade	module20_24_export	Node participates in at least one evidence-gated exported mechanism edge.
NODE01404	signaling_cascade	module20_24_export	Node participates in at least one evidence-gated exported mechanism edge.
NODE01405	signaling_cascade	module20_24_export	Node participates in at least one evidence-gated exported mechanism edge.
NODE01406	signaling_cascade	module20_24_export	Node participates in at least one evidence-gated exported mechanism edge.
NODE01407	signaling_cascade	module20_24_export	Node participates in at least one evidence-gated exported mechanism edge.
NODE01408	signaling_cascade	module20_24_export	Node participates in at least one evidence-gated exported mechanism edge.
NODE01409	ligand	register_ligand_receptor_layer	edge=M20B-E001779; evidence=M20B-EVID-001779 || edge=M20B-E001841; evidence=M20B-EVID-001841 || edge=M20B-E002831; evidence=M20B-EVID-002831
NODE01409	signaling_cascade	module20_24_export	Node participates in at least one evidence-gated exported mechanism edge.
NODE01410	signaling_cascade	module20_24_export	Node participates in at least one evidence-gated exported mechanism edge.
NODE01411	signaling_cascade	module20_24_export	Node participates in at least one evidence-gated exported mechanism edge.
NODE01412	ligand	register_ligand_receptor_layer	edge=M20B-E001842; evidence=M20B-EVID-001842;M20B-EVID-005248-P2-DIRECT;M20B-EVID-005249-P2-RELAY;M20B-EVID-005250-P2-FUNC
NODE01412	signaling_cascade	module20_24_export	Node participates in at least one evidence-gated exported mechanism edge.
NODE01413	ligand	register_ligand_receptor_layer	edge=M20B-E001780; evidence=M20B-EVID-001780;M20B-EVID-005344-P2-DIRECT;M20B-EVID-005345-P2-FUNC || edge=M20B-E001781; evidence=M20B-EVID-001781 || edge=M20B-E001843; evidence=M20B-EVID-001843;M20B-EVID-005254-P2-DIRECT;M20B-EVID-005255-P2-FUNC || edge=M20B-E002833; evidence=M20B-EVID-002833
NODE01413	signaling_cascade	module20_24_export	Node participates in at least one evidence-gated exported mechanism edge.
NODE01413	target_gene	register_target_gene_layer	edge=M22B-E006141; evidence=M22B-EVID-006314 || edge=M22B-E006326; evidence=M22B-EVID-006499 || edge=M22B-E006487; evidence=M22B-EVID-006660 || edge=M22B-E007069; evidence=M22B-EVID-007242 || edge=M22B-E007366; evidence=M22B-EVID-007539 || edge=M22B-E009646; evidence=M22B-EVID-009819 || edge=M22B-E009670; evidence=M22B-EVID-009843
NODE01414	signaling_cascade	module20_24_export	Node participates in at least one evidence-gated exported mechanism edge.
NODE01415	signaling_cascade	module20_24_export	Node participates in at least one evidence-gated exported mechanism edge.
NODE01416	signaling_cascade	module20_24_export	Node participates in at least one evidence-gated exported mechanism edge.
NODE01417	signaling_cascade	module20_24_export	Node participates in at least one evidence-gated exported mechanism edge.
NODE01418	signaling_cascade	module20_24_export	Node participates in at least one evidence-gated exported mechanism edge.
NODE01419	ligand	register_ligand_receptor_layer	edge=M20B-E002837; evidence=M20B-EVID-002837;M20B-EVID-005293-P2-DIRECT;M20B-EVID-005294-P2-RELAY
NODE01419	signaling_cascade	module20_24_export	Node participates in at least one evidence-gated exported mechanism edge.
NODE01420	signaling_cascade	module20_24_export	Node participates in at least one evidence-gated exported mechanism edge.
NODE01421	ligand	register_ligand_receptor_layer	edge=M20B-E001844; evidence=M20B-EVID-001844;M20B-EVID-005251-P2-DIRECT;M20B-EVID-005252-P2-RELAY;M20B-EVID-005253-P2-FUNC
NODE01421	signaling_cascade	module20_24_export	Node participates in at least one evidence-gated exported mechanism edge.
NODE01421	target_gene	register_target_gene_layer	edge=M22B-E006973; evidence=M22B-EVID-007146
NODE01422	ligand	register_ligand_receptor_layer	edge=M20B-E001845; evidence=M20B-EVID-001845
NODE01422	signaling_cascade	module20_24_export	Node participates in at least one evidence-gated exported mechanism edge.
NODE01422	target_gene	register_target_gene_layer	edge=M22B-E009088; evidence=M22B-EVID-009261 || edge=M22B-E010141; evidence=M22B-EVID-010314
NODE01423	ligand	register_ligand_receptor_layer	edge=M20B-E001782; evidence=M20B-EVID-001782
NODE01423	signaling_cascade	module20_24_export	Node participates in at least one evidence-gated exported mechanism edge.
NODE01423	target_gene	register_target_gene_layer	edge=M22B-E009089; evidence=M22B-EVID-009262
NODE01424	ligand	register_ligand_receptor_layer	edge=M20B-E001846; evidence=M20B-EVID-001846
NODE01424	signaling_cascade	module20_24_export	Node participates in at least one evidence-gated exported mechanism edge.
NODE01425	ligand	register_ligand_receptor_layer	edge=M20B-E001847; evidence=M20B-EVID-001847
NODE01425	signaling_cascade	module20_24_export	Node participates in at least one evidence-gated exported mechanism edge.
NODE01426	ligand	register_ligand_receptor_layer	edge=M20B-E001848; evidence=M20B-EVID-001848
NODE01426	signaling_cascade	module20_24_export	Node participates in at least one evidence-gated exported mechanism edge.
NODE01427	ligand	register_ligand_receptor_layer	edge=M20B-E001783; evidence=M20B-EVID-001783
NODE01427	signaling_cascade	module20_24_export	Node participates in at least one evidence-gated exported mechanism edge.
NODE01427	target_gene	register_target_gene_layer	edge=M22B-E010144; evidence=M22B-EVID-010317 || edge=M22B-E010145; evidence=M22B-EVID-010318
NODE01428	signaling_cascade	module20_24_export	Node participates in at least one evidence-gated exported mechanism edge.
NODE01429	signaling_cascade	module20_24_export	Node participates in at least one evidence-gated exported mechanism edge.
NODE01430	signaling_cascade	module20_24_export	Node participates in at least one evidence-gated exported mechanism edge.
NODE01431	ligand	register_ligand_receptor_layer	edge=M24B-E000109; evidence=M24B-EVID-000151
NODE01431	signaling_cascade	module20_24_export	Node participates in at least one evidence-gated exported mechanism edge.
NODE01432	signaling_cascade	module20_24_export	Node participates in at least one evidence-gated exported mechanism edge.
NODE01433	signaling_cascade	module20_24_export	Node participates in at least one evidence-gated exported mechanism edge.
NODE01434	ligand	register_ligand_receptor_layer	edge=M20B-E001785; evidence=M20B-EVID-001785
NODE01434	signaling_cascade	module20_24_export	Node participates in at least one evidence-gated exported mechanism edge.
NODE01434	target_gene	register_target_gene_layer	edge=M22B-E010146; evidence=M22B-EVID-010319 || edge=M22B-E010147; evidence=M22B-EVID-010320
NODE01435	signaling_cascade	module20_24_export	Node participates in at least one evidence-gated exported mechanism edge.
NODE01436	signaling_cascade	module20_24_export	Node participates in at least one evidence-gated exported mechanism edge.
NODE01437	ligand	register_ligand_receptor_layer	edge=M20B-E001849; evidence=M20B-EVID-001849
NODE01437	signaling_cascade	module20_24_export	Node participates in at least one evidence-gated exported mechanism edge.
NODE01437	target_gene	register_target_gene_layer	edge=M22B-E010148; evidence=M22B-EVID-010321
NODE01438	signaling_cascade	module20_24_export	Node participates in at least one evidence-gated exported mechanism edge.
NODE01439	ligand	register_ligand_receptor_layer	edge=M24B-E000110; evidence=M24B-EVID-000152;M24B-EVID-PROMO-20260826-016
NODE01439	signaling_cascade	module20_24_export	Node participates in at least one evidence-gated exported mechanism edge.
NODE01439	target_gene	register_target_gene_layer	edge=M22B-E010149; evidence=M22B-EVID-010322
NODE01440	signaling_cascade	module20_24_export	Node participates in at least one evidence-gated exported mechanism edge.
NODE01441	ligand	register_ligand_receptor_layer	edge=M20B-E001850; evidence=M20B-EVID-001850;M20B-EVID-005256-P2-FUNC
NODE01441	signaling_cascade	module20_24_export	Node participates in at least one evidence-gated exported mechanism edge.
NODE01442	ligand	register_ligand_receptor_layer	edge=M20B-E001786; evidence=M20B-EVID-001786
NODE01442	signaling_cascade	module20_24_export	Node participates in at least one evidence-gated exported mechanism edge.
NODE01443	ligand	register_ligand_receptor_layer	edge=M23B-E000116; evidence=M23B-EVID-000184
NODE01443	signaling_cascade	module20_24_export	Node participates in at least one evidence-gated exported mechanism edge.
NODE01444	signaling_cascade	module20_24_export	Node participates in at least one evidence-gated exported mechanism edge.
NODE01445	signaling_cascade	module20_24_export	Node participates in at least one evidence-gated exported mechanism edge.
NODE01446	signaling_cascade	module20_24_export	Node participates in at least one evidence-gated exported mechanism edge.
NODE01447	signaling_cascade	module20_24_export	Node participates in at least one evidence-gated exported mechanism edge.
NODE01448	ligand	register_ligand_receptor_layer	edge=M20B-E001852; evidence=M20B-EVID-001852 || edge=M20B-E001853; evidence=M20B-EVID-001853;M20B-EVID-PROMO-20260826-016 || edge=M24B-E000112; evidence=M24B-EVID-000154
NODE01448	signaling_cascade	module20_24_export	Node participates in at least one evidence-gated exported mechanism edge.
NODE01448	target_gene	register_target_gene_layer	edge=M22B-E005750; evidence=M22B-EVID-005923 || edge=M22B-E005754; evidence=M22B-EVID-005927 || edge=M22B-E010150; evidence=M22B-EVID-010323
NODE01449	signaling_cascade	module20_24_export	Node participates in at least one evidence-gated exported mechanism edge.
NODE01450	signaling_cascade	module20_24_export	Node participates in at least one evidence-gated exported mechanism edge.
NODE01451	signaling_cascade	module20_24_export	Node participates in at least one evidence-gated exported mechanism edge.
NODE01452	ligand	register_ligand_receptor_layer	edge=M20B-E001788; evidence=M20B-EVID-001788 || edge=M20B-E002862; evidence=M20B-EVID-002862
NODE01452	signaling_cascade	module20_24_export	Node participates in at least one evidence-gated exported mechanism edge.
NODE01452	target_gene	register_target_gene_layer	edge=M22B-E006488; evidence=M22B-EVID-006661 || edge=M22B-E010151; evidence=M22B-EVID-010324
NODE01453	signaling_cascade	module20_24_export	Node participates in at least one evidence-gated exported mechanism edge.
NODE01454	signaling_cascade	module20_24_export	Node participates in at least one evidence-gated exported mechanism edge.
NODE01455	ligand	register_ligand_receptor_layer	edge=M20B-E002873; evidence=M20B-EVID-002873 || edge=M20B-E002876; evidence=M20B-EVID-002876 || edge=M20B-E002877; evidence=M20B-EVID-002877 || edge=M20B-E005350; evidence=M20B-EVID-005350 || edge=M24B-E000113; evidence=M24B-EVID-000155 || edge=M24B-E000114; evidence=M24B-EVID-000156
NODE01455	signaling_cascade	module20_24_export	Node participates in at least one evidence-gated exported mechanism edge.
NODE01455	target_gene	register_target_gene_layer	edge=M22B-E006142; evidence=M22B-EVID-006315 || edge=M22B-E006448; evidence=M22B-EVID-006621 || edge=M22B-E006489; evidence=M22B-EVID-006662 || edge=M22B-E009965; evidence=M22B-EVID-010138 || edge=M22B-E010152; evidence=M22B-EVID-010325 || edge=M22B-E010153; evidence=M22B-EVID-010326 || edge=M22B-E010154; evidence=M22B-EVID-010327
NODE01456	signaling_cascade	module20_24_export	Node participates in at least one evidence-gated exported mechanism edge.
NODE01457	signaling_cascade	module20_24_export	Node participates in at least one evidence-gated exported mechanism edge.
NODE01458	signaling_cascade	module20_24_export	Node participates in at least one evidence-gated exported mechanism edge.
NODE01459	signaling_cascade	module20_24_export	Node participates in at least one evidence-gated exported mechanism edge.
NODE01460	signaling_cascade	module20_24_export	Node participates in at least one evidence-gated exported mechanism edge.
NODE01460	target_gene	register_target_gene_layer	edge=M22B-E010155; evidence=M22B-EVID-010328 || edge=M22B-E010156; evidence=M22B-EVID-010329
NODE01461	ligand	register_ligand_receptor_layer	edge=M24B-E000115; evidence=M24B-EVID-000157;M24B-EVID-PROMO-20260826-018 || edge=M24B-E000116; evidence=M24B-EVID-000158;M24B-EVID-PROMO-20260826-019
NODE01461	signaling_cascade	module20_24_export	Node participates in at least one evidence-gated exported mechanism edge.
NODE01461	target_gene	register_target_gene_layer	edge=M22B-E010157; evidence=M22B-EVID-010330 || edge=M22B-E010158; evidence=M22B-EVID-010331
NODE01462	signaling_cascade	module20_24_export	Node participates in at least one evidence-gated exported mechanism edge.
NODE01463	ligand	register_ligand_receptor_layer	edge=M24B-E000025; evidence=M24B-EVID-000034 || edge=M24B-E000026; evidence=M24B-EVID-000035 || edge=M24B-E000118; evidence=M24B-EVID-000160
NODE01463	signaling_cascade	module20_24_export	Node participates in at least one evidence-gated exported mechanism edge.
NODE01463	target_gene	register_target_gene_layer	edge=M22B-E010159; evidence=M22B-EVID-010332
NODE01464	signaling_cascade	module20_24_export	Node participates in at least one evidence-gated exported mechanism edge.
NODE01465	signaling_cascade	module20_24_export	Node participates in at least one evidence-gated exported mechanism edge.
NODE01465	target_gene	register_target_gene_layer	edge=M22B-E010160; evidence=M22B-EVID-010333
NODE01466	ligand	register_ligand_receptor_layer	edge=M23B-E001207; evidence=M23B-EVID-EXPAND23A-151 || edge=M24B-E000034; evidence=M24B-EVID-000043
NODE01466	signaling_cascade	module20_24_export	Node participates in at least one evidence-gated exported mechanism edge.
NODE01467	signaling_cascade	module20_24_export	Node participates in at least one evidence-gated exported mechanism edge.
NODE01468	signaling_cascade	module20_24_export	Node participates in at least one evidence-gated exported mechanism edge.
NODE01469	signaling_cascade	module20_24_export	Node participates in at least one evidence-gated exported mechanism edge.
NODE01470	signaling_cascade	module20_24_export	Node participates in at least one evidence-gated exported mechanism edge.
NODE01471	signaling_cascade	module20_24_export	Node participates in at least one evidence-gated exported mechanism edge.
NODE01471	target_gene	register_target_gene_layer	edge=M22B-E006327; evidence=M22B-EVID-006500 || edge=M22B-E007070; evidence=M22B-EVID-007243 || edge=M22B-E008479; evidence=M22B-EVID-008652
NODE01472	signaling_cascade	module20_24_export	Node participates in at least one evidence-gated exported mechanism edge.
NODE01473	signaling_cascade	module20_24_export	Node participates in at least one evidence-gated exported mechanism edge.
NODE01474	ligand	register_ligand_receptor_layer	edge=M23B-E001030; evidence=M23B-EVID-001386
NODE01474	signaling_cascade	module20_24_export	Node participates in at least one evidence-gated exported mechanism edge.
NODE01475	signaling_cascade	module20_24_export	Node participates in at least one evidence-gated exported mechanism edge.
NODE01475	target_gene	register_target_gene_layer	edge=M22B-E007071; evidence=M22B-EVID-007244 || edge=M22B-E007708; evidence=M22B-EVID-007881 || edge=M22B-E009152; evidence=M22B-EVID-009325
NODE01476	signaling_cascade	module20_24_export	Node participates in at least one evidence-gated exported mechanism edge.
NODE01476	target_gene	register_target_gene_layer	edge=M22B-E006655; evidence=M22B-EVID-006828 || edge=M22B-E007709; evidence=M22B-EVID-007882 || edge=M22B-E008823; evidence=M22B-EVID-008996 || edge=M22B-E009153; evidence=M22B-EVID-009326 || edge=M22B-E009529; evidence=M22B-EVID-009702 || edge=M22B-E009992; evidence=M22B-EVID-010165
NODE01477	signaling_cascade	module20_24_export	Node participates in at least one evidence-gated exported mechanism edge.
NODE01477	target_gene	register_target_gene_layer	edge=M22B-E006656; evidence=M22B-EVID-006829 || edge=M22B-E007710; evidence=M22B-EVID-007883 || edge=M22B-E008824; evidence=M22B-EVID-008997 || edge=M22B-E009154; evidence=M22B-EVID-009327 || edge=M22B-E009420; evidence=M22B-EVID-009593 || edge=M22B-E009457; evidence=M22B-EVID-009630 || edge=M22B-E010039; evidence=M22B-EVID-010212
NODE01478	signaling_cascade	module20_24_export	Node participates in at least one evidence-gated exported mechanism edge.
NODE01478	target_gene	register_target_gene_layer	edge=M22B-E009608; evidence=M22B-EVID-009781
NODE01479	signaling_cascade	module20_24_export	Node participates in at least one evidence-gated exported mechanism edge.
NODE01479	target_gene	register_target_gene_layer	edge=M22B-E000448; evidence=M22B-EVID-000007 || edge=M22B-E000455; evidence=M22B-EVID-000077 || edge=M22B-E005774; evidence=M22B-EVID-005947 || edge=M22B-E005861; evidence=M22B-EVID-006034 || edge=M22B-E005995; evidence=M22B-EVID-006168 || edge=M22B-E007072; evidence=M22B-EVID-007245 || edge=M22B-E007367; evidence=M22B-EVID-007540 || edge=M22B-E007711; evidence=M22B-EVID-007884 || edge=M22B-E007942; evidence=M22B-EVID-008115 || edge=M22B-E008033; evidence=M22B-EVID-008206 || edge=M22B-E008164; evidence=M22B-EVID-008337 || edge=M22B-E008294; evidence=M22B-EVID-008467 || edge=M22B-E008480; evidence=M22B-EVID-008653 || edge=M22B-E008744; evidence=M22B-EVID-008917 || edge=M22B-E008825; evidence=M22B-EVID-008998 || edge=M22B-E009155; evidence=M22B-EVID-009328 || edge=M22B-E009936; evidence=M22B-EVID-010109 || edge=M22B-E009954; evidence=M22B-EVID-010127 || edge=M22B-E009956; evidence=M22B-EVID-010129 || edge=M22B-E010041; evidence=M22B-EVID-010214 || edge=M22B-E010056; evidence=M22B-EVID-010229
NODE01480	signaling_cascade	module20_24_export	Node participates in at least one evidence-gated exported mechanism edge.
NODE01481	signaling_cascade	module20_24_export	Node participates in at least one evidence-gated exported mechanism edge.
NODE01481	target_gene	register_target_gene_layer	edge=M22B-E005769; evidence=M22B-EVID-005942 || edge=M22B-E006490; evidence=M22B-EVID-006663 || edge=M22B-E006657; evidence=M22B-EVID-006830 || edge=M22B-E007073; evidence=M22B-EVID-007246 || edge=M22B-E007368; evidence=M22B-EVID-007541 || edge=M22B-E008648; evidence=M22B-EVID-008821 || edge=M22B-E008826; evidence=M22B-EVID-008999 || edge=M22B-E009773; evidence=M22B-EVID-009946
NODE01482	signaling_cascade	module20_24_export	Node participates in at least one evidence-gated exported mechanism edge.
NODE01482	target_gene	register_target_gene_layer	edge=M22B-E005862; evidence=M22B-EVID-006035 || edge=M22B-E005996; evidence=M22B-EVID-006169 || edge=M22B-E006989; evidence=M22B-EVID-007162 || edge=M22B-E007369; evidence=M22B-EVID-007542 || edge=M22B-E008034; evidence=M22B-EVID-008207 || edge=M22B-E008165; evidence=M22B-EVID-008338 || edge=M22B-E009820; evidence=M22B-EVID-009993
NODE01483	signaling_cascade	module20_24_export	Node participates in at least one evidence-gated exported mechanism edge.
NODE01484	signaling_cascade	module20_24_export	Node participates in at least one evidence-gated exported mechanism edge.
NODE01484	target_gene	register_target_gene_layer	edge=M22B-E006658; evidence=M22B-EVID-006831 || edge=M22B-E008827; evidence=M22B-EVID-009000 || edge=M22B-E009421; evidence=M22B-EVID-009594
NODE01485	signaling_cascade	module20_24_export	Node participates in at least one evidence-gated exported mechanism edge.
NODE01485	target_gene	register_target_gene_layer	edge=M22B-E007712; evidence=M22B-EVID-007885 || edge=M22B-E009156; evidence=M22B-EVID-009329
NODE01486	signaling_cascade	module20_24_export	Node participates in at least one evidence-gated exported mechanism edge.
NODE01487	signaling_cascade	module20_24_export	Node participates in at least one evidence-gated exported mechanism edge.
NODE01487	target_gene	register_target_gene_layer	edge=M22B-E007713; evidence=M22B-EVID-007886 || edge=M22B-E009157; evidence=M22B-EVID-009330
NODE01488	signaling_cascade	module20_24_export	Node participates in at least one evidence-gated exported mechanism edge.
NODE01488	target_gene	register_target_gene_layer	edge=M22B-E007714; evidence=M22B-EVID-007887
NODE01489	signaling_cascade	module20_24_export	Node participates in at least one evidence-gated exported mechanism edge.
NODE01490	receptor	register_ligand_receptor_layer	edge=M20B-E001853; evidence=M20B-EVID-001853;M20B-EVID-PROMO-20260826-016 || edge=M20B-E002833; evidence=M20B-EVID-002833 || edge=M20B-E002862; evidence=M20B-EVID-002862 || edge=M24B-E000112; evidence=M24B-EVID-000154 || edge=M24B-E000113; evidence=M24B-EVID-000155 || edge=M24B-E000115; evidence=M24B-EVID-000157;M24B-EVID-PROMO-20260826-018 || edge=M24B-E000118; evidence=M24B-EVID-000160
NODE01490	signaling_cascade	module20_24_export	Node participates in at least one evidence-gated exported mechanism edge.
NODE01490	target_gene	register_target_gene_layer	edge=M22B-E007370; evidence=M22B-EVID-007543
NODE01491	signaling_cascade	module20_24_export	Node participates in at least one evidence-gated exported mechanism edge.
NODE01492	signaling_cascade	module20_24_export	Node participates in at least one evidence-gated exported mechanism edge.
NODE01493	receptor	register_ligand_receptor_layer	edge=M20B-E001786; evidence=M20B-EVID-001786 || edge=M20B-E001850; evidence=M20B-EVID-001850;M20B-EVID-005256-P2-FUNC || edge=M23B-E000116; evidence=M23B-EVID-000184 || edge=M24B-E000110; evidence=M24B-EVID-000152;M24B-EVID-PROMO-20260826-016
NODE01493	signaling_cascade	module20_24_export	Node participates in at least one evidence-gated exported mechanism edge.
NODE01494	signaling_cascade	module20_24_export	Node participates in at least one evidence-gated exported mechanism edge.
NODE01495	receptor	register_ligand_receptor_layer	edge=M20B-E001781; evidence=M20B-EVID-001781 || edge=M20B-E002821; evidence=M20B-EVID-002821 || edge=M20B-E003228; evidence=M20B-EVID-003228
NODE01495	signaling_cascade	module20_24_export	Node participates in at least one evidence-gated exported mechanism edge.
NODE01495	target_gene	register_target_gene_layer	edge=M22B-E010326; evidence=M22B-EVID-010498 || edge=M22B-E010327; evidence=M22B-EVID-010499 || edge=M22B-E010328; evidence=M22B-EVID-010500 || edge=M22B-E010329; evidence=M22B-EVID-010501
NODE01496	signaling_cascade	module20_24_export	Node participates in at least one evidence-gated exported mechanism edge.
NODE01497	signaling_cascade	module20_24_export	Node participates in at least one evidence-gated exported mechanism edge.
NODE01498	signaling_cascade	module20_24_export	Node participates in at least one evidence-gated exported mechanism edge.
NODE01499	receptor	register_ligand_receptor_layer	edge=M24B-E000025; evidence=M24B-EVID-000034 || edge=M24B-E000086; evidence=M24B-EVID-000122 || edge=M24B-E000107; evidence=M24B-EVID-000149 || edge=M24B-E000116; evidence=M24B-EVID-000158;M24B-EVID-PROMO-20260826-019
NODE01499	signaling_cascade	module20_24_export	Node participates in at least one evidence-gated exported mechanism edge.
NODE01500	signaling_cascade	module20_24_export	Node participates in at least one evidence-gated exported mechanism edge.
NODE01501	receptor	register_ligand_receptor_layer	edge=M24B-E000026; evidence=M24B-EVID-000035 || edge=M24B-E000108; evidence=M24B-EVID-000150 || edge=M24B-E000109; evidence=M24B-EVID-000151 || edge=M24B-E000114; evidence=M24B-EVID-000156
NODE01501	signaling_cascade	module20_24_export	Node participates in at least one evidence-gated exported mechanism edge.
NODE01501	target_gene	register_target_gene_layer	edge=M22B-E010218; evidence=M22B-EVID-010391
NODE01502	signaling_cascade	module20_24_export	Node participates in at least one evidence-gated exported mechanism edge.
NODE01503	signaling_cascade	module20_24_export	Node participates in at least one evidence-gated exported mechanism edge.
NODE01504	receptor	register_ligand_receptor_layer	edge=M20B-E002955; evidence=M20B-EVID-002955
NODE01504	signaling_cascade	module20_24_export	Node participates in at least one evidence-gated exported mechanism edge.
NODE01505	signaling_cascade	module20_24_export	Node participates in at least one evidence-gated exported mechanism edge.
NODE01506	receptor	register_ligand_receptor_layer	edge=M20B-E005350; evidence=M20B-EVID-005350
NODE01506	signaling_cascade	module20_24_export	Node participates in at least one evidence-gated exported mechanism edge.
NODE01506	target_gene	register_target_gene_layer	edge=M22B-E007371; evidence=M22B-EVID-007544
NODE01507	signaling_cascade	module20_24_export	Node participates in at least one evidence-gated exported mechanism edge.
NODE01508	signaling_cascade	module20_24_export	Node participates in at least one evidence-gated exported mechanism edge.
NODE01509	signaling_cascade	module20_24_export	Node participates in at least one evidence-gated exported mechanism edge.
NODE01510	signaling_cascade	module20_24_export	Node participates in at least one evidence-gated exported mechanism edge.
NODE01510	target_gene	register_target_gene_layer	edge=M22B-E010066; evidence=M22B-EVID-010239
NODE01511	signaling_cascade	module20_24_export	Node participates in at least one evidence-gated exported mechanism edge.
NODE01512	signaling_cascade	module20_24_export	Node participates in at least one evidence-gated exported mechanism edge.
NODE01512	target_gene	register_target_gene_layer	edge=M22B-E009405; evidence=M22B-EVID-009578 || edge=M22B-E010142; evidence=M22B-EVID-010315 || edge=M22B-E010143; evidence=M22B-EVID-010316
NODE01513	signaling_cascade	module20_24_export	Node participates in at least one evidence-gated exported mechanism edge.
NODE01514	signaling_cascade	module20_24_export	Node participates in at least one evidence-gated exported mechanism edge.
NODE01515	receptor	register_ligand_receptor_layer	edge=M20B-E002831; evidence=M20B-EVID-002831
NODE01515	signaling_cascade	module20_24_export	Node participates in at least one evidence-gated exported mechanism edge.
NODE01515	target_gene	register_target_gene_layer	edge=M22B-E010616; evidence=M22B-EVID-010712 || edge=M22B-E010617; evidence=M22B-EVID-010713
NODE01516	signaling_cascade	module20_24_export	Node participates in at least one evidence-gated exported mechanism edge.
NODE01517	signaling_cascade	module20_24_export	Node participates in at least one evidence-gated exported mechanism edge.
NODE01517	target_gene	register_target_gene_layer	edge=M22B-E006659; evidence=M22B-EVID-006832 || edge=M22B-E008828; evidence=M22B-EVID-009001
NODE01518	signaling_cascade	module20_24_export	Node participates in at least one evidence-gated exported mechanism edge.
NODE01519	signaling_cascade	module20_24_export	Node participates in at least one evidence-gated exported mechanism edge.
NODE01520	signaling_cascade	module20_24_export	Node participates in at least one evidence-gated exported mechanism edge.
NODE01521	receptor	register_ligand_receptor_layer	edge=M23B-E001083; evidence=M23B-EVID-EXPAND23A-008
NODE01521	signaling_cascade	module20_24_export	Node participates in at least one evidence-gated exported mechanism edge.
NODE01521	target_gene	register_target_gene_layer	edge=M22B-E007074; evidence=M22B-EVID-007247 || edge=M22B-E009458; evidence=M22B-EVID-009631 || edge=M22B-E010676; evidence=M22B-EVID-010769
NODE01522	signaling_cascade	module20_24_export	Node participates in at least one evidence-gated exported mechanism edge.
NODE01523	signaling_cascade	module20_24_export	Node participates in at least one evidence-gated exported mechanism edge.
NODE01524	signaling_cascade	module20_24_export	Node participates in at least one evidence-gated exported mechanism edge.
NODE01524	target_gene	register_target_gene_layer	edge=M22B-E007075; evidence=M22B-EVID-007248
NODE01525	signaling_cascade	module20_24_export	Node participates in at least one evidence-gated exported mechanism edge.
NODE01526	signaling_cascade	module20_24_export	Node participates in at least one evidence-gated exported mechanism edge.
NODE01527	signaling_cascade	module20_24_export	Node participates in at least one evidence-gated exported mechanism edge.
NODE01528	signaling_cascade	module20_24_export	Node participates in at least one evidence-gated exported mechanism edge.
NODE01529	signaling_cascade	module20_24_export	Node participates in at least one evidence-gated exported mechanism edge.
NODE01530	receptor	register_ligand_receptor_layer	edge=M20B-E003803; evidence=M20B-EVID-003803
NODE01530	signaling_cascade	module20_24_export	Node participates in at least one evidence-gated exported mechanism edge.
NODE01530	target_gene	register_target_gene_layer	edge=M22B-E007076; evidence=M22B-EVID-007249
NODE01531	ligand	register_ligand_receptor_layer	edge=M20B-E002886; evidence=M20B-EVID-002886 || edge=M23B-E000117; evidence=M23B-EVID-000185
NODE01531	signaling_cascade	module20_24_export	Node participates in at least one evidence-gated exported mechanism edge.
NODE01531	target_gene	register_target_gene_layer	edge=M22B-E010514; evidence=M22B-EVID-010630 || edge=M22B-E010515; evidence=M22B-EVID-010630
NODE01532	signaling_cascade	module20_24_export	Node participates in at least one evidence-gated exported mechanism edge.
NODE01533	signaling_cascade	module20_24_export	Node participates in at least one evidence-gated exported mechanism edge.
NODE01533	target_gene	register_target_gene_layer	edge=M22B-E010300; evidence=M22B-EVID-010472
NODE01534	signaling_cascade	module20_24_export	Node participates in at least one evidence-gated exported mechanism edge.
NODE01534	target_gene	register_target_gene_layer	edge=M22B-E005863; evidence=M22B-EVID-006036 || edge=M22B-E007077; evidence=M22B-EVID-007250 || edge=M22B-E008035; evidence=M22B-EVID-008208
NODE01535	signaling_cascade	module20_24_export	Node participates in at least one evidence-gated exported mechanism edge.
NODE01536	signaling_cascade	module20_24_export	Node participates in at least one evidence-gated exported mechanism edge.
NODE01536	target_gene	register_target_gene_layer	edge=M22B-E009530; evidence=M22B-EVID-009703
NODE01537	signaling_cascade	module20_24_export	Node participates in at least one evidence-gated exported mechanism edge.
NODE01538	signaling_cascade	module20_24_export	Node participates in at least one evidence-gated exported mechanism edge.
NODE01538	target_gene	register_target_gene_layer	edge=M22B-E009821; evidence=M22B-EVID-009994
NODE01539	receptor	register_ligand_receptor_layer	edge=M20B-E002905; evidence=M20B-EVID-002905
NODE01539	signaling_cascade	module20_24_export	Node participates in at least one evidence-gated exported mechanism edge.
NODE01540	signaling_cascade	module20_24_export	Node participates in at least one evidence-gated exported mechanism edge.
NODE01541	signaling_cascade	module20_24_export	Node participates in at least one evidence-gated exported mechanism edge.
NODE01542	ligand	register_ligand_receptor_layer	edge=M20B-E002887; evidence=M20B-EVID-002887;M20B-EVID-005295-P2-RELAY;M20B-EVID-005296-P2-FUNC || edge=M20B-E002888; evidence=M20B-EVID-002888
NODE01542	receptor	register_ligand_receptor_layer	edge=M20B-E002890; evidence=M20B-EVID-002890
NODE01542	signaling_cascade	module20_24_export	Node participates in at least one evidence-gated exported mechanism edge.
NODE01543	ligand	register_ligand_receptor_layer	edge=M20B-E002890; evidence=M20B-EVID-002890
NODE01543	receptor	register_ligand_receptor_layer	edge=M20B-E002887; evidence=M20B-EVID-002887;M20B-EVID-005295-P2-RELAY;M20B-EVID-005296-P2-FUNC
NODE01543	signaling_cascade	module20_24_export	Node participates in at least one evidence-gated exported mechanism edge.
NODE01543	target_gene	register_target_gene_layer	edge=M22B-E010161; evidence=M22B-EVID-010334 || edge=M22B-E010162; evidence=M22B-EVID-010335
NODE01544	receptor	register_ligand_receptor_layer	edge=M20B-E002888; evidence=M20B-EVID-002888
NODE01544	signaling_cascade	module20_24_export	Node participates in at least one evidence-gated exported mechanism edge.
NODE01545	signaling_cascade	module20_24_export	Node participates in at least one evidence-gated exported mechanism edge.
NODE01546	signaling_cascade	module20_24_export	Node participates in at least one evidence-gated exported mechanism edge.
NODE01546	target_gene	register_target_gene_layer	edge=M22B-E010178; evidence=M22B-EVID-010351
NODE01547	signaling_cascade	module20_24_export	Node participates in at least one evidence-gated exported mechanism edge.
NODE01548	ligand	register_ligand_receptor_layer	edge=M20B-E002893; evidence=M20B-EVID-002893
NODE01548	receptor	register_ligand_receptor_layer	edge=M20B-E003804; evidence=M20B-EVID-003804
NODE01548	signaling_cascade	module20_24_export	Node participates in at least one evidence-gated exported mechanism edge.
NODE01548	target_gene	register_target_gene_layer	edge=M22B-E009603; evidence=M22B-EVID-009776
NODE01549	signaling_cascade	module20_24_export	Node participates in at least one evidence-gated exported mechanism edge.
NODE01550	signaling_cascade	module20_24_export	Node participates in at least one evidence-gated exported mechanism edge.
NODE01550	target_gene	register_target_gene_layer	edge=M22B-E010367; evidence=M22B-EVID-010539
NODE01551	signaling_cascade	module20_24_export	Node participates in at least one evidence-gated exported mechanism edge.
NODE01552	signaling_cascade	module20_24_export	Node participates in at least one evidence-gated exported mechanism edge.
NODE01553	signaling_cascade	module20_24_export	Node participates in at least one evidence-gated exported mechanism edge.
NODE01554	signaling_cascade	module20_24_export	Node participates in at least one evidence-gated exported mechanism edge.
NODE01555	signaling_cascade	module20_24_export	Node participates in at least one evidence-gated exported mechanism edge.
NODE01556	signaling_cascade	module20_24_export	Node participates in at least one evidence-gated exported mechanism edge.
NODE01557	receptor	register_ligand_receptor_layer	edge=M20B-E002906; evidence=M20B-EVID-002906
NODE01557	signaling_cascade	module20_24_export	Node participates in at least one evidence-gated exported mechanism edge.
NODE01558	signaling_cascade	module20_24_export	Node participates in at least one evidence-gated exported mechanism edge.
NODE01559	signaling_cascade	module20_24_export	Node participates in at least one evidence-gated exported mechanism edge.
NODE01560	signaling_cascade	module20_24_export	Node participates in at least one evidence-gated exported mechanism edge.
NODE01561	signaling_cascade	module20_24_export	Node participates in at least one evidence-gated exported mechanism edge.
NODE01562	signaling_cascade	module20_24_export	Node participates in at least one evidence-gated exported mechanism edge.
NODE01563	receptor	register_ligand_receptor_layer	edge=M20B-E004268; evidence=M20B-EVID-004268;M20B-EVID-004268-P2-DIRECT;M20B-EVID-004268-P2-FUNC;M20B-EVID-004268-P2-RELAY || edge=M23B-E001077; evidence=M23B-EVID-EXPAND23A-002
NODE01563	signaling_cascade	module20_24_export	Node participates in at least one evidence-gated exported mechanism edge.
NODE01563	target_gene	register_target_gene_layer	edge=M22B-E010335; evidence=M22B-EVID-010507 || edge=M22B-E010336; evidence=M22B-EVID-010508
NODE01564	signaling_cascade	module20_24_export	Node participates in at least one evidence-gated exported mechanism edge.
NODE01565	signaling_cascade	module20_24_export	Node participates in at least one evidence-gated exported mechanism edge.
NODE01566	signaling_cascade	module20_24_export	Node participates in at least one evidence-gated exported mechanism edge.
NODE01567	signaling_cascade	module20_24_export	Node participates in at least one evidence-gated exported mechanism edge.
NODE01568	ligand	register_ligand_receptor_layer	edge=M20B-E002894; evidence=M20B-EVID-002894 || edge=M20B-E002895; evidence=M20B-EVID-002895
NODE01568	signaling_cascade	module20_24_export	Node participates in at least one evidence-gated exported mechanism edge.
NODE01568	target_gene	register_target_gene_layer	edge=M22B-E006449; evidence=M22B-EVID-006622 || edge=M22B-E007372; evidence=M22B-EVID-007545 || edge=M22B-E008599; evidence=M22B-EVID-008772 || edge=M22B-E010166; evidence=M22B-EVID-010339
NODE01569	signaling_cascade	module20_24_export	Node participates in at least one evidence-gated exported mechanism edge.
NODE01570	ligand	register_ligand_receptor_layer	edge=M20B-E002896; evidence=M20B-EVID-002896 || edge=M20B-E002897; evidence=M20B-EVID-002897
NODE01570	receptor	register_ligand_receptor_layer	edge=M20B-E002913; evidence=M20B-EVID-002913 || edge=M20B-E002915; evidence=M20B-EVID-002915
NODE01570	signaling_cascade	module20_24_export	Node participates in at least one evidence-gated exported mechanism edge.
NODE01570	target_gene	register_target_gene_layer	edge=M22B-E005864; evidence=M22B-EVID-006037 || edge=M22B-E007078; evidence=M22B-EVID-007251 || edge=M22B-E008036; evidence=M22B-EVID-008209
NODE01571	signaling_cascade	module20_24_export	Node participates in at least one evidence-gated exported mechanism edge.
NODE01572	signaling_cascade	module20_24_export	Node participates in at least one evidence-gated exported mechanism edge.
NODE01572	target_gene	register_target_gene_layer	edge=M22B-E009531; evidence=M22B-EVID-009704
NODE01573	signaling_cascade	module20_24_export	Node participates in at least one evidence-gated exported mechanism edge.
NODE01574	signaling_cascade	module20_24_export	Node participates in at least one evidence-gated exported mechanism edge.
NODE01575	signaling_cascade	module20_24_export	Node participates in at least one evidence-gated exported mechanism edge.
NODE01576	signaling_cascade	module20_24_export	Node participates in at least one evidence-gated exported mechanism edge.
NODE01577	signaling_cascade	module20_24_export	Node participates in at least one evidence-gated exported mechanism edge.
NODE01578	signaling_cascade	module20_24_export	Node participates in at least one evidence-gated exported mechanism edge.
NODE01579	signaling_cascade	module20_24_export	Node participates in at least one evidence-gated exported mechanism edge.
NODE01580	signaling_cascade	module20_24_export	Node participates in at least one evidence-gated exported mechanism edge.
NODE01581	signaling_cascade	module20_24_export	Node participates in at least one evidence-gated exported mechanism edge.
NODE01582	signaling_cascade	module20_24_export	Node participates in at least one evidence-gated exported mechanism edge.
NODE01583	signaling_cascade	module20_24_export	Node participates in at least one evidence-gated exported mechanism edge.
NODE01584	signaling_cascade	module20_24_export	Node participates in at least one evidence-gated exported mechanism edge.
NODE01585	signaling_cascade	module20_24_export	Node participates in at least one evidence-gated exported mechanism edge.
NODE01586	signaling_cascade	module20_24_export	Node participates in at least one evidence-gated exported mechanism edge.
NODE01587	signaling_cascade	module20_24_export	Node participates in at least one evidence-gated exported mechanism edge.
NODE01588	signaling_cascade	module20_24_export	Node participates in at least one evidence-gated exported mechanism edge.
NODE01588	target_gene	register_target_gene_layer	edge=M22B-E010572; evidence=M22B-EVID-010669 || edge=M22B-E010573; evidence=M22B-EVID-010669
NODE01589	signaling_cascade	module20_24_export	Node participates in at least one evidence-gated exported mechanism edge.
NODE01590	signaling_cascade	module20_24_export	Node participates in at least one evidence-gated exported mechanism edge.
NODE01591	signaling_cascade	module20_24_export	Node participates in at least one evidence-gated exported mechanism edge.
NODE01592	signaling_cascade	module20_24_export	Node participates in at least one evidence-gated exported mechanism edge.
NODE01593	signaling_cascade	module20_24_export	Node participates in at least one evidence-gated exported mechanism edge.
NODE01594	signaling_cascade	module20_24_export	Node participates in at least one evidence-gated exported mechanism edge.
NODE01594	target_gene	register_target_gene_layer	edge=M22B-E009477; evidence=M22B-EVID-009650
NODE01595	signaling_cascade	module20_24_export	Node participates in at least one evidence-gated exported mechanism edge.
NODE01596	signaling_cascade	module20_24_export	Node participates in at least one evidence-gated exported mechanism edge.
NODE01597	signaling_cascade	module20_24_export	Node participates in at least one evidence-gated exported mechanism edge.
NODE01598	ligand	register_ligand_receptor_layer	edge=M20B-E002898; evidence=M20B-EVID-002898 || edge=M20B-E002899; evidence=M20B-EVID-002899
NODE01598	signaling_cascade	module20_24_export	Node participates in at least one evidence-gated exported mechanism edge.
NODE01598	target_gene	register_target_gene_layer	edge=M22B-E009511; evidence=M22B-EVID-009684
NODE01599	receptor	register_ligand_receptor_layer	edge=M20B-E002097; evidence=M20B-EVID-002097 || edge=M20B-E002238; evidence=M20B-EVID-002238 || edge=M20B-E002244; evidence=M20B-EVID-002244 || edge=M20B-E004451; evidence=M20B-EVID-004451;M20B-EVID-004451-P2-DIRECT;M20B-EVID-004451-P2-FUNC;M20B-EVID-004451-P2-RELAY || edge=M20B-E004781; evidence=M20B-EVID-004781;M20B-EVID-004781-P2-DIRECT;M20B-EVID-004781-P2-DIRECT-FT;M20B-EVID-004781-P2-FUNC;M20B-EVID-004781-P2-FUNC-FT;M20B-EVID-004781-P2-RELAY;M20B-EVID-004781-P2-RELAY-FT || edge=M23B-E000360; evidence=M23B-EVID-000522 || edge=M23B-E000376; evidence=M23B-EVID-000540 || edge=M23B-E000713; evidence=M23B-EVID-000115;M23B-EVID-000950 || edge=M23B-E000728; evidence=M23B-EVID-000123;M23B-EVID-000977
NODE01599	signaling_cascade	module20_24_export	Node participates in at least one evidence-gated exported mechanism edge.
NODE01599	target_gene	register_target_gene_layer	edge=M22B-E006328; evidence=M22B-EVID-006501 || edge=M22B-E008481; evidence=M22B-EVID-008654 || edge=M22B-E009899; evidence=M22B-EVID-010072 || edge=M22B-E009925; evidence=M22B-EVID-010098 || edge=M22B-E009981; evidence=M22B-EVID-010154
NODE01600	signaling_cascade	module20_24_export	Node participates in at least one evidence-gated exported mechanism edge.
NODE01601	signaling_cascade	module20_24_export	Node participates in at least one evidence-gated exported mechanism edge.
NODE01602	signaling_cascade	module20_24_export	Node participates in at least one evidence-gated exported mechanism edge.
NODE01603	signaling_cascade	module20_24_export	Node participates in at least one evidence-gated exported mechanism edge.
NODE01604	signaling_cascade	module20_24_export	Node participates in at least one evidence-gated exported mechanism edge.
NODE01605	signaling_cascade	module20_24_export	Node participates in at least one evidence-gated exported mechanism edge.
NODE01606	signaling_cascade	module20_24_export	Node participates in at least one evidence-gated exported mechanism edge.
NODE01607	signaling_cascade	module20_24_export	Node participates in at least one evidence-gated exported mechanism edge.
NODE01608	ligand	register_ligand_receptor_layer	edge=M20B-E002900; evidence=M20B-EVID-002900
NODE01608	signaling_cascade	module20_24_export	Node participates in at least one evidence-gated exported mechanism edge.
NODE01608	target_gene	register_target_gene_layer	edge=M22B-E009478; evidence=M22B-EVID-009651
NODE01609	signaling_cascade	module20_24_export	Node participates in at least one evidence-gated exported mechanism edge.
NODE01610	signaling_cascade	module20_24_export	Node participates in at least one evidence-gated exported mechanism edge.
NODE01611	signaling_cascade	module20_24_export	Node participates in at least one evidence-gated exported mechanism edge.
NODE01611	target_gene	register_target_gene_layer	edge=M22B-E005997; evidence=M22B-EVID-006170 || edge=M22B-E008166; evidence=M22B-EVID-008339
NODE01612	signaling_cascade	module20_24_export	Node participates in at least one evidence-gated exported mechanism edge.
NODE01613	signaling_cascade	module20_24_export	Node participates in at least one evidence-gated exported mechanism edge.
NODE01614	receptor	register_ligand_receptor_layer	edge=M20B-E003744; evidence=M20B-EVID-003744 || edge=M20B-E003746; evidence=M20B-EVID-003746 || edge=M20B-E003753; evidence=M20B-EVID-003753 || edge=M20B-E003922; evidence=M20B-EVID-003922
NODE01614	signaling_cascade	module20_24_export	Node participates in at least one evidence-gated exported mechanism edge.
NODE01614	target_gene	register_target_gene_layer	edge=M22B-E005998; evidence=M22B-EVID-006171 || edge=M22B-E008167; evidence=M22B-EVID-008340
NODE01615	signaling_cascade	module20_24_export	Node participates in at least one evidence-gated exported mechanism edge.
NODE01616	signaling_cascade	module20_24_export	Node participates in at least one evidence-gated exported mechanism edge.
NODE01616	target_gene	register_target_gene_layer	edge=M22B-E006450; evidence=M22B-EVID-006623 || edge=M22B-E007373; evidence=M22B-EVID-007546 || edge=M22B-E008600; evidence=M22B-EVID-008773 || edge=M22B-E009801; evidence=M22B-EVID-009974 || edge=M22B-E010286; evidence=M22B-EVID-010459 || edge=M22B-E010287; evidence=M22B-EVID-010460
NODE01617	signaling_cascade	module20_24_export	Node participates in at least one evidence-gated exported mechanism edge.
NODE01618	signaling_cascade	module20_24_export	Node participates in at least one evidence-gated exported mechanism edge.
NODE01619	signaling_cascade	module20_24_export	Node participates in at least one evidence-gated exported mechanism edge.
NODE01620	ligand	register_ligand_receptor_layer	edge=M23B-E000316; evidence=M23B-EVID-000471 || edge=M23B-E001033; evidence=M23B-EVID-001389
NODE01620	signaling_cascade	module20_24_export	Node participates in at least one evidence-gated exported mechanism edge.
NODE01620	target_gene	register_target_gene_layer	edge=M22B-E006143; evidence=M22B-EVID-006316 || edge=M22B-E006235; evidence=M22B-EVID-006408 || edge=M22B-E008295; evidence=M22B-EVID-008468 || edge=M22B-E008389; evidence=M22B-EVID-008562 || edge=M22B-E009604; evidence=M22B-EVID-009777 || edge=M22B-E009995; evidence=M22B-EVID-010168
NODE01621	signaling_cascade	module20_24_export	Node participates in at least one evidence-gated exported mechanism edge.
NODE01622	signaling_cascade	module20_24_export	Node participates in at least one evidence-gated exported mechanism edge.
NODE01623	signaling_cascade	module20_24_export	Node participates in at least one evidence-gated exported mechanism edge.
NODE01624	signaling_cascade	module20_24_export	Node participates in at least one evidence-gated exported mechanism edge.
NODE01625	ligand	register_ligand_receptor_layer	edge=M23B-E000923; evidence=M23B-EVID-001268
NODE01625	signaling_cascade	module20_24_export	Node participates in at least one evidence-gated exported mechanism edge.
NODE01626	signaling_cascade	module20_24_export	Node participates in at least one evidence-gated exported mechanism edge.
NODE01627	signaling_cascade	module20_24_export	Node participates in at least one evidence-gated exported mechanism edge.
NODE01628	receptor	register_ligand_receptor_layer	edge=M20B-E001927; evidence=M20B-EVID-001927 || edge=M20B-E001957; evidence=M20B-EVID-001957 || edge=M20B-E002115; evidence=M20B-EVID-002115 || edge=M20B-E002131; evidence=M20B-EVID-002131 || edge=M20B-E002167; evidence=M20B-EVID-002167 || edge=M20B-E003007; evidence=M20B-EVID-003007 || edge=M20B-E003418; evidence=M20B-EVID-003418 || edge=M20B-E003795; evidence=M20B-EVID-003795 || edge=M20B-E004969; evidence=M20B-EVID-004969 || edge=M20B-E005184; evidence=M20B-EVID-005184 || edge=M20B-E005194; evidence=M20B-EVID-005194 || edge=M20B-E005219; evidence=M20B-EVID-005219 || edge=M23B-E000454; evidence=M23B-EVID-000634 || edge=M23B-E000533; evidence=M23B-EVID-000726 || edge=M23B-E000652; evidence=M23B-EVID-000875 || edge=M23B-E000851; evidence=M23B-EVID-001150
NODE01628	signaling_cascade	module20_24_export	Node participates in at least one evidence-gated exported mechanism edge.
NODE01628	target_gene	register_target_gene_layer	edge=M22B-E005865; evidence=M22B-EVID-006038 || edge=M22B-E006144; evidence=M22B-EVID-006317 || edge=M22B-E006491; evidence=M22B-EVID-006664 || edge=M22B-E006974; evidence=M22B-EVID-007147 || edge=M22B-E006990; evidence=M22B-EVID-007163 || edge=M22B-E007079; evidence=M22B-EVID-007252 || edge=M22B-E007374; evidence=M22B-EVID-007547
NODE01629	signaling_cascade	module20_24_export	Node participates in at least one evidence-gated exported mechanism edge.
NODE01630	signaling_cascade	module20_24_export	Node participates in at least one evidence-gated exported mechanism edge.
NODE01631	signaling_cascade	module20_24_export	Node participates in at least one evidence-gated exported mechanism edge.
NODE01632	signaling_cascade	module20_24_export	Node participates in at least one evidence-gated exported mechanism edge.
NODE01633	signaling_cascade	module20_24_export	Node participates in at least one evidence-gated exported mechanism edge.
NODE01634	signaling_cascade	module20_24_export	Node participates in at least one evidence-gated exported mechanism edge.
NODE01635	signaling_cascade	module20_24_export	Node participates in at least one evidence-gated exported mechanism edge.
NODE01636	receptor	register_ligand_receptor_layer	edge=M20B-E004247; evidence=M20B-EVID-004247;M20B-EVID-004247-P2-DIRECT;M20B-EVID-004247-P2-FUNC;M20B-EVID-004247-P2-RELAY
NODE01636	signaling_cascade	module20_24_export	Node participates in at least one evidence-gated exported mechanism edge.
NODE01637	signaling_cascade	module20_24_export	Node participates in at least one evidence-gated exported mechanism edge.
NODE01638	signaling_cascade	module20_24_export	Node participates in at least one evidence-gated exported mechanism edge.
NODE01639	signaling_cascade	module20_24_export	Node participates in at least one evidence-gated exported mechanism edge.
NODE01640	signaling_cascade	module20_24_export	Node participates in at least one evidence-gated exported mechanism edge.
NODE01641	signaling_cascade	module20_24_export	Node participates in at least one evidence-gated exported mechanism edge.
NODE01642	receptor	register_ligand_receptor_layer	edge=M20B-E004047; evidence=M20B-EVID-004047;M20B-EVID-004047-P2-DIRECT;M20B-EVID-004047-P2-FUNC;M20B-EVID-004047-P2-RELAY
NODE01642	signaling_cascade	module20_24_export	Node participates in at least one evidence-gated exported mechanism edge.
NODE01643	signaling_cascade	module20_24_export	Node participates in at least one evidence-gated exported mechanism edge.
NODE01644	signaling_cascade	module20_24_export	Node participates in at least one evidence-gated exported mechanism edge.
NODE01645	ligand	register_ligand_receptor_layer	edge=M20B-E002904; evidence=M20B-EVID-002904 || edge=M23B-E000319; evidence=M23B-EVID-000474
NODE01645	receptor	register_ligand_receptor_layer	edge=M20B-E002098; evidence=M20B-EVID-002098 || edge=M20B-E002239; evidence=M20B-EVID-002239 || edge=M20B-E002245; evidence=M20B-EVID-002245 || edge=M20B-E002252; evidence=M20B-EVID-002252 || edge=M23B-E000396; evidence=M23B-EVID-000567 || edge=M23B-E000446; evidence=M23B-EVID-000625 || edge=M23B-E000715; evidence=M23B-EVID-000953
NODE01645	signaling_cascade	module20_24_export	Node participates in at least one evidence-gated exported mechanism edge.
NODE01645	target_gene	register_target_gene_layer	edge=M22B-E010209; evidence=M22B-EVID-010382
NODE01646	signaling_cascade	module20_24_export	Node participates in at least one evidence-gated exported mechanism edge.
NODE01647	signaling_cascade	module20_24_export	Node participates in at least one evidence-gated exported mechanism edge.
NODE01648	signaling_cascade	module20_24_export	Node participates in at least one evidence-gated exported mechanism edge.
NODE01649	receptor	register_ligand_receptor_layer	edge=M23B-E000945; evidence=M23B-EVID-001290
NODE01649	signaling_cascade	module20_24_export	Node participates in at least one evidence-gated exported mechanism edge.
NODE01650	signaling_cascade	module20_24_export	Node participates in at least one evidence-gated exported mechanism edge.
NODE01651	ligand	register_ligand_receptor_layer	edge=M20B-E002905; evidence=M20B-EVID-002905 || edge=M20B-E002906; evidence=M20B-EVID-002906
NODE01651	signaling_cascade	module20_24_export	Node participates in at least one evidence-gated exported mechanism edge.
NODE01651	target_gene	register_target_gene_layer	edge=M22B-E010164; evidence=M22B-EVID-010337
NODE01652	signaling_cascade	module20_24_export	Node participates in at least one evidence-gated exported mechanism edge.
NODE01653	receptor	register_ligand_receptor_layer	edge=M20B-E002912; evidence=M20B-EVID-002912
NODE01653	signaling_cascade	module20_24_export	Node participates in at least one evidence-gated exported mechanism edge.
NODE01653	target_gene	register_target_gene_layer	edge=M22B-E005999; evidence=M22B-EVID-006172 || edge=M22B-E008168; evidence=M22B-EVID-008341
NODE01654	signaling_cascade	module20_24_export	Node participates in at least one evidence-gated exported mechanism edge.
NODE01655	signaling_cascade	module20_24_export	Node participates in at least one evidence-gated exported mechanism edge.
NODE01655	target_gene	register_target_gene_layer	edge=M22B-E006000; evidence=M22B-EVID-006173 || edge=M22B-E008169; evidence=M22B-EVID-008342
NODE01656	signaling_cascade	module20_24_export	Node participates in at least one evidence-gated exported mechanism edge.
NODE01657	signaling_cascade	module20_24_export	Node participates in at least one evidence-gated exported mechanism edge.
NODE01658	signaling_cascade	module20_24_export	Node participates in at least one evidence-gated exported mechanism edge.
NODE01658	target_gene	register_target_gene_layer	edge=M22B-E006975; evidence=M22B-EVID-007148
NODE01659	signaling_cascade	module20_24_export	Node participates in at least one evidence-gated exported mechanism edge.
NODE01660	signaling_cascade	module20_24_export	Node participates in at least one evidence-gated exported mechanism edge.
NODE01661	signaling_cascade	module20_24_export	Node participates in at least one evidence-gated exported mechanism edge.
NODE01662	signaling_cascade	module20_24_export	Node participates in at least one evidence-gated exported mechanism edge.
NODE01663	receptor	register_ligand_receptor_layer	edge=M20B-E002538; evidence=M20B-EVID-002538;M20B-EVID-002538-P2-DIRECT;M20B-EVID-002538-P2-FUNC;M20B-EVID-002538-P2-RELAY
NODE01663	signaling_cascade	module20_24_export	Node participates in at least one evidence-gated exported mechanism edge.
NODE01663	target_gene	register_target_gene_layer	edge=M22B-E006001; evidence=M22B-EVID-006174 || edge=M22B-E008170; evidence=M22B-EVID-008343
NODE01664	signaling_cascade	module20_24_export	Node participates in at least one evidence-gated exported mechanism edge.
NODE01665	signaling_cascade	module20_24_export	Node participates in at least one evidence-gated exported mechanism edge.
NODE01666	receptor	register_ligand_receptor_layer	edge=M20B-E002540; evidence=M20B-EVID-002540 || edge=M20B-E002541; evidence=M20B-EVID-002541 || edge=M20B-E005074; evidence=M20B-EVID-005074;M20B-EVID-005074-P2-DIRECT-289;M20B-EVID-005074-P2-FUNC-289;M20B-EVID-005074-P2-RELAY-289 || edge=M23B-E000471; evidence=M23B-EVID-000651 || edge=M23B-E000747; evidence=M23B-EVID-001004
NODE01666	signaling_cascade	module20_24_export	Node participates in at least one evidence-gated exported mechanism edge.
NODE01666	target_gene	register_target_gene_layer	edge=M22B-E006660; evidence=M22B-EVID-006833 || edge=M22B-E008829; evidence=M22B-EVID-009002
NODE01667	signaling_cascade	module20_24_export	Node participates in at least one evidence-gated exported mechanism edge.
NODE01668	signaling_cascade	module20_24_export	Node participates in at least one evidence-gated exported mechanism edge.
NODE01669	signaling_cascade	module20_24_export	Node participates in at least one evidence-gated exported mechanism edge.
NODE01670	signaling_cascade	module20_24_export	Node participates in at least one evidence-gated exported mechanism edge.
NODE01670	target_gene	register_target_gene_layer	edge=M22B-E010585; evidence=M22B-EVID-010681
NODE01671	receptor	register_ligand_receptor_layer	edge=M20B-E004126; evidence=M20B-EVID-004126;M20B-EVID-004126-P2-DIRECT;M20B-EVID-004126-P2-FUNC;M20B-EVID-004126-P2-RELAY || edge=M20B-E004279; evidence=M20B-EVID-004279;M20B-EVID-004279-P2-DIRECT;M20B-EVID-004279-P2-FUNC;M20B-EVID-004279-P2-RELAY || edge=M23B-E000791; evidence=M23B-EVID-001069
NODE01671	signaling_cascade	module20_24_export	Node participates in at least one evidence-gated exported mechanism edge.
NODE01671	target_gene	register_target_gene_layer	edge=M22B-E006145; evidence=M22B-EVID-006318 || edge=M22B-E008296; evidence=M22B-EVID-008469 || edge=M22B-E010341; evidence=M22B-EVID-010513
NODE01672	signaling_cascade	module20_24_export	Node participates in at least one evidence-gated exported mechanism edge.
NODE01673	receptor	register_ligand_receptor_layer	edge=M20B-E004803; evidence=M20B-EVID-004803;M20B-EVID-004803-P2-DIRECT;M20B-EVID-004803-P2-FUNC;M20B-EVID-004803-P2-RELAY
NODE01673	signaling_cascade	module20_24_export	Node participates in at least one evidence-gated exported mechanism edge.
NODE01674	signaling_cascade	module20_24_export	Node participates in at least one evidence-gated exported mechanism edge.
NODE01675	signaling_cascade	module20_24_export	Node participates in at least one evidence-gated exported mechanism edge.
NODE01676	signaling_cascade	module20_24_export	Node participates in at least one evidence-gated exported mechanism edge.
NODE01677	ligand	register_ligand_receptor_layer	edge=M20B-E002912; evidence=M20B-EVID-002912
NODE01677	receptor	register_ligand_receptor_layer	edge=M20B-E004863; evidence=M20B-EVID-004863;M20B-EVID-004863-P2-FUNC;M20B-EVID-004863-P2-RELAY
NODE01677	signaling_cascade	module20_24_export	Node participates in at least one evidence-gated exported mechanism edge.
NODE01678	signaling_cascade	module20_24_export	Node participates in at least one evidence-gated exported mechanism edge.
NODE01679	signaling_cascade	module20_24_export	Node participates in at least one evidence-gated exported mechanism edge.
NODE01680	signaling_cascade	module20_24_export	Node participates in at least one evidence-gated exported mechanism edge.
NODE01681	signaling_cascade	module20_24_export	Node participates in at least one evidence-gated exported mechanism edge.
NODE01681	target_gene	register_target_gene_layer	edge=M22B-E010325; evidence=M22B-EVID-010497
NODE01682	signaling_cascade	module20_24_export	Node participates in at least one evidence-gated exported mechanism edge.
NODE01683	signaling_cascade	module20_24_export	Node participates in at least one evidence-gated exported mechanism edge.
NODE01684	signaling_cascade	module20_24_export	Node participates in at least one evidence-gated exported mechanism edge.
NODE01685	receptor	register_ligand_receptor_layer	edge=M23B-E000208; evidence=M23B-EVID-000293
NODE01685	signaling_cascade	module20_24_export	Node participates in at least one evidence-gated exported mechanism edge.
NODE01686	signaling_cascade	module20_24_export	Node participates in at least one evidence-gated exported mechanism edge.
NODE01687	receptor	register_ligand_receptor_layer	edge=M20B-E001912; evidence=M20B-EVID-001912
NODE01687	signaling_cascade	module20_24_export	Node participates in at least one evidence-gated exported mechanism edge.
NODE01688	receptor	register_ligand_receptor_layer	edge=M20B-E001913; evidence=M20B-EVID-001913
NODE01688	signaling_cascade	module20_24_export	Node participates in at least one evidence-gated exported mechanism edge.
NODE01689	signaling_cascade	module20_24_export	Node participates in at least one evidence-gated exported mechanism edge.
NODE01689	target_gene	register_target_gene_layer	edge=M22B-E009802; evidence=M22B-EVID-009975
NODE01690	signaling_cascade	module20_24_export	Node participates in at least one evidence-gated exported mechanism edge.
NODE01691	signaling_cascade	module20_24_export	Node participates in at least one evidence-gated exported mechanism edge.
NODE01691	target_gene	register_target_gene_layer	edge=M22B-E006661; evidence=M22B-EVID-006834 || edge=M22B-E008830; evidence=M22B-EVID-009003
NODE01692	ligand	register_ligand_receptor_layer	edge=M20B-E002913; evidence=M20B-EVID-002913 || edge=M20B-E002914; evidence=M20B-EVID-002914
NODE01692	receptor	register_ligand_receptor_layer	edge=M20B-E002894; evidence=M20B-EVID-002894 || edge=M20B-E002896; evidence=M20B-EVID-002896
NODE01692	signaling_cascade	module20_24_export	Node participates in at least one evidence-gated exported mechanism edge.
NODE01693	signaling_cascade	module20_24_export	Node participates in at least one evidence-gated exported mechanism edge.
NODE01694	receptor	register_ligand_receptor_layer	edge=M20B-E003707; evidence=M20B-EVID-003707 || edge=M20B-E004452; evidence=M20B-EVID-004452;M20B-EVID-004452-P2-DIRECT;M20B-EVID-004452-P2-FUNC;M20B-EVID-004452-P2-RELAY
NODE01694	signaling_cascade	module20_24_export	Node participates in at least one evidence-gated exported mechanism edge.
NODE01694	target_gene	register_target_gene_layer	edge=M22B-E010500; evidence=M22B-EVID-010619
NODE01695	signaling_cascade	module20_24_export	Node participates in at least one evidence-gated exported mechanism edge.
NODE01696	signaling_cascade	module20_24_export	Node participates in at least one evidence-gated exported mechanism edge.
NODE01696	target_gene	register_target_gene_layer	edge=M22B-E006492; evidence=M22B-EVID-006665 || edge=M22B-E007715; evidence=M22B-EVID-007888 || edge=M22B-E008649; evidence=M22B-EVID-008822 || edge=M22B-E009158; evidence=M22B-EVID-009331
NODE01697	signaling_cascade	module20_24_export	Node participates in at least one evidence-gated exported mechanism edge.
NODE01698	signaling_cascade	module20_24_export	Node participates in at least one evidence-gated exported mechanism edge.
NODE01698	target_gene	register_target_gene_layer	edge=M22B-E007080; evidence=M22B-EVID-007253
NODE01699	signaling_cascade	module20_24_export	Node participates in at least one evidence-gated exported mechanism edge.
NODE01700	signaling_cascade	module20_24_export	Node participates in at least one evidence-gated exported mechanism edge.
NODE01701	ligand	register_ligand_receptor_layer	edge=M20B-E002915; evidence=M20B-EVID-002915 || edge=M20B-E002916; evidence=M20B-EVID-002916
NODE01701	receptor	register_ligand_receptor_layer	edge=M20B-E002897; evidence=M20B-EVID-002897
NODE01701	signaling_cascade	module20_24_export	Node participates in at least one evidence-gated exported mechanism edge.
NODE01701	target_gene	register_target_gene_layer	edge=M22B-E007375; evidence=M22B-EVID-007548
NODE01702	signaling_cascade	module20_24_export	Node participates in at least one evidence-gated exported mechanism edge.
NODE01703	receptor	register_ligand_receptor_layer	edge=M20B-E003758; evidence=M20B-EVID-003758 || edge=M20B-E003762; evidence=M20B-EVID-003762 || edge=M20B-E003767; evidence=M20B-EVID-003767;M20B-EVID-003767-P2-FUNC
NODE01703	signaling_cascade	module20_24_export	Node participates in at least one evidence-gated exported mechanism edge.
NODE01703	target_gene	register_target_gene_layer	edge=M22B-E006002; evidence=M22B-EVID-006175 || edge=M22B-E006236; evidence=M22B-EVID-006409 || edge=M22B-E008171; evidence=M22B-EVID-008344 || edge=M22B-E008390; evidence=M22B-EVID-008563 || edge=M22B-E010176; evidence=M22B-EVID-010349
NODE01704	signaling_cascade	module20_24_export	Node participates in at least one evidence-gated exported mechanism edge.
NODE01705	signaling_cascade	module20_24_export	Node participates in at least one evidence-gated exported mechanism edge.
NODE01706	signaling_cascade	module20_24_export	Node participates in at least one evidence-gated exported mechanism edge.
NODE01706	target_gene	register_target_gene_layer	edge=M22B-E006237; evidence=M22B-EVID-006410 || edge=M22B-E008391; evidence=M22B-EVID-008564
NODE01707	receptor	register_ligand_receptor_layer	edge=M20B-E003759; evidence=M20B-EVID-003759 || edge=M20B-E003763; evidence=M20B-EVID-003763 || edge=M20B-E003768; evidence=M20B-EVID-003768;M20B-EVID-003768-P2-FUNC
NODE01707	signaling_cascade	module20_24_export	Node participates in at least one evidence-gated exported mechanism edge.
NODE01708	receptor	register_ligand_receptor_layer	edge=M20B-E002441; evidence=M20B-EVID-002441
NODE01708	signaling_cascade	module20_24_export	Node participates in at least one evidence-gated exported mechanism edge.
NODE01708	target_gene	register_target_gene_layer	edge=M22B-E005866; evidence=M22B-EVID-006039 || edge=M22B-E007081; evidence=M22B-EVID-007254 || edge=M22B-E008037; evidence=M22B-EVID-008210
NODE01709	receptor	register_ligand_receptor_layer	edge=M23B-E000595; evidence=M23B-EVID-000816
NODE01709	signaling_cascade	module20_24_export	Node participates in at least one evidence-gated exported mechanism edge.
NODE01710	signaling_cascade	module20_24_export	Node participates in at least one evidence-gated exported mechanism edge.
NODE01711	signaling_cascade	module20_24_export	Node participates in at least one evidence-gated exported mechanism edge.
NODE01712	receptor	register_ligand_receptor_layer	edge=M20B-E004269; evidence=M20B-EVID-004269;M20B-EVID-004269-P2-DIRECT;M20B-EVID-004269-P2-FUNC;M20B-EVID-004269-P2-RELAY || edge=M23B-E001076; evidence=M23B-EVID-EXPAND23A-001 || edge=M24B-E000089; evidence=M24B-EVID-000126
NODE01712	signaling_cascade	module20_24_export	Node participates in at least one evidence-gated exported mechanism edge.
NODE01713	signaling_cascade	module20_24_export	Node participates in at least one evidence-gated exported mechanism edge.
NODE01714	signaling_cascade	module20_24_export	Node participates in at least one evidence-gated exported mechanism edge.
NODE01715	signaling_cascade	module20_24_export	Node participates in at least one evidence-gated exported mechanism edge.
NODE01716	signaling_cascade	module20_24_export	Node participates in at least one evidence-gated exported mechanism edge.
NODE01717	ligand	register_ligand_receptor_layer	edge=M23B-E000322; evidence=M23B-EVID-000477
NODE01717	signaling_cascade	module20_24_export	Node participates in at least one evidence-gated exported mechanism edge.
NODE01718	signaling_cascade	module20_24_export	Node participates in at least one evidence-gated exported mechanism edge.
NODE01719	ligand	register_ligand_receptor_layer	edge=M23B-E000926; evidence=M23B-EVID-001271
NODE01719	signaling_cascade	module20_24_export	Node participates in at least one evidence-gated exported mechanism edge.
NODE01719	target_gene	register_target_gene_layer	edge=M22B-E007082; evidence=M22B-EVID-007255
NODE01720	signaling_cascade	module20_24_export	Node participates in at least one evidence-gated exported mechanism edge.
NODE01721	receptor	register_ligand_receptor_layer	edge=M23B-E000926; evidence=M23B-EVID-001271
NODE01721	signaling_cascade	module20_24_export	Node participates in at least one evidence-gated exported mechanism edge.
NODE01722	signaling_cascade	module20_24_export	Node participates in at least one evidence-gated exported mechanism edge.
NODE01723	signaling_cascade	module20_24_export	Node participates in at least one evidence-gated exported mechanism edge.
NODE01724	signaling_cascade	module20_24_export	Node participates in at least one evidence-gated exported mechanism edge.
NODE01725	signaling_cascade	module20_24_export	Node participates in at least one evidence-gated exported mechanism edge.
NODE01726	signaling_cascade	module20_24_export	Node participates in at least one evidence-gated exported mechanism edge.
NODE01727	signaling_cascade	module20_24_export	Node participates in at least one evidence-gated exported mechanism edge.
NODE01728	signaling_cascade	module20_24_export	Node participates in at least one evidence-gated exported mechanism edge.
NODE01728	target_gene	register_target_gene_layer	edge=M22B-E006662; evidence=M22B-EVID-006835 || edge=M22B-E008831; evidence=M22B-EVID-009004
NODE01729	signaling_cascade	module20_24_export	Node participates in at least one evidence-gated exported mechanism edge.
NODE01730	signaling_cascade	module20_24_export	Node participates in at least one evidence-gated exported mechanism edge.
NODE01731	signaling_cascade	module20_24_export	Node participates in at least one evidence-gated exported mechanism edge.
NODE01732	signaling_cascade	module20_24_export	Node participates in at least one evidence-gated exported mechanism edge.
NODE01733	signaling_cascade	module20_24_export	Node participates in at least one evidence-gated exported mechanism edge.
NODE01734	signaling_cascade	module20_24_export	Node participates in at least one evidence-gated exported mechanism edge.
NODE01734	target_gene	register_target_gene_layer	edge=M22B-E006663; evidence=M22B-EVID-006836 || edge=M22B-E007083; evidence=M22B-EVID-007256 || edge=M22B-E007716; evidence=M22B-EVID-007889 || edge=M22B-E008832; evidence=M22B-EVID-009005 || edge=M22B-E009159; evidence=M22B-EVID-009332
NODE01735	signaling_cascade	module20_24_export	Node participates in at least one evidence-gated exported mechanism edge.
NODE01736	signaling_cascade	module20_24_export	Node participates in at least one evidence-gated exported mechanism edge.
NODE01737	signaling_cascade	module20_24_export	Node participates in at least one evidence-gated exported mechanism edge.
NODE01738	signaling_cascade	module20_24_export	Node participates in at least one evidence-gated exported mechanism edge.
NODE01738	target_gene	register_target_gene_layer	edge=M22B-E009479; evidence=M22B-EVID-009652
NODE01739	signaling_cascade	module20_24_export	Node participates in at least one evidence-gated exported mechanism edge.
NODE01739	target_gene	register_target_gene_layer	edge=M22B-E006003; evidence=M22B-EVID-006176 || edge=M22B-E008172; evidence=M22B-EVID-008345
NODE01740	signaling_cascade	module20_24_export	Node participates in at least one evidence-gated exported mechanism edge.
NODE01741	signaling_cascade	module20_24_export	Node participates in at least one evidence-gated exported mechanism edge.
NODE01741	target_gene	register_target_gene_layer	edge=M22B-E007376; evidence=M22B-EVID-007549
NODE01742	signaling_cascade	module20_24_export	Node participates in at least one evidence-gated exported mechanism edge.
NODE01743	ligand	register_ligand_receptor_layer	edge=M20B-E002917; evidence=M20B-EVID-002917 || edge=M20B-E002921; evidence=M20B-EVID-002921 || edge=M20B-E002922; evidence=M20B-EVID-002922 || edge=M20B-E002923; evidence=M20B-EVID-002923 || edge=M23B-E000324; evidence=M23B-EVID-000480 || edge=M23B-E000327; evidence=M23B-EVID-000483 || edge=M23B-E000330; evidence=M23B-EVID-000486 || edge=M23B-E000333; evidence=M23B-EVID-000489
NODE01743	signaling_cascade	module20_24_export	Node participates in at least one evidence-gated exported mechanism edge.
NODE01743	target_gene	register_target_gene_layer	edge=M22B-E005764; evidence=M22B-EVID-005937 || edge=M22B-E006146; evidence=M22B-EVID-006319 || edge=M22B-E006238; evidence=M22B-EVID-006411 || edge=M22B-E009406; evidence=M22B-EVID-009579 || edge=M22B-E009784; evidence=M22B-EVID-009957
NODE01744	signaling_cascade	module20_24_export	Node participates in at least one evidence-gated exported mechanism edge.
NODE01745	signaling_cascade	module20_24_export	Node participates in at least one evidence-gated exported mechanism edge.
NODE01746	signaling_cascade	module20_24_export	Node participates in at least one evidence-gated exported mechanism edge.
NODE01747	signaling_cascade	module20_24_export	Node participates in at least one evidence-gated exported mechanism edge.
NODE01748	signaling_cascade	module20_24_export	Node participates in at least one evidence-gated exported mechanism edge.
NODE01749	receptor	register_ligand_receptor_layer	edge=M20B-E002565; evidence=M20B-EVID-002565
NODE01749	signaling_cascade	module20_24_export	Node participates in at least one evidence-gated exported mechanism edge.
NODE01750	signaling_cascade	module20_24_export	Node participates in at least one evidence-gated exported mechanism edge.
NODE01751	receptor	register_ligand_receptor_layer	edge=M23B-E000480; evidence=M23B-EVID-000660
NODE01751	signaling_cascade	module20_24_export	Node participates in at least one evidence-gated exported mechanism edge.
NODE01752	signaling_cascade	module20_24_export	Node participates in at least one evidence-gated exported mechanism edge.
NODE01752	target_gene	register_target_gene_layer	edge=M22B-E005867; evidence=M22B-EVID-006040 || edge=M22B-E006004; evidence=M22B-EVID-006177 || edge=M22B-E006329; evidence=M22B-EVID-006502 || edge=M22B-E007717; evidence=M22B-EVID-007890 || edge=M22B-E008038; evidence=M22B-EVID-008211 || edge=M22B-E008173; evidence=M22B-EVID-008346 || edge=M22B-E008482; evidence=M22B-EVID-008655 || edge=M22B-E009160; evidence=M22B-EVID-009333
NODE01753	signaling_cascade	module20_24_export	Node participates in at least one evidence-gated exported mechanism edge.
NODE01754	signaling_cascade	module20_24_export	Node participates in at least one evidence-gated exported mechanism edge.
NODE01754	target_gene	register_target_gene_layer	edge=M22B-E010170; evidence=M22B-EVID-010343
NODE01755	receptor	register_ligand_receptor_layer	edge=M20B-E002917; evidence=M20B-EVID-002917 || edge=M23B-E000324; evidence=M23B-EVID-000480
NODE01755	signaling_cascade	module20_24_export	Node participates in at least one evidence-gated exported mechanism edge.
NODE01755	target_gene	register_target_gene_layer	edge=M22B-E010167; evidence=M22B-EVID-010340
NODE01756	signaling_cascade	module20_24_export	Node participates in at least one evidence-gated exported mechanism edge.
NODE01757	signaling_cascade	module20_24_export	Node participates in at least one evidence-gated exported mechanism edge.
NODE01758	signaling_cascade	module20_24_export	Node participates in at least one evidence-gated exported mechanism edge.
NODE01759	signaling_cascade	module20_24_export	Node participates in at least one evidence-gated exported mechanism edge.
NODE01759	target_gene	register_target_gene_layer	edge=M22B-E007084; evidence=M22B-EVID-007257 || edge=M22B-E009388; evidence=M22B-EVID-009561 || edge=M22B-E010168; evidence=M22B-EVID-010341 || edge=M22B-E010169; evidence=M22B-EVID-010342
NODE01760	signaling_cascade	module20_24_export	Node participates in at least one evidence-gated exported mechanism edge.
NODE01761	signaling_cascade	module20_24_export	Node participates in at least one evidence-gated exported mechanism edge.
NODE01762	receptor	register_ligand_receptor_layer	edge=M20B-E002566; evidence=M20B-EVID-002566
NODE01762	signaling_cascade	module20_24_export	Node participates in at least one evidence-gated exported mechanism edge.
NODE01762	target_gene	register_target_gene_layer	edge=M22B-E006005; evidence=M22B-EVID-006178 || edge=M22B-E008174; evidence=M22B-EVID-008347 || edge=M22B-E009459; evidence=M22B-EVID-009632 || edge=M22B-E009822; evidence=M22B-EVID-009995 || edge=M22B-E010171; evidence=M22B-EVID-010344
NODE01763	receptor	register_ligand_receptor_layer	edge=M23B-E000517; evidence=M23B-EVID-000705
NODE01763	signaling_cascade	module20_24_export	Node participates in at least one evidence-gated exported mechanism edge.
NODE01764	signaling_cascade	module20_24_export	Node participates in at least one evidence-gated exported mechanism edge.
NODE01765	signaling_cascade	module20_24_export	Node participates in at least one evidence-gated exported mechanism edge.
NODE01765	target_gene	register_target_gene_layer	edge=M22B-E010324; evidence=M22B-EVID-010496
NODE01766	signaling_cascade	module20_24_export	Node participates in at least one evidence-gated exported mechanism edge.
NODE01766	target_gene	register_target_gene_layer	edge=M22B-E007085; evidence=M22B-EVID-007258 || edge=M22B-E007718; evidence=M22B-EVID-007891 || edge=M22B-E009161; evidence=M22B-EVID-009334 || edge=M22B-E009422; evidence=M22B-EVID-009595
NODE01767	signaling_cascade	module20_24_export	Node participates in at least one evidence-gated exported mechanism edge.
NODE01768	signaling_cascade	module20_24_export	Node participates in at least one evidence-gated exported mechanism edge.
NODE01768	target_gene	register_target_gene_layer	edge=M22B-E006006; evidence=M22B-EVID-006179
NODE01769	signaling_cascade	module20_24_export	Node participates in at least one evidence-gated exported mechanism edge.
NODE01770	signaling_cascade	module20_24_export	Node participates in at least one evidence-gated exported mechanism edge.
NODE01770	target_gene	register_target_gene_layer	edge=M22B-E007377; evidence=M22B-EVID-007550
NODE01771	signaling_cascade	module20_24_export	Node participates in at least one evidence-gated exported mechanism edge.
NODE01771	target_gene	register_target_gene_layer	edge=M22B-E006451; evidence=M22B-EVID-006624 || edge=M22B-E008601; evidence=M22B-EVID-008774 || edge=M22B-E009609; evidence=M22B-EVID-009782
NODE01772	signaling_cascade	module20_24_export	Node participates in at least one evidence-gated exported mechanism edge.
NODE01772	target_gene	register_target_gene_layer	edge=M22B-E006007; evidence=M22B-EVID-006180 || edge=M22B-E006147; evidence=M22B-EVID-006320 || edge=M22B-E006664; evidence=M22B-EVID-006837 || edge=M22B-E008175; evidence=M22B-EVID-008348 || edge=M22B-E008297; evidence=M22B-EVID-008470 || edge=M22B-E008833; evidence=M22B-EVID-009006 || edge=M22B-E009423; evidence=M22B-EVID-009596 || edge=M22B-E009532; evidence=M22B-EVID-009705
NODE01773	signaling_cascade	module20_24_export	Node participates in at least one evidence-gated exported mechanism edge.
NODE01774	signaling_cascade	module20_24_export	Node participates in at least one evidence-gated exported mechanism edge.
NODE01774	target_gene	register_target_gene_layer	edge=M22B-E005868; evidence=M22B-EVID-006041 || edge=M22B-E008039; evidence=M22B-EVID-008212
NODE01775	signaling_cascade	module20_24_export	Node participates in at least one evidence-gated exported mechanism edge.
NODE01776	signaling_cascade	module20_24_export	Node participates in at least one evidence-gated exported mechanism edge.
NODE01776	target_gene	register_target_gene_layer	edge=M22B-E005869; evidence=M22B-EVID-006042 || edge=M22B-E008040; evidence=M22B-EVID-008213
NODE01777	signaling_cascade	module20_24_export	Node participates in at least one evidence-gated exported mechanism edge.
NODE01777	target_gene	register_target_gene_layer	edge=M22B-E005770; evidence=M22B-EVID-005943 || edge=M22B-E006008; evidence=M22B-EVID-006181 || edge=M22B-E006239; evidence=M22B-EVID-006412 || edge=M22B-E006665; evidence=M22B-EVID-006838 || edge=M22B-E006991; evidence=M22B-EVID-007164 || edge=M22B-E007086; evidence=M22B-EVID-007259 || edge=M22B-E008176; evidence=M22B-EVID-008349 || edge=M22B-E008392; evidence=M22B-EVID-008565 || edge=M22B-E008834; evidence=M22B-EVID-009007
NODE01778	signaling_cascade	module20_24_export	Node participates in at least one evidence-gated exported mechanism edge.
NODE01778	target_gene	register_target_gene_layer	edge=M22B-E005760; evidence=M22B-EVID-005933 || edge=M22B-E005761; evidence=M22B-EVID-005934 || edge=M22B-E005766; evidence=M22B-EVID-005939 || edge=M22B-E005775; evidence=M22B-EVID-005948 || edge=M22B-E005800; evidence=M22B-EVID-005973 || edge=M22B-E006009; evidence=M22B-EVID-006182 || edge=M22B-E006148; evidence=M22B-EVID-006321 || edge=M22B-E006330; evidence=M22B-EVID-006503 || edge=M22B-E006493; evidence=M22B-EVID-006666 || edge=M22B-E007378; evidence=M22B-EVID-007551 || edge=M22B-E007943; evidence=M22B-EVID-008116 || edge=M22B-E007968; evidence=M22B-EVID-008141 || edge=M22B-E008177; evidence=M22B-EVID-008350 || edge=M22B-E008298; evidence=M22B-EVID-008471 || edge=M22B-E008483; evidence=M22B-EVID-008656 || edge=M22B-E008650; evidence=M22B-EVID-008823 || edge=M22B-E008835; evidence=M22B-EVID-009008 || edge=M22B-E009162; evidence=M22B-EVID-009335 || edge=M22B-E009424; evidence=M22B-EVID-009597 || edge=M22B-E009823; evidence=M22B-EVID-009996 || edge=M22B-E009964; evidence=M22B-EVID-010137 || edge=M22B-E009994; evidence=M22B-EVID-010167
NODE01779	signaling_cascade	module20_24_export	Node participates in at least one evidence-gated exported mechanism edge.
NODE01780	signaling_cascade	module20_24_export	Node participates in at least one evidence-gated exported mechanism edge.
NODE01780	target_gene	register_target_gene_layer	edge=M22B-E006010; evidence=M22B-EVID-006183 || edge=M22B-E006331; evidence=M22B-EVID-006504 || edge=M22B-E007087; evidence=M22B-EVID-007260 || edge=M22B-E007719; evidence=M22B-EVID-007892 || edge=M22B-E008178; evidence=M22B-EVID-008351 || edge=M22B-E008484; evidence=M22B-EVID-008657 || edge=M22B-E009163; evidence=M22B-EVID-009336 || edge=M22B-E009460; evidence=M22B-EVID-009633
NODE01781	signaling_cascade	module20_24_export	Node participates in at least one evidence-gated exported mechanism edge.
NODE01782	signaling_cascade	module20_24_export	Node participates in at least one evidence-gated exported mechanism edge.
NODE01783	signaling_cascade	module20_24_export	Node participates in at least one evidence-gated exported mechanism edge.
NODE01783	target_gene	register_target_gene_layer	edge=M22B-E009461; evidence=M22B-EVID-009634 || edge=M22B-E009647; evidence=M22B-EVID-009820 || edge=M22B-E009824; evidence=M22B-EVID-009997
NODE01784	signaling_cascade	module20_24_export	Node participates in at least one evidence-gated exported mechanism edge.
NODE01785	signaling_cascade	module20_24_export	Node participates in at least one evidence-gated exported mechanism edge.
NODE01785	target_gene	register_target_gene_layer	edge=M22B-E006011; evidence=M22B-EVID-006184 || edge=M22B-E007088; evidence=M22B-EVID-007261 || edge=M22B-E009736; evidence=M22B-EVID-009909 || edge=M22B-E009803; evidence=M22B-EVID-009976
NODE01786	signaling_cascade	module20_24_export	Node participates in at least one evidence-gated exported mechanism edge.
NODE01786	target_gene	register_target_gene_layer	edge=M22B-E006666; evidence=M22B-EVID-006839 || edge=M22B-E007089; evidence=M22B-EVID-007262 || edge=M22B-E008179; evidence=M22B-EVID-008352 || edge=M22B-E009774; evidence=M22B-EVID-009947
NODE01787	signaling_cascade	module20_24_export	Node participates in at least one evidence-gated exported mechanism edge.
NODE01787	target_gene	register_target_gene_layer	edge=M22B-E007090; evidence=M22B-EVID-007263 || edge=M22B-E009706; evidence=M22B-EVID-009879
NODE01788	signaling_cascade	module20_24_export	Node participates in at least one evidence-gated exported mechanism edge.
NODE01788	target_gene	register_target_gene_layer	edge=M22B-E007091; evidence=M22B-EVID-007264
NODE01789	receptor	register_ligand_receptor_layer	edge=M20B-E003234; evidence=M20B-EVID-003234 || edge=M20B-E003897; evidence=M20B-EVID-003897;M20B-EVID-003897-P2-DIRECT || edge=M20B-E004911; evidence=M20B-EVID-004911;M20B-EVID-004911-P2-DIRECT;M20B-EVID-004911-P2-FUNC;M20B-EVID-004911-P2-RELAY
NODE01789	signaling_cascade	module20_24_export	Node participates in at least one evidence-gated exported mechanism edge.
NODE01789	target_gene	register_target_gene_layer	edge=M22B-E010414; evidence=M22B-EVID-010586
NODE01790	signaling_cascade	module20_24_export	Node participates in at least one evidence-gated exported mechanism edge.
NODE01791	signaling_cascade	module20_24_export	Node participates in at least one evidence-gated exported mechanism edge.
NODE01791	target_gene	register_target_gene_layer	edge=M22B-E009935; evidence=M22B-EVID-010108
NODE01791	transcription_factor	register_target_gene_layer	edge=M22B-E010146; evidence=M22B-EVID-010319
NODE01792	signaling_cascade	module20_24_export	Node participates in at least one evidence-gated exported mechanism edge.
NODE01792	target_gene	register_target_gene_layer	edge=M22B-E006240; evidence=M22B-EVID-006413 || edge=M22B-E008393; evidence=M22B-EVID-008566
NODE01792	transcription_factor	register_target_gene_layer	edge=M22B-E010147; evidence=M22B-EVID-010320 || edge=M22B-E010180; evidence=M22B-EVID-010353 || edge=M22B-E010527; evidence=M22B-EVID-010639
NODE01793	ligand	register_ligand_receptor_layer	edge=M20B-E002928; evidence=M20B-EVID-002928 || edge=M23B-E000118; evidence=M23B-EVID-000186
NODE01793	signaling_cascade	module20_24_export	Node participates in at least one evidence-gated exported mechanism edge.
NODE01793	target_gene	register_target_gene_layer	edge=M22B-E006452; evidence=M22B-EVID-006625 || edge=M22B-E010172; evidence=M22B-EVID-010345 || edge=M22B-E010173; evidence=M22B-EVID-010346 || edge=M22B-E010174; evidence=M22B-EVID-010347 || edge=M22B-E010175; evidence=M22B-EVID-010348
NODE01794	receptor	register_ligand_receptor_layer	edge=M23B-E000118; evidence=M23B-EVID-000186
NODE01794	signaling_cascade	module20_24_export	Node participates in at least one evidence-gated exported mechanism edge.
NODE01795	signaling_cascade	module20_24_export	Node participates in at least one evidence-gated exported mechanism edge.
NODE01796	signaling_cascade	module20_24_export	Node participates in at least one evidence-gated exported mechanism edge.
NODE01797	ligand	register_ligand_receptor_layer	edge=M20B-E002929; evidence=M20B-EVID-002929 || edge=M20B-E002930; evidence=M20B-EVID-002930
NODE01797	signaling_cascade	module20_24_export	Node participates in at least one evidence-gated exported mechanism edge.
NODE01798	signaling_cascade	module20_24_export	Node participates in at least one evidence-gated exported mechanism edge.
NODE01798	target_gene	register_target_gene_layer	edge=M22B-E008602; evidence=M22B-EVID-008775
NODE01799	signaling_cascade	module20_24_export	Node participates in at least one evidence-gated exported mechanism edge.
NODE01800	signaling_cascade	module20_24_export	Node participates in at least one evidence-gated exported mechanism edge.
NODE01800	target_gene	register_target_gene_layer	edge=M22B-E006332; evidence=M22B-EVID-006505 || edge=M22B-E006667; evidence=M22B-EVID-006840
NODE01801	signaling_cascade	module20_24_export	Node participates in at least one evidence-gated exported mechanism edge.
NODE01802	signaling_cascade	module20_24_export	Node participates in at least one evidence-gated exported mechanism edge.
NODE01803	signaling_cascade	module20_24_export	Node participates in at least one evidence-gated exported mechanism edge.
NODE01804	signaling_cascade	module20_24_export	Node participates in at least one evidence-gated exported mechanism edge.
NODE01805	signaling_cascade	module20_24_export	Node participates in at least one evidence-gated exported mechanism edge.
NODE01806	signaling_cascade	module20_24_export	Node participates in at least one evidence-gated exported mechanism edge.
NODE01807	signaling_cascade	module20_24_export	Node participates in at least one evidence-gated exported mechanism edge.
NODE01808	signaling_cascade	module20_24_export	Node participates in at least one evidence-gated exported mechanism edge.
NODE01808	target_gene	register_target_gene_layer	edge=M22B-E006668; evidence=M22B-EVID-006841 || edge=M22B-E008836; evidence=M22B-EVID-009009 || edge=M22B-E009621; evidence=M22B-EVID-009794 || edge=M22B-E009631; evidence=M22B-EVID-009804 || edge=M22B-E009825; evidence=M22B-EVID-009998
NODE01808	transcription_factor	register_target_gene_layer	edge=M22B-E010225; evidence=M22B-EVID-010398 || edge=M22B-E010280; evidence=M22B-EVID-010453 || edge=M22B-E010288; evidence=M22B-EVID-010461 || edge=M22B-E010355; evidence=M22B-EVID-010527
NODE01809	signaling_cascade	module20_24_export	Node participates in at least one evidence-gated exported mechanism edge.
NODE01809	target_gene	register_target_gene_layer	edge=M22B-E000045; evidence=M22B-EVID-000331;M22B-EVID-000351 || edge=M22B-E009775; evidence=M22B-EVID-009948 || edge=M22B-E010003; evidence=M22B-EVID-010176
NODE01809	transcription_factor	register_target_gene_layer	edge=M22B-E005794; evidence=M22B-EVID-005967 || edge=M22B-E005795; evidence=M22B-EVID-005968 || edge=M22B-E005796; evidence=M22B-EVID-005969 || edge=M22B-E005797; evidence=M22B-EVID-005970 || edge=M22B-E005798; evidence=M22B-EVID-005971 || edge=M22B-E005799; evidence=M22B-EVID-005972 || edge=M22B-E005800; evidence=M22B-EVID-005973 || edge=M22B-E005801; evidence=M22B-EVID-005974 || edge=M22B-E005802; evidence=M22B-EVID-005975 || edge=M22B-E005803; evidence=M22B-EVID-005976 || edge=M22B-E005804; evidence=M22B-EVID-005977 || edge=M22B-E005805; evidence=M22B-EVID-005978 || edge=M22B-E005806; evidence=M22B-EVID-005979 || edge=M22B-E005807; evidence=M22B-EVID-005980 || edge=M22B-E005808; evidence=M22B-EVID-005981 || edge=M22B-E005809; evidence=M22B-EVID-005982 || edge=M22B-E005810; evidence=M22B-EVID-005983 || edge=M22B-E005811; evidence=M22B-EVID-005984 || edge=M22B-E005812; evidence=M22B-EVID-005985 || edge=M22B-E005813; evidence=M22B-EVID-005986 || edge=M22B-E005814; evidence=M22B-EVID-005987 || edge=M22B-E005815; evidence=M22B-EVID-005988 || edge=M22B-E005816; evidence=M22B-EVID-005989 || edge=M22B-E005817; evidence=M22B-EVID-005990 || edge=M22B-E005818; evidence=M22B-EVID-005991 || edge=M22B-E005819; evidence=M22B-EVID-005992 || edge=M22B-E005820; evidence=M22B-EVID-005993 || edge=M22B-E005821; evidence=M22B-EVID-005994 || edge=M22B-E005822; evidence=M22B-EVID-005995 || edge=M22B-E005823; evidence=M22B-EVID-005996 || edge=M22B-E005824; evidence=M22B-EVID-005997 || edge=M22B-E005825; evidence=M22B-EVID-005998 || edge=M22B-E005826; evidence=M22B-EVID-005999 || edge=M22B-E005827; evidence=M22B-EVID-006000 || edge=M22B-E005828; evidence=M22B-EVID-006001 || edge=M22B-E005829; evidence=M22B-EVID-006002 || edge=M22B-E005830; evidence=M22B-EVID-006003 || edge=M22B-E005831; evidence=M22B-EVID-006004 || edge=M22B-E005832; evidence=M22B-EVID-006005 || edge=M22B-E005833; evidence=M22B-EVID-006006 || edge=M22B-E005834; evidence=M22B-EVID-006007 || edge=M22B-E005835; evidence=M22B-EVID-006008 || edge=M22B-E005836; evidence=M22B-EVID-006009 || edge=M22B-E005837; evidence=M22B-EVID-006010 || edge=M22B-E005838; evidence=M22B-EVID-006011 || edge=M22B-E007961; evidence=M22B-EVID-008134 || edge=M22B-E007962; evidence=M22B-EVID-008135 || edge=M22B-E007963; evidence=M22B-EVID-008136 || edge=M22B-E007964; evidence=M22B-EVID-008137 || edge=M22B-E007965; evidence=M22B-EVID-008138 || edge=M22B-E007966; evidence=M22B-EVID-008139 || edge=M22B-E007967; evidence=M22B-EVID-008140 || edge=M22B-E007968; evidence=M22B-EVID-008141 || edge=M22B-E007969; evidence=M22B-EVID-008142 || edge=M22B-E007970; evidence=M22B-EVID-008143 || edge=M22B-E007971; evidence=M22B-EVID-008144 || edge=M22B-E007972; evidence=M22B-EVID-008145 || edge=M22B-E007973; evidence=M22B-EVID-008146 || edge=M22B-E007974; evidence=M22B-EVID-008147 || edge=M22B-E007975; evidence=M22B-EVID-008148 || edge=M22B-E007976; evidence=M22B-EVID-008149 || edge=M22B-E007977; evidence=M22B-EVID-008150 || edge=M22B-E007978; evidence=M22B-EVID-008151 || edge=M22B-E007979; evidence=M22B-EVID-008152 || edge=M22B-E007980; evidence=M22B-EVID-008153 || edge=M22B-E007981; evidence=M22B-EVID-008154 || edge=M22B-E007982; evidence=M22B-EVID-008155 || edge=M22B-E007983; evidence=M22B-EVID-008156 || edge=M22B-E007984; evidence=M22B-EVID-008157 || edge=M22B-E007985; evidence=M22B-EVID-008158 || edge=M22B-E007986; evidence=M22B-EVID-008159 || edge=M22B-E007987; evidence=M22B-EVID-008160 || edge=M22B-E007988; evidence=M22B-EVID-008161 || edge=M22B-E007989; evidence=M22B-EVID-008162 || edge=M22B-E007990; evidence=M22B-EVID-008163 || edge=M22B-E007991; evidence=M22B-EVID-008164 || edge=M22B-E007992; evidence=M22B-EVID-008165 || edge=M22B-E007993; evidence=M22B-EVID-008166 || edge=M22B-E007994; evidence=M22B-EVID-008167 || edge=M22B-E007995; evidence=M22B-EVID-008168 || edge=M22B-E007996; evidence=M22B-EVID-008169 || edge=M22B-E007997; evidence=M22B-EVID-008170 || edge=M22B-E007998; evidence=M22B-EVID-008171 || edge=M22B-E007999; evidence=M22B-EVID-008172 || edge=M22B-E008000; evidence=M22B-EVID-008173 || edge=M22B-E008001; evidence=M22B-EVID-008174 || edge=M22B-E009365; evidence=M22B-EVID-009538 || edge=M22B-E009366; evidence=M22B-EVID-009539 || edge=M22B-E009367; evidence=M22B-EVID-009540 || edge=M22B-E009368; evidence=M22B-EVID-009541 || edge=M22B-E009369; evidence=M22B-EVID-009542 || edge=M22B-E009370; evidence=M22B-EVID-009543 || edge=M22B-E009371; evidence=M22B-EVID-009544 || edge=M22B-E009630; evidence=M22B-EVID-009803 || edge=M22B-E009631; evidence=M22B-EVID-009804 || edge=M22B-E009632; evidence=M22B-EVID-009805 || edge=M22B-E009633; evidence=M22B-EVID-009806 || edge=M22B-E009634; evidence=M22B-EVID-009807 || edge=M22B-E009635; evidence=M22B-EVID-009808 || edge=M22B-E009636; evidence=M22B-EVID-009809 || edge=M22B-E009637; evidence=M22B-EVID-009810 || edge=M22B-E009638; evidence=M22B-EVID-009811 || edge=M22B-E009639; evidence=M22B-EVID-009812 || edge=M22B-E009640; evidence=M22B-EVID-009813 || edge=M22B-E009641; evidence=M22B-EVID-009814 || edge=M22B-E009642; evidence=M22B-EVID-009815 || edge=M22B-E009643; evidence=M22B-EVID-009816 || edge=M22B-E009644; evidence=M22B-EVID-009817 || edge=M22B-E010150; evidence=M22B-EVID-010323 || edge=M22B-E010151; evidence=M22B-EVID-010324 || edge=M22B-E010161; evidence=M22B-EVID-010334 || edge=M22B-E010168; evidence=M22B-EVID-010341 || edge=M22B-E010289; evidence=M22B-EVID-010462
NODE01810	signaling_cascade	module20_24_export	Node participates in at least one evidence-gated exported mechanism edge.
NODE01811	signaling_cascade	module20_24_export	Node participates in at least one evidence-gated exported mechanism edge.
NODE01812	signaling_cascade	module20_24_export	Node participates in at least one evidence-gated exported mechanism edge.
NODE01812	target_gene	register_target_gene_layer	edge=M22B-E009785; evidence=M22B-EVID-009958 || edge=M22B-E009900; evidence=M22B-EVID-010073
NODE01813	signaling_cascade	module20_24_export	Node participates in at least one evidence-gated exported mechanism edge.
NODE01813	target_gene	register_target_gene_layer	edge=M22B-E007379; evidence=M22B-EVID-007552
NODE01814	signaling_cascade	module20_24_export	Node participates in at least one evidence-gated exported mechanism edge.
NODE01815	signaling_cascade	module20_24_export	Node participates in at least one evidence-gated exported mechanism edge.
NODE01816	signaling_cascade	module20_24_export	Node participates in at least one evidence-gated exported mechanism edge.
NODE01817	ligand	register_ligand_receptor_layer	edge=M23B-E001026; evidence=M23B-EVID-001379
NODE01817	signaling_cascade	module20_24_export	Node participates in at least one evidence-gated exported mechanism edge.
NODE01818	signaling_cascade	module20_24_export	Node participates in at least one evidence-gated exported mechanism edge.
NODE01819	signaling_cascade	module20_24_export	Node participates in at least one evidence-gated exported mechanism edge.
NODE01820	signaling_cascade	module20_24_export	Node participates in at least one evidence-gated exported mechanism edge.
NODE01821	signaling_cascade	module20_24_export	Node participates in at least one evidence-gated exported mechanism edge.
NODE01821	target_gene	register_target_gene_layer	edge=M22B-E009826; evidence=M22B-EVID-009999
NODE01822	signaling_cascade	module20_24_export	Node participates in at least one evidence-gated exported mechanism edge.
NODE01822	target_gene	register_target_gene_layer	edge=M22B-E009533; evidence=M22B-EVID-009706
NODE01823	signaling_cascade	module20_24_export	Node participates in at least one evidence-gated exported mechanism edge.
NODE01823	target_gene	register_target_gene_layer	edge=M22B-E007092; evidence=M22B-EVID-007265
NODE01824	signaling_cascade	module20_24_export	Node participates in at least one evidence-gated exported mechanism edge.
NODE01825	signaling_cascade	module20_24_export	Node participates in at least one evidence-gated exported mechanism edge.
NODE01826	signaling_cascade	module20_24_export	Node participates in at least one evidence-gated exported mechanism edge.
NODE01827	signaling_cascade	module20_24_export	Node participates in at least one evidence-gated exported mechanism edge.
NODE01827	target_gene	register_target_gene_layer	edge=M22B-E007093; evidence=M22B-EVID-007266
NODE01828	signaling_cascade	module20_24_export	Node participates in at least one evidence-gated exported mechanism edge.
NODE01828	target_gene	register_target_gene_layer	edge=M22B-E007094; evidence=M22B-EVID-007267
NODE01829	signaling_cascade	module20_24_export	Node participates in at least one evidence-gated exported mechanism edge.
NODE01829	target_gene	register_target_gene_layer	edge=M22B-E009827; evidence=M22B-EVID-010000
NODE01830	signaling_cascade	module20_24_export	Node participates in at least one evidence-gated exported mechanism edge.
NODE01830	target_gene	register_target_gene_layer	edge=M22B-E007095; evidence=M22B-EVID-007268
NODE01831	signaling_cascade	module20_24_export	Node participates in at least one evidence-gated exported mechanism edge.
NODE01832	signaling_cascade	module20_24_export	Node participates in at least one evidence-gated exported mechanism edge.
NODE01832	target_gene	register_target_gene_layer	edge=M22B-E007380; evidence=M22B-EVID-007553 || edge=M22B-E009722; evidence=M22B-EVID-009895
NODE01833	ligand	register_ligand_receptor_layer	edge=M23B-E000338; evidence=M23B-EVID-000495
NODE01833	signaling_cascade	module20_24_export	Node participates in at least one evidence-gated exported mechanism edge.
NODE01834	signaling_cascade	module20_24_export	Node participates in at least one evidence-gated exported mechanism edge.
NODE01835	signaling_cascade	module20_24_export	Node participates in at least one evidence-gated exported mechanism edge.
NODE01836	signaling_cascade	module20_24_export	Node participates in at least one evidence-gated exported mechanism edge.
NODE01837	signaling_cascade	module20_24_export	Node participates in at least one evidence-gated exported mechanism edge.
NODE01837	target_gene	register_target_gene_layer	edge=M22B-E006669; evidence=M22B-EVID-006842 || edge=M22B-E007381; evidence=M22B-EVID-007554 || edge=M22B-E008837; evidence=M22B-EVID-009010
NODE01838	signaling_cascade	module20_24_export	Node participates in at least one evidence-gated exported mechanism edge.
NODE01838	target_gene	register_target_gene_layer	edge=M22B-E000108; evidence=M22B-EVID-000332;M22B-EVID-000352
NODE01839	signaling_cascade	module20_24_export	Node participates in at least one evidence-gated exported mechanism edge.
NODE01839	target_gene	register_target_gene_layer	edge=M22B-E000178; evidence=M22B-EVID-001190
NODE01840	signaling_cascade	module20_24_export	Node participates in at least one evidence-gated exported mechanism edge.
NODE01841	signaling_cascade	module20_24_export	Node participates in at least one evidence-gated exported mechanism edge.
NODE01842	signaling_cascade	module20_24_export	Node participates in at least one evidence-gated exported mechanism edge.
NODE01843	signaling_cascade	module20_24_export	Node participates in at least one evidence-gated exported mechanism edge.
NODE01843	target_gene	register_target_gene_layer	edge=M22B-E000039; evidence=M22B-EVID-000274
NODE01844	signaling_cascade	module20_24_export	Node participates in at least one evidence-gated exported mechanism edge.
NODE01845	signaling_cascade	module20_24_export	Node participates in at least one evidence-gated exported mechanism edge.
NODE01846	signaling_cascade	module20_24_export	Node participates in at least one evidence-gated exported mechanism edge.
NODE01847	signaling_cascade	module20_24_export	Node participates in at least one evidence-gated exported mechanism edge.
NODE01848	signaling_cascade	module20_24_export	Node participates in at least one evidence-gated exported mechanism edge.
NODE01849	signaling_cascade	module20_24_export	Node participates in at least one evidence-gated exported mechanism edge.
NODE01850	ligand	register_ligand_receptor_layer	edge=M20B-E001924; evidence=M20B-EVID-001924 || edge=M23B-E000023; evidence=M23B-EVID-000024
NODE01850	signaling_cascade	module20_24_export	Node participates in at least one evidence-gated exported mechanism edge.
NODE01851	signaling_cascade	module20_24_export	Node participates in at least one evidence-gated exported mechanism edge.
NODE01852	signaling_cascade	module20_24_export	Node participates in at least one evidence-gated exported mechanism edge.
NODE01853	signaling_cascade	module20_24_export	Node participates in at least one evidence-gated exported mechanism edge.
NODE01854	signaling_cascade	module20_24_export	Node participates in at least one evidence-gated exported mechanism edge.
NODE01854	target_gene	register_target_gene_layer	edge=M22B-E007720; evidence=M22B-EVID-007893 || edge=M22B-E009164; evidence=M22B-EVID-009337 || edge=M22B-E009480; evidence=M22B-EVID-009653
NODE01855	signaling_cascade	module20_24_export	Node participates in at least one evidence-gated exported mechanism edge.
NODE01856	signaling_cascade	module20_24_export	Node participates in at least one evidence-gated exported mechanism edge.
NODE01857	signaling_cascade	module20_24_export	Node participates in at least one evidence-gated exported mechanism edge.
NODE01858	signaling_cascade	module20_24_export	Node participates in at least one evidence-gated exported mechanism edge.
NODE01859	signaling_cascade	module20_24_export	Node participates in at least one evidence-gated exported mechanism edge.
NODE01859	target_gene	register_target_gene_layer	edge=M22B-E007721; evidence=M22B-EVID-007894 || edge=M22B-E009481; evidence=M22B-EVID-009654
NODE01860	signaling_cascade	module20_24_export	Node participates in at least one evidence-gated exported mechanism edge.
NODE01861	signaling_cascade	module20_24_export	Node participates in at least one evidence-gated exported mechanism edge.
NODE01862	signaling_cascade	module20_24_export	Node participates in at least one evidence-gated exported mechanism edge.
NODE01863	signaling_cascade	module20_24_export	Node participates in at least one evidence-gated exported mechanism edge.
NODE01863	target_gene	register_target_gene_layer	edge=M22B-E005870; evidence=M22B-EVID-006043 || edge=M22B-E006494; evidence=M22B-EVID-006667 || edge=M22B-E008041; evidence=M22B-EVID-008214 || edge=M22B-E008651; evidence=M22B-EVID-008824
NODE01864	signaling_cascade	module20_24_export	Node participates in at least one evidence-gated exported mechanism edge.
NODE01864	target_gene	register_target_gene_layer	edge=M22B-E000460; evidence=M22B-EVID-000009;M22B-EVID-000053
NODE01865	signaling_cascade	module20_24_export	Node participates in at least one evidence-gated exported mechanism edge.
NODE01866	signaling_cascade	module20_24_export	Node participates in at least one evidence-gated exported mechanism edge.
NODE01867	receptor	register_ligand_receptor_layer	edge=M20B-E002539; evidence=M20B-EVID-002539
NODE01867	signaling_cascade	module20_24_export	Node participates in at least one evidence-gated exported mechanism edge.
NODE01868	signaling_cascade	module20_24_export	Node participates in at least one evidence-gated exported mechanism edge.
NODE01869	signaling_cascade	module20_24_export	Node participates in at least one evidence-gated exported mechanism edge.
NODE01869	target_gene	register_target_gene_layer	edge=M22B-E007722; evidence=M22B-EVID-007895 || edge=M22B-E009165; evidence=M22B-EVID-009338
NODE01870	signaling_cascade	module20_24_export	Node participates in at least one evidence-gated exported mechanism edge.
NODE01871	ligand	register_ligand_receptor_layer	edge=M20B-E002295; evidence=M20B-EVID-002295
NODE01871	signaling_cascade	module20_24_export	Node participates in at least one evidence-gated exported mechanism edge.
NODE01872	signaling_cascade	module20_24_export	Node participates in at least one evidence-gated exported mechanism edge.
NODE01873	signaling_cascade	module20_24_export	Node participates in at least one evidence-gated exported mechanism edge.
NODE01874	signaling_cascade	module20_24_export	Node participates in at least one evidence-gated exported mechanism edge.
NODE01875	signaling_cascade	module20_24_export	Node participates in at least one evidence-gated exported mechanism edge.
NODE01876	signaling_cascade	module20_24_export	Node participates in at least one evidence-gated exported mechanism edge.
NODE01877	signaling_cascade	module20_24_export	Node participates in at least one evidence-gated exported mechanism edge.
NODE01878	signaling_cascade	module20_24_export	Node participates in at least one evidence-gated exported mechanism edge.
NODE01879	signaling_cascade	module20_24_export	Node participates in at least one evidence-gated exported mechanism edge.
NODE01880	signaling_cascade	module20_24_export	Node participates in at least one evidence-gated exported mechanism edge.
NODE01881	signaling_cascade	module20_24_export	Node participates in at least one evidence-gated exported mechanism edge.
NODE01881	target_gene	register_target_gene_layer	edge=M22B-E010673; evidence=M22B-EVID-010766
NODE01882	signaling_cascade	module20_24_export	Node participates in at least one evidence-gated exported mechanism edge.
NODE01883	signaling_cascade	module20_24_export	Node participates in at least one evidence-gated exported mechanism edge.
NODE01883	target_gene	register_target_gene_layer	edge=M22B-E010686; evidence=M22B-EVID-010779
NODE01884	signaling_cascade	module20_24_export	Node participates in at least one evidence-gated exported mechanism edge.
NODE01885	signaling_cascade	module20_24_export	Node participates in at least one evidence-gated exported mechanism edge.
NODE01886	signaling_cascade	module20_24_export	Node participates in at least one evidence-gated exported mechanism edge.
NODE01887	signaling_cascade	module20_24_export	Node participates in at least one evidence-gated exported mechanism edge.
NODE01887	target_gene	register_target_gene_layer	edge=M22B-E010600; evidence=M22B-EVID-010696
NODE01888	signaling_cascade	module20_24_export	Node participates in at least one evidence-gated exported mechanism edge.
NODE01888	target_gene	register_target_gene_layer	edge=M22B-E010606; evidence=M22B-EVID-010702
NODE01889	signaling_cascade	module20_24_export	Node participates in at least one evidence-gated exported mechanism edge.
NODE01890	signaling_cascade	module20_24_export	Node participates in at least one evidence-gated exported mechanism edge.
NODE01890	target_gene	register_target_gene_layer	edge=M22B-E010601; evidence=M22B-EVID-010697 || edge=M22B-E010602; evidence=M22B-EVID-010698
NODE01891	signaling_cascade	module20_24_export	Node participates in at least one evidence-gated exported mechanism edge.
NODE01892	signaling_cascade	module20_24_export	Node participates in at least one evidence-gated exported mechanism edge.
NODE01893	signaling_cascade	module20_24_export	Node participates in at least one evidence-gated exported mechanism edge.
NODE01893	target_gene	register_target_gene_layer	edge=M22B-E010603; evidence=M22B-EVID-010699
NODE01894	signaling_cascade	module20_24_export	Node participates in at least one evidence-gated exported mechanism edge.
NODE01895	signaling_cascade	module20_24_export	Node participates in at least one evidence-gated exported mechanism edge.
NODE01896	signaling_cascade	module20_24_export	Node participates in at least one evidence-gated exported mechanism edge.
NODE01897	signaling_cascade	module20_24_export	Node participates in at least one evidence-gated exported mechanism edge.
NODE01898	signaling_cascade	module20_24_export	Node participates in at least one evidence-gated exported mechanism edge.
NODE01899	signaling_cascade	module20_24_export	Node participates in at least one evidence-gated exported mechanism edge.
NODE01900	signaling_cascade	module20_24_export	Node participates in at least one evidence-gated exported mechanism edge.
NODE01901	signaling_cascade	module20_24_export	Node participates in at least one evidence-gated exported mechanism edge.
NODE01901	target_gene	register_target_gene_layer	edge=M22B-E010604; evidence=M22B-EVID-010700
NODE01902	signaling_cascade	module20_24_export	Node participates in at least one evidence-gated exported mechanism edge.
NODE01903	signaling_cascade	module20_24_export	Node participates in at least one evidence-gated exported mechanism edge.
NODE01904	signaling_cascade	module20_24_export	Node participates in at least one evidence-gated exported mechanism edge.
NODE01905	signaling_cascade	module20_24_export	Node participates in at least one evidence-gated exported mechanism edge.
NODE01906	signaling_cascade	module20_24_export	Node participates in at least one evidence-gated exported mechanism edge.
NODE01906	target_gene	register_target_gene_layer	edge=M22B-E010605; evidence=M22B-EVID-010701
NODE01907	signaling_cascade	module20_24_export	Node participates in at least one evidence-gated exported mechanism edge.
NODE01907	target_gene	register_target_gene_layer	edge=M22B-E010614; evidence=M22B-EVID-010710
NODE01908	signaling_cascade	module20_24_export	Node participates in at least one evidence-gated exported mechanism edge.
NODE01909	receptor	register_ligand_receptor_layer	edge=M20B-E004944; evidence=M20B-EVID-004944;M20B-EVID-004944-P2-DIRECT;M20B-EVID-004944-P2-FUNC;M20B-EVID-004944-P2-RELAY
NODE01909	signaling_cascade	module20_24_export	Node participates in at least one evidence-gated exported mechanism edge.
NODE01909	target_gene	register_target_gene_layer	edge=M22B-E005871; evidence=M22B-EVID-006044
NODE01910	signaling_cascade	module20_24_export	Node participates in at least one evidence-gated exported mechanism edge.
NODE01911	signaling_cascade	module20_24_export	Node participates in at least one evidence-gated exported mechanism edge.
NODE01911	target_gene	register_target_gene_layer	edge=M22B-E010607; evidence=M22B-EVID-010703
NODE01912	signaling_cascade	module20_24_export	Node participates in at least one evidence-gated exported mechanism edge.
NODE01912	target_gene	register_target_gene_layer	edge=M22B-E006670; evidence=M22B-EVID-006843 || edge=M22B-E008838; evidence=M22B-EVID-009011
NODE01913	signaling_cascade	module20_24_export	Node participates in at least one evidence-gated exported mechanism edge.
NODE01913	target_gene	register_target_gene_layer	edge=M22B-E010608; evidence=M22B-EVID-010704
NODE01914	signaling_cascade	module20_24_export	Node participates in at least one evidence-gated exported mechanism edge.
NODE01914	target_gene	register_target_gene_layer	edge=M22B-E007096; evidence=M22B-EVID-007269 || edge=M22B-E010609; evidence=M22B-EVID-010705
NODE01915	signaling_cascade	module20_24_export	Node participates in at least one evidence-gated exported mechanism edge.
NODE01915	target_gene	register_target_gene_layer	edge=M22B-E010610; evidence=M22B-EVID-010706
NODE01916	signaling_cascade	module20_24_export	Node participates in at least one evidence-gated exported mechanism edge.
NODE01916	target_gene	register_target_gene_layer	edge=M22B-E010611; evidence=M22B-EVID-010707 || edge=M22B-E010612; evidence=M22B-EVID-010708
NODE01917	signaling_cascade	module20_24_export	Node participates in at least one evidence-gated exported mechanism edge.
NODE01917	target_gene	register_target_gene_layer	edge=M22B-E010613; evidence=M22B-EVID-010709
NODE01918	signaling_cascade	module20_24_export	Node participates in at least one evidence-gated exported mechanism edge.
NODE01919	signaling_cascade	module20_24_export	Node participates in at least one evidence-gated exported mechanism edge.
NODE01920	signaling_cascade	module20_24_export	Node participates in at least one evidence-gated exported mechanism edge.
NODE01921	signaling_cascade	module20_24_export	Node participates in at least one evidence-gated exported mechanism edge.
NODE01922	signaling_cascade	module20_24_export	Node participates in at least one evidence-gated exported mechanism edge.
NODE01922	target_gene	register_target_gene_layer	edge=M22B-E009389; evidence=M22B-EVID-009562 || edge=M22B-E009534; evidence=M22B-EVID-009707
NODE01923	signaling_cascade	module20_24_export	Node participates in at least one evidence-gated exported mechanism edge.
NODE01923	target_gene	register_target_gene_layer	edge=M22B-E006012; evidence=M22B-EVID-006185 || edge=M22B-E007723; evidence=M22B-EVID-007896
NODE01924	signaling_cascade	module20_24_export	Node participates in at least one evidence-gated exported mechanism edge.
NODE01925	signaling_cascade	module20_24_export	Node participates in at least one evidence-gated exported mechanism edge.
NODE01926	signaling_cascade	module20_24_export	Node participates in at least one evidence-gated exported mechanism edge.
NODE01927	signaling_cascade	module20_24_export	Node participates in at least one evidence-gated exported mechanism edge.
NODE01928	signaling_cascade	module20_24_export	Node participates in at least one evidence-gated exported mechanism edge.
NODE01928	target_gene	register_target_gene_layer	edge=M22B-E007097; evidence=M22B-EVID-007270 || edge=M22B-E007724; evidence=M22B-EVID-007897
NODE01929	signaling_cascade	module20_24_export	Node participates in at least one evidence-gated exported mechanism edge.
NODE01930	signaling_cascade	module20_24_export	Node participates in at least one evidence-gated exported mechanism edge.
NODE01930	target_gene	register_target_gene_layer	edge=M22B-E005758; evidence=M22B-EVID-005931 || edge=M22B-E007382; evidence=M22B-EVID-007555
NODE01931	signaling_cascade	module20_24_export	Node participates in at least one evidence-gated exported mechanism edge.
NODE01931	target_gene	register_target_gene_layer	edge=M22B-E006013; evidence=M22B-EVID-006186 || edge=M22B-E008180; evidence=M22B-EVID-008353
NODE01932	signaling_cascade	module20_24_export	Node participates in at least one evidence-gated exported mechanism edge.
NODE01933	signaling_cascade	module20_24_export	Node participates in at least one evidence-gated exported mechanism edge.
NODE01934	signaling_cascade	module20_24_export	Node participates in at least one evidence-gated exported mechanism edge.
NODE01934	target_gene	register_target_gene_layer	edge=M22B-E006014; evidence=M22B-EVID-006187 || edge=M22B-E009828; evidence=M22B-EVID-010001
NODE01935	signaling_cascade	module20_24_export	Node participates in at least one evidence-gated exported mechanism edge.
NODE01936	signaling_cascade	module20_24_export	Node participates in at least one evidence-gated exported mechanism edge.
NODE01937	signaling_cascade	module20_24_export	Node participates in at least one evidence-gated exported mechanism edge.
NODE01938	signaling_cascade	module20_24_export	Node participates in at least one evidence-gated exported mechanism edge.
NODE01938	target_gene	register_target_gene_layer	edge=M22B-E000449; evidence=M22B-EVID-000006;M22B-EVID-000055 || edge=M22B-E000456; evidence=M22B-EVID-000028 || edge=M22B-E007383; evidence=M22B-EVID-007556 || edge=M22B-E009920; evidence=M22B-EVID-010093
NODE01939	signaling_cascade	module20_24_export	Node participates in at least one evidence-gated exported mechanism edge.
NODE01939	target_gene	register_target_gene_layer	edge=M22B-E006015; evidence=M22B-EVID-006188 || edge=M22B-E006333; evidence=M22B-EVID-006506 || edge=M22B-E008181; evidence=M22B-EVID-008354 || edge=M22B-E008485; evidence=M22B-EVID-008658
NODE01940	signaling_cascade	module20_24_export	Node participates in at least one evidence-gated exported mechanism edge.
NODE01941	signaling_cascade	module20_24_export	Node participates in at least one evidence-gated exported mechanism edge.
NODE01942	ligand	register_ligand_receptor_layer	edge=M20B-E002955; evidence=M20B-EVID-002955
NODE01942	signaling_cascade	module20_24_export	Node participates in at least one evidence-gated exported mechanism edge.
NODE01943	signaling_cascade	module20_24_export	Node participates in at least one evidence-gated exported mechanism edge.
NODE01943	target_gene	register_target_gene_layer	edge=M22B-E007725; evidence=M22B-EVID-007898 || edge=M22B-E009166; evidence=M22B-EVID-009339 || edge=M22B-E009960; evidence=M22B-EVID-010133 || edge=M22B-E009961; evidence=M22B-EVID-010134
NODE01944	signaling_cascade	module20_24_export	Node participates in at least one evidence-gated exported mechanism edge.
NODE01944	target_gene	register_target_gene_layer	edge=M22B-E006671; evidence=M22B-EVID-006844 || edge=M22B-E008839; evidence=M22B-EVID-009012
NODE01945	signaling_cascade	module20_24_export	Node participates in at least one evidence-gated exported mechanism edge.
NODE01946	signaling_cascade	module20_24_export	Node participates in at least one evidence-gated exported mechanism edge.
NODE01947	signaling_cascade	module20_24_export	Node participates in at least one evidence-gated exported mechanism edge.
NODE01947	target_gene	register_target_gene_layer	edge=M22B-E007384; evidence=M22B-EVID-007557
NODE01948	ligand	register_ligand_receptor_layer	edge=M20B-E002957; evidence=M20B-EVID-002957 || edge=M20B-E002958; evidence=M20B-EVID-002958
NODE01948	signaling_cascade	module20_24_export	Node participates in at least one evidence-gated exported mechanism edge.
NODE01949	ligand	register_ligand_receptor_layer	edge=M20B-E002960; evidence=M20B-EVID-002960;M20B-EVID-005297-P2-RELAY;M20B-EVID-005298-P2-FUNC
NODE01949	signaling_cascade	module20_24_export	Node participates in at least one evidence-gated exported mechanism edge.
NODE01950	signaling_cascade	module20_24_export	Node participates in at least one evidence-gated exported mechanism edge.
NODE01950	target_gene	register_target_gene_layer	edge=M22B-E006672; evidence=M22B-EVID-006845
NODE01951	signaling_cascade	module20_24_export	Node participates in at least one evidence-gated exported mechanism edge.
NODE01951	target_gene	register_target_gene_layer	edge=M22B-E010074; evidence=M22B-EVID-010247
NODE01952	signaling_cascade	module20_24_export	Node participates in at least one evidence-gated exported mechanism edge.
NODE01952	target_gene	register_target_gene_layer	edge=M22B-E010180; evidence=M22B-EVID-010353 || edge=M22B-E010181; evidence=M22B-EVID-010354
NODE01953	signaling_cascade	module20_24_export	Node participates in at least one evidence-gated exported mechanism edge.
NODE01954	signaling_cascade	module20_24_export	Node participates in at least one evidence-gated exported mechanism edge.
NODE01954	target_gene	register_target_gene_layer	edge=M22B-E010182; evidence=M22B-EVID-010355 || edge=M22B-E010183; evidence=M22B-EVID-010356 || edge=M22B-E010184; evidence=M22B-EVID-010357
NODE01955	signaling_cascade	module20_24_export	Node participates in at least one evidence-gated exported mechanism edge.
NODE01955	target_gene	register_target_gene_layer	edge=M22B-E009829; evidence=M22B-EVID-010002
NODE01956	signaling_cascade	module20_24_export	Node participates in at least one evidence-gated exported mechanism edge.
NODE01956	target_gene	register_target_gene_layer	edge=M22B-E010185; evidence=M22B-EVID-010358
NODE01957	signaling_cascade	module20_24_export	Node participates in at least one evidence-gated exported mechanism edge.
NODE01957	target_gene	register_target_gene_layer	edge=M22B-E009535; evidence=M22B-EVID-009708 || edge=M22B-E010186; evidence=M22B-EVID-010359
NODE01958	signaling_cascade	module20_24_export	Node participates in at least one evidence-gated exported mechanism edge.
NODE01959	signaling_cascade	module20_24_export	Node participates in at least one evidence-gated exported mechanism edge.
NODE01959	target_gene	register_target_gene_layer	edge=M22B-E010598; evidence=M22B-EVID-010694
NODE01960	signaling_cascade	module20_24_export	Node participates in at least one evidence-gated exported mechanism edge.
NODE01961	signaling_cascade	module20_24_export	Node participates in at least one evidence-gated exported mechanism edge.
NODE01961	target_gene	register_target_gene_layer	edge=M22B-E010053; evidence=M22B-EVID-010226
NODE01962	signaling_cascade	module20_24_export	Node participates in at least one evidence-gated exported mechanism edge.
NODE01963	ligand	register_ligand_receptor_layer	edge=M20B-E002962; evidence=M20B-EVID-002962
NODE01963	signaling_cascade	module20_24_export	Node participates in at least one evidence-gated exported mechanism edge.
NODE01964	ligand	register_ligand_receptor_layer	edge=M23B-E000931; evidence=M23B-EVID-001276
NODE01964	signaling_cascade	module20_24_export	Node participates in at least one evidence-gated exported mechanism edge.
NODE01965	ligand	register_ligand_receptor_layer	edge=M23B-E000345; evidence=M23B-EVID-000504
NODE01965	signaling_cascade	module20_24_export	Node participates in at least one evidence-gated exported mechanism edge.
NODE01966	signaling_cascade	module20_24_export	Node participates in at least one evidence-gated exported mechanism edge.
NODE01967	signaling_cascade	module20_24_export	Node participates in at least one evidence-gated exported mechanism edge.
NODE01968	signaling_cascade	module20_24_export	Node participates in at least one evidence-gated exported mechanism edge.
NODE01969	receptor	register_ligand_receptor_layer	edge=M20B-E004270; evidence=M20B-EVID-004270;M20B-EVID-004270-P2-DIRECT;M20B-EVID-004270-P2-FUNC;M20B-EVID-004270-P2-RELAY || edge=M23B-E000789; evidence=M23B-EVID-001067
NODE01969	signaling_cascade	module20_24_export	Node participates in at least one evidence-gated exported mechanism edge.
NODE01969	target_gene	register_target_gene_layer	edge=M22B-E010337; evidence=M22B-EVID-010509
NODE01970	signaling_cascade	module20_24_export	Node participates in at least one evidence-gated exported mechanism edge.
NODE01971	ligand	register_ligand_receptor_layer	edge=M20B-E002967; evidence=M20B-EVID-002967
NODE01971	receptor	register_ligand_receptor_layer	edge=M20B-E004472; evidence=M20B-EVID-004472;M20B-EVID-004472-P2-DIRECT;M20B-EVID-004472-P2-FUNC;M20B-EVID-004472-P2-RELAY
NODE01971	signaling_cascade	module20_24_export	Node participates in at least one evidence-gated exported mechanism edge.
NODE01972	receptor	register_ligand_receptor_layer	edge=M23B-E000119; evidence=M23B-EVID-000187 || edge=M23B-E000228; evidence=M23B-EVID-000314;M23B-EVID-PROMO-20260826-017
NODE01972	signaling_cascade	module20_24_export	Node participates in at least one evidence-gated exported mechanism edge.
NODE01973	signaling_cascade	module20_24_export	Node participates in at least one evidence-gated exported mechanism edge.
NODE01974	signaling_cascade	module20_24_export	Node participates in at least one evidence-gated exported mechanism edge.
NODE01975	signaling_cascade	module20_24_export	Node participates in at least one evidence-gated exported mechanism edge.
NODE01976	signaling_cascade	module20_24_export	Node participates in at least one evidence-gated exported mechanism edge.
NODE01977	signaling_cascade	module20_24_export	Node participates in at least one evidence-gated exported mechanism edge.
NODE01978	signaling_cascade	module20_24_export	Node participates in at least one evidence-gated exported mechanism edge.
NODE01979	signaling_cascade	module20_24_export	Node participates in at least one evidence-gated exported mechanism edge.
NODE01980	ligand	register_ligand_receptor_layer	edge=M20B-E002970; evidence=M20B-EVID-002970
NODE01980	signaling_cascade	module20_24_export	Node participates in at least one evidence-gated exported mechanism edge.
NODE01981	signaling_cascade	module20_24_export	Node participates in at least one evidence-gated exported mechanism edge.
NODE01982	signaling_cascade	module20_24_export	Node participates in at least one evidence-gated exported mechanism edge.
NODE01983	signaling_cascade	module20_24_export	Node participates in at least one evidence-gated exported mechanism edge.
NODE01984	signaling_cascade	module20_24_export	Node participates in at least one evidence-gated exported mechanism edge.
NODE01985	signaling_cascade	module20_24_export	Node participates in at least one evidence-gated exported mechanism edge.
NODE01986	signaling_cascade	module20_24_export	Node participates in at least one evidence-gated exported mechanism edge.
NODE01987	signaling_cascade	module20_24_export	Node participates in at least one evidence-gated exported mechanism edge.
NODE01988	signaling_cascade	module20_24_export	Node participates in at least one evidence-gated exported mechanism edge.
NODE01989	signaling_cascade	module20_24_export	Node participates in at least one evidence-gated exported mechanism edge.
NODE01990	signaling_cascade	module20_24_export	Node participates in at least one evidence-gated exported mechanism edge.
NODE01991	signaling_cascade	module20_24_export	Node participates in at least one evidence-gated exported mechanism edge.
NODE01992	signaling_cascade	module20_24_export	Node participates in at least one evidence-gated exported mechanism edge.
NODE01992	target_gene	register_target_gene_layer	edge=M22B-E007385; evidence=M22B-EVID-007558
NODE01993	signaling_cascade	module20_24_export	Node participates in at least one evidence-gated exported mechanism edge.
NODE01994	signaling_cascade	module20_24_export	Node participates in at least one evidence-gated exported mechanism edge.
NODE01994	target_gene	register_target_gene_layer	edge=M22B-E006673; evidence=M22B-EVID-006846
NODE01995	signaling_cascade	module20_24_export	Node participates in at least one evidence-gated exported mechanism edge.
NODE01995	transcription_factor	register_target_gene_layer	edge=M22B-E010406; evidence=M22B-EVID-010578
NODE01996	signaling_cascade	module20_24_export	Node participates in at least one evidence-gated exported mechanism edge.
NODE01996	transcription_factor	register_target_gene_layer	edge=M22B-E000021; evidence=M22B-EVID-000617
NODE01997	signaling_cascade	module20_24_export	Node participates in at least one evidence-gated exported mechanism edge.
NODE01998	signaling_cascade	module20_24_export	Node participates in at least one evidence-gated exported mechanism edge.
NODE01998	target_gene	register_target_gene_layer	edge=M22B-E006674; evidence=M22B-EVID-006847
NODE01999	signaling_cascade	module20_24_export	Node participates in at least one evidence-gated exported mechanism edge.
NODE02000	signaling_cascade	module20_24_export	Node participates in at least one evidence-gated exported mechanism edge.
NODE02001	signaling_cascade	module20_24_export	Node participates in at least one evidence-gated exported mechanism edge.
NODE02002	signaling_cascade	module20_24_export	Node participates in at least one evidence-gated exported mechanism edge.
NODE02003	signaling_cascade	module20_24_export	Node participates in at least one evidence-gated exported mechanism edge.
NODE02004	signaling_cascade	module20_24_export	Node participates in at least one evidence-gated exported mechanism edge.
NODE02004	target_gene	register_target_gene_layer	edge=M22B-E006149; evidence=M22B-EVID-006322 || edge=M22B-E008299; evidence=M22B-EVID-008472 || edge=M22B-E009632; evidence=M22B-EVID-009805
NODE02005	signaling_cascade	module20_24_export	Node participates in at least one evidence-gated exported mechanism edge.
NODE02006	signaling_cascade	module20_24_export	Node participates in at least one evidence-gated exported mechanism edge.
NODE02007	signaling_cascade	module20_24_export	Node participates in at least one evidence-gated exported mechanism edge.
NODE02007	target_gene	register_target_gene_layer	edge=M22B-E006675; evidence=M22B-EVID-006848
NODE02008	signaling_cascade	module20_24_export	Node participates in at least one evidence-gated exported mechanism edge.
NODE02008	target_gene	register_target_gene_layer	edge=M22B-E006676; evidence=M22B-EVID-006849
NODE02009	signaling_cascade	module20_24_export	Node participates in at least one evidence-gated exported mechanism edge.
NODE02010	signaling_cascade	module20_24_export	Node participates in at least one evidence-gated exported mechanism edge.
NODE02010	target_gene	register_target_gene_layer	edge=M22B-E006677; evidence=M22B-EVID-006850
NODE02011	receptor	register_ligand_receptor_layer	edge=M20B-E004687; evidence=M20B-EVID-004687;M20B-EVID-004687-P2-DIRECT;M20B-EVID-004687-P2-FUNC;M20B-EVID-004687-P2-RELAY
NODE02011	signaling_cascade	module20_24_export	Node participates in at least one evidence-gated exported mechanism edge.
NODE02012	signaling_cascade	module20_24_export	Node participates in at least one evidence-gated exported mechanism edge.
NODE02013	signaling_cascade	module20_24_export	Node participates in at least one evidence-gated exported mechanism edge.
NODE02014	signaling_cascade	module20_24_export	Node participates in at least one evidence-gated exported mechanism edge.
NODE02015	signaling_cascade	module20_24_export	Node participates in at least one evidence-gated exported mechanism edge.
NODE02016	signaling_cascade	module20_24_export	Node participates in at least one evidence-gated exported mechanism edge.
NODE02017	signaling_cascade	module20_24_export	Node participates in at least one evidence-gated exported mechanism edge.
NODE02018	signaling_cascade	module20_24_export	Node participates in at least one evidence-gated exported mechanism edge.
NODE02019	signaling_cascade	module20_24_export	Node participates in at least one evidence-gated exported mechanism edge.
NODE02020	signaling_cascade	module20_24_export	Node participates in at least one evidence-gated exported mechanism edge.
NODE02021	signaling_cascade	module20_24_export	Node participates in at least one evidence-gated exported mechanism edge.
NODE02022	ligand	register_ligand_receptor_layer	edge=M21B-E000107; evidence=M21B-EVID-000050
NODE02022	signaling_cascade	module20_24_export	Node participates in at least one evidence-gated exported mechanism edge.
NODE02023	signaling_cascade	module20_24_export	Node participates in at least one evidence-gated exported mechanism edge.
NODE02024	signaling_cascade	module20_24_export	Node participates in at least one evidence-gated exported mechanism edge.
NODE02025	signaling_cascade	module20_24_export	Node participates in at least one evidence-gated exported mechanism edge.
NODE02026	signaling_cascade	module20_24_export	Node participates in at least one evidence-gated exported mechanism edge.
NODE02027	signaling_cascade	module20_24_export	Node participates in at least one evidence-gated exported mechanism edge.
NODE02028	receptor	register_ligand_receptor_layer	edge=M21B-E000107; evidence=M21B-EVID-000050
NODE02028	signaling_cascade	module20_24_export	Node participates in at least one evidence-gated exported mechanism edge.
NODE02029	receptor	register_ligand_receptor_layer	edge=M20B-E002960; evidence=M20B-EVID-002960;M20B-EVID-005297-P2-RELAY;M20B-EVID-005298-P2-FUNC
NODE02029	signaling_cascade	module20_24_export	Node participates in at least one evidence-gated exported mechanism edge.
NODE02030	receptor	register_ligand_receptor_layer	edge=M20B-E002957; evidence=M20B-EVID-002957
NODE02030	signaling_cascade	module20_24_export	Node participates in at least one evidence-gated exported mechanism edge.
NODE02031	ligand	register_ligand_receptor_layer	edge=M20B-E001925; evidence=M20B-EVID-001925 || edge=M20B-E001926; evidence=M20B-EVID-001926;M20B-EVID-PROMO-20260826-036 || edge=M20B-E002976; evidence=M20B-EVID-002976 || edge=M20B-E002977; evidence=M20B-EVID-002977
NODE02031	receptor	register_ligand_receptor_layer	edge=M20B-E005086; evidence=M20B-EVID-005086 || edge=M23B-E000598; evidence=M23B-EVID-000819 || edge=M23B-E000752; evidence=M23B-EVID-001010
NODE02031	signaling_cascade	module20_24_export	Node participates in at least one evidence-gated exported mechanism edge.
NODE02031	target_gene	register_target_gene_layer	edge=M22B-E010188; evidence=M22B-EVID-010361
NODE02032	signaling_cascade	module20_24_export	Node participates in at least one evidence-gated exported mechanism edge.
NODE02033	ligand	register_ligand_receptor_layer	edge=M23B-E000348; evidence=M23B-EVID-000507
NODE02033	signaling_cascade	module20_24_export	Node participates in at least one evidence-gated exported mechanism edge.
NODE02034	signaling_cascade	module20_24_export	Node participates in at least one evidence-gated exported mechanism edge.
NODE02035	receptor	register_ligand_receptor_layer	edge=M23B-E000796; evidence=M23B-EVID-001080
NODE02035	signaling_cascade	module20_24_export	Node participates in at least one evidence-gated exported mechanism edge.
NODE02036	ligand	register_ligand_receptor_layer	edge=M20B-E000370; evidence=M20B-EVID-000370 || edge=M20B-E002980; evidence=M20B-EVID-002980
NODE02036	signaling_cascade	module20_24_export	Node participates in at least one evidence-gated exported mechanism edge.
NODE02037	ligand	register_ligand_receptor_layer	edge=M23B-E000933; evidence=M23B-EVID-001278
NODE02037	signaling_cascade	module20_24_export	Node participates in at least one evidence-gated exported mechanism edge.
NODE02038	signaling_cascade	module20_24_export	Node participates in at least one evidence-gated exported mechanism edge.
NODE02039	receptor	register_ligand_receptor_layer	edge=M20B-E000370; evidence=M20B-EVID-000370
NODE02039	signaling_cascade	module20_24_export	Node participates in at least one evidence-gated exported mechanism edge.
NODE02040	ligand	register_ligand_receptor_layer	edge=M20B-E002981; evidence=M20B-EVID-002981
NODE02040	signaling_cascade	module20_24_export	Node participates in at least one evidence-gated exported mechanism edge.
NODE02041	signaling_cascade	module20_24_export	Node participates in at least one evidence-gated exported mechanism edge.
NODE02042	ligand	register_ligand_receptor_layer	edge=M20B-E002982; evidence=M20B-EVID-002982 || edge=M20B-E002983; evidence=M20B-EVID-002983
NODE02042	signaling_cascade	module20_24_export	Node participates in at least one evidence-gated exported mechanism edge.
NODE02043	signaling_cascade	module20_24_export	Node participates in at least one evidence-gated exported mechanism edge.
NODE02044	signaling_cascade	module20_24_export	Node participates in at least one evidence-gated exported mechanism edge.
NODE02045	ligand	register_ligand_receptor_layer	edge=M20B-E002984; evidence=M20B-EVID-002984 || edge=M20B-E002985; evidence=M20B-EVID-002985
NODE02045	signaling_cascade	module20_24_export	Node participates in at least one evidence-gated exported mechanism edge.
NODE02046	signaling_cascade	module20_24_export	Node participates in at least one evidence-gated exported mechanism edge.
NODE02047	signaling_cascade	module20_24_export	Node participates in at least one evidence-gated exported mechanism edge.
NODE02048	signaling_cascade	module20_24_export	Node participates in at least one evidence-gated exported mechanism edge.
NODE02049	signaling_cascade	module20_24_export	Node participates in at least one evidence-gated exported mechanism edge.
NODE02050	signaling_cascade	module20_24_export	Node participates in at least one evidence-gated exported mechanism edge.
NODE02050	target_gene	register_target_gene_layer	edge=M22B-E010196; evidence=M22B-EVID-010369 || edge=M22B-E010197; evidence=M22B-EVID-010370
NODE02051	signaling_cascade	module20_24_export	Node participates in at least one evidence-gated exported mechanism edge.
NODE02052	signaling_cascade	module20_24_export	Node participates in at least one evidence-gated exported mechanism edge.
NODE02053	signaling_cascade	module20_24_export	Node participates in at least one evidence-gated exported mechanism edge.
NODE02054	signaling_cascade	module20_24_export	Node participates in at least one evidence-gated exported mechanism edge.
NODE02055	signaling_cascade	module20_24_export	Node participates in at least one evidence-gated exported mechanism edge.
NODE02056	signaling_cascade	module20_24_export	Node participates in at least one evidence-gated exported mechanism edge.
NODE02057	ligand	register_ligand_receptor_layer	edge=M20B-E002989; evidence=M20B-EVID-002989
NODE02057	signaling_cascade	module20_24_export	Node participates in at least one evidence-gated exported mechanism edge.
NODE02058	signaling_cascade	module20_24_export	Node participates in at least one evidence-gated exported mechanism edge.
NODE02059	ligand	register_ligand_receptor_layer	edge=M20B-E002993; evidence=M20B-EVID-002993 || edge=M20B-E002994; evidence=M20B-EVID-002994
NODE02059	signaling_cascade	module20_24_export	Node participates in at least one evidence-gated exported mechanism edge.
NODE02060	ligand	register_ligand_receptor_layer	edge=M23B-E000121; evidence=M23B-EVID-000189
NODE02060	signaling_cascade	module20_24_export	Node participates in at least one evidence-gated exported mechanism edge.
NODE02061	ligand	register_ligand_receptor_layer	edge=M23B-E000350; evidence=M23B-EVID-000510
NODE02061	signaling_cascade	module20_24_export	Node participates in at least one evidence-gated exported mechanism edge.
NODE02062	signaling_cascade	module20_24_export	Node participates in at least one evidence-gated exported mechanism edge.
NODE02062	target_gene	register_target_gene_layer	edge=M22B-E009536; evidence=M22B-EVID-009709
NODE02063	ligand	register_ligand_receptor_layer	edge=M20B-E003004; evidence=M20B-EVID-003004 || edge=M20B-E003005; evidence=M20B-EVID-003005
NODE02063	signaling_cascade	module20_24_export	Node participates in at least one evidence-gated exported mechanism edge.
NODE02064	ligand	register_ligand_receptor_layer	edge=M23B-E000356; evidence=M23B-EVID-000516
NODE02064	signaling_cascade	module20_24_export	Node participates in at least one evidence-gated exported mechanism edge.
NODE02065	ligand	register_ligand_receptor_layer	edge=M23B-E000353; evidence=M23B-EVID-000513
NODE02065	signaling_cascade	module20_24_export	Node participates in at least one evidence-gated exported mechanism edge.
NODE02066	ligand	register_ligand_receptor_layer	edge=M20B-E003007; evidence=M20B-EVID-003007
NODE02066	signaling_cascade	module20_24_export	Node participates in at least one evidence-gated exported mechanism edge.
NODE02067	signaling_cascade	module20_24_export	Node participates in at least one evidence-gated exported mechanism edge.
NODE02068	signaling_cascade	module20_24_export	Node participates in at least one evidence-gated exported mechanism edge.
NODE02069	ligand	register_ligand_receptor_layer	edge=M23B-E001167; evidence=M23B-EVID-EXPAND23A-104
NODE02069	signaling_cascade	module20_24_export	Node participates in at least one evidence-gated exported mechanism edge.
NODE02070	ligand	register_ligand_receptor_layer	edge=M20B-E003018; evidence=M20B-EVID-003018 || edge=M20B-E003019; evidence=M20B-EVID-003019
NODE02070	signaling_cascade	module20_24_export	Node participates in at least one evidence-gated exported mechanism edge.
NODE02071	ligand	register_ligand_receptor_layer	edge=M20B-E003020; evidence=M20B-EVID-003020 || edge=M20B-E003021; evidence=M20B-EVID-003021 || edge=M20B-E003027; evidence=M20B-EVID-003027 || edge=M20B-E003030; evidence=M20B-EVID-003030
NODE02071	signaling_cascade	module20_24_export	Node participates in at least one evidence-gated exported mechanism edge.
NODE02071	target_gene	register_target_gene_layer	edge=M22B-E007098; evidence=M22B-EVID-007271 || edge=M22B-E007726; evidence=M22B-EVID-007899
NODE02072	signaling_cascade	module20_24_export	Node participates in at least one evidence-gated exported mechanism edge.
NODE02073	ligand	register_ligand_receptor_layer	edge=M23B-E000935; evidence=M23B-EVID-001280
NODE02073	signaling_cascade	module20_24_export	Node participates in at least one evidence-gated exported mechanism edge.
NODE02074	signaling_cascade	module20_24_export	Node participates in at least one evidence-gated exported mechanism edge.
NODE02075	ligand	register_ligand_receptor_layer	edge=M20B-E001927; evidence=M20B-EVID-001927 || edge=M20B-E001928; evidence=M20B-EVID-001928 || edge=M20B-E001929; evidence=M20B-EVID-001929 || edge=M20B-E001930; evidence=M20B-EVID-001930 || edge=M20B-E001931; evidence=M20B-EVID-001931 || edge=M20B-E001932; evidence=M20B-EVID-001932 || edge=M20B-E001933; evidence=M20B-EVID-001933 || edge=M20B-E001936; evidence=M20B-EVID-001936 || edge=M20B-E002297; evidence=M20B-EVID-002297 || edge=M20B-E003038; evidence=M20B-EVID-003038 || edge=M20B-E003039; evidence=M20B-EVID-003039
NODE02075	signaling_cascade	module20_24_export	Node participates in at least one evidence-gated exported mechanism edge.
NODE02075	target_gene	register_target_gene_layer	edge=M22B-E006016; evidence=M22B-EVID-006189 || edge=M22B-E007099; evidence=M22B-EVID-007272 || edge=M22B-E007386; evidence=M22B-EVID-007559 || edge=M22B-E007727; evidence=M22B-EVID-007900 || edge=M22B-E008182; evidence=M22B-EVID-008355 || edge=M22B-E009167; evidence=M22B-EVID-009340
NODE02076	signaling_cascade	module20_24_export	Node participates in at least one evidence-gated exported mechanism edge.
NODE02077	ligand	register_ligand_receptor_layer	edge=M23B-E000360; evidence=M23B-EVID-000522 || edge=M23B-E000362; evidence=M23B-EVID-000525 || edge=M23B-E000368; evidence=M23B-EVID-000531 || edge=M23B-E000370; evidence=M23B-EVID-000534 || edge=M23B-E000373; evidence=M23B-EVID-000537 || edge=M23B-E000376; evidence=M23B-EVID-000540
NODE02077	signaling_cascade	module20_24_export	Node participates in at least one evidence-gated exported mechanism edge.
NODE02078	ligand	register_ligand_receptor_layer	edge=M23B-E000365; evidence=M23B-EVID-000528
NODE02078	signaling_cascade	module20_24_export	Node participates in at least one evidence-gated exported mechanism edge.
NODE02079	ligand	register_ligand_receptor_layer	edge=M23B-E000937; evidence=M23B-EVID-001282
NODE02079	signaling_cascade	module20_24_export	Node participates in at least one evidence-gated exported mechanism edge.
NODE02080	ligand	register_ligand_receptor_layer	edge=M20B-E001938; evidence=M20B-EVID-001938 || edge=M20B-E001939; evidence=M20B-EVID-001939 || edge=M20B-E001940; evidence=M20B-EVID-001940 || edge=M20B-E001941; evidence=M20B-EVID-001941 || edge=M20B-E001942; evidence=M20B-EVID-001942 || edge=M20B-E001945; evidence=M20B-EVID-001945 || edge=M20B-E001946; evidence=M20B-EVID-001946
NODE02080	signaling_cascade	module20_24_export	Node participates in at least one evidence-gated exported mechanism edge.
NODE02080	target_gene	register_target_gene_layer	edge=M22B-E000391; evidence=M22B-EVID-000021 || edge=M22B-E007100; evidence=M22B-EVID-007273 || edge=M22B-E007387; evidence=M22B-EVID-007560
NODE02081	ligand	register_ligand_receptor_layer	edge=M20B-E003051; evidence=M20B-EVID-003051 || edge=M20B-E003052; evidence=M20B-EVID-003052 || edge=M20B-E003053; evidence=M20B-EVID-003053 || edge=M20B-E003054; evidence=M20B-EVID-003054
NODE02081	signaling_cascade	module20_24_export	Node participates in at least one evidence-gated exported mechanism edge.
NODE02082	signaling_cascade	module20_24_export	Node participates in at least one evidence-gated exported mechanism edge.
NODE02083	ligand	register_ligand_receptor_layer	edge=M20B-E001948; evidence=M20B-EVID-001948 || edge=M20B-E001949; evidence=M20B-EVID-001949 || edge=M20B-E001950; evidence=M20B-EVID-001950 || edge=M20B-E001951; evidence=M20B-EVID-001951 || edge=M20B-E001952; evidence=M20B-EVID-001952 || edge=M20B-E003071; evidence=M20B-EVID-003071
NODE02083	signaling_cascade	module20_24_export	Node participates in at least one evidence-gated exported mechanism edge.
NODE02083	target_gene	register_target_gene_layer	edge=M22B-E005872; evidence=M22B-EVID-006045 || edge=M22B-E008042; evidence=M22B-EVID-008215 || edge=M22B-E009830; evidence=M22B-EVID-010003
NODE02084	ligand	register_ligand_receptor_layer	edge=M23B-E000378; evidence=M23B-EVID-000543 || edge=M23B-E000381; evidence=M23B-EVID-000546 || edge=M23B-E000383; evidence=M23B-EVID-000549 || edge=M23B-E000385; evidence=M23B-EVID-000552
NODE02084	signaling_cascade	module20_24_export	Node participates in at least one evidence-gated exported mechanism edge.
NODE02085	signaling_cascade	module20_24_export	Node participates in at least one evidence-gated exported mechanism edge.
NODE02086	signaling_cascade	module20_24_export	Node participates in at least one evidence-gated exported mechanism edge.
NODE02087	ligand	register_ligand_receptor_layer	edge=M20B-E003075; evidence=M20B-EVID-003075 || edge=M20B-E003076; evidence=M20B-EVID-003076 || edge=M20B-E003077; evidence=M20B-EVID-003077 || edge=M20B-E003078; evidence=M20B-EVID-003078 || edge=M20B-E003079; evidence=M20B-EVID-003079 || edge=M20B-E003080; evidence=M20B-EVID-003080
NODE02087	signaling_cascade	module20_24_export	Node participates in at least one evidence-gated exported mechanism edge.
NODE02087	target_gene	register_target_gene_layer	edge=M22B-E009737; evidence=M22B-EVID-009910
NODE02088	ligand	register_ligand_receptor_layer	edge=M23B-E000940; evidence=M23B-EVID-001285 || edge=M23B-E000943; evidence=M23B-EVID-001288 || edge=M23B-E000944; evidence=M23B-EVID-001289
NODE02088	signaling_cascade	module20_24_export	Node participates in at least one evidence-gated exported mechanism edge.
NODE02089	ligand	register_ligand_receptor_layer	edge=M20B-E001957; evidence=M20B-EVID-001957 || edge=M20B-E001961; evidence=M20B-EVID-001961 || edge=M20B-E001962; evidence=M20B-EVID-001962
NODE02089	signaling_cascade	module20_24_export	Node participates in at least one evidence-gated exported mechanism edge.
NODE02089	target_gene	register_target_gene_layer	edge=M22B-E006678; evidence=M22B-EVID-006851 || edge=M22B-E008840; evidence=M22B-EVID-009013
NODE02090	signaling_cascade	module20_24_export	Node participates in at least one evidence-gated exported mechanism edge.
NODE02091	signaling_cascade	module20_24_export	Node participates in at least one evidence-gated exported mechanism edge.
NODE02092	ligand	register_ligand_receptor_layer	edge=M23B-E000445; evidence=M23B-EVID-000621
NODE02092	signaling_cascade	module20_24_export	Node participates in at least one evidence-gated exported mechanism edge.
NODE02093	ligand	register_ligand_receptor_layer	edge=M20B-E001971; evidence=M20B-EVID-001971
NODE02093	signaling_cascade	module20_24_export	Node participates in at least one evidence-gated exported mechanism edge.
NODE02094	ligand	register_ligand_receptor_layer	edge=M20B-E001983; evidence=M20B-EVID-001983
NODE02094	signaling_cascade	module20_24_export	Node participates in at least one evidence-gated exported mechanism edge.
NODE02095	ligand	register_ligand_receptor_layer	edge=M23B-E000388; evidence=M23B-EVID-000558
NODE02095	signaling_cascade	module20_24_export	Node participates in at least one evidence-gated exported mechanism edge.
NODE02096	ligand	register_ligand_receptor_layer	edge=M23B-E000945; evidence=M23B-EVID-001290
NODE02096	signaling_cascade	module20_24_export	Node participates in at least one evidence-gated exported mechanism edge.
NODE02097	signaling_cascade	module20_24_export	Node participates in at least one evidence-gated exported mechanism edge.
NODE02098	signaling_cascade	module20_24_export	Node participates in at least one evidence-gated exported mechanism edge.
NODE02099	signaling_cascade	module20_24_export	Node participates in at least one evidence-gated exported mechanism edge.
NODE02100	signaling_cascade	module20_24_export	Node participates in at least one evidence-gated exported mechanism edge.
NODE02100	target_gene	register_target_gene_layer	edge=M22B-E009831; evidence=M22B-EVID-010004
NODE02101	signaling_cascade	module20_24_export	Node participates in at least one evidence-gated exported mechanism edge.
NODE02102	ligand	register_ligand_receptor_layer	edge=M23B-E000390; evidence=M23B-EVID-000561
NODE02102	signaling_cascade	module20_24_export	Node participates in at least one evidence-gated exported mechanism edge.
NODE02103	ligand	register_ligand_receptor_layer	edge=M23B-E000393; evidence=M23B-EVID-000564
NODE02103	signaling_cascade	module20_24_export	Node participates in at least one evidence-gated exported mechanism edge.
NODE02104	signaling_cascade	module20_24_export	Node participates in at least one evidence-gated exported mechanism edge.
NODE02105	ligand	register_ligand_receptor_layer	edge=M20B-E002021; evidence=M20B-EVID-002021 || edge=M20B-E002022; evidence=M20B-EVID-002022
NODE02105	signaling_cascade	module20_24_export	Node participates in at least one evidence-gated exported mechanism edge.
NODE02106	signaling_cascade	module20_24_export	Node participates in at least one evidence-gated exported mechanism edge.
NODE02107	ligand	register_ligand_receptor_layer	edge=M20B-E002031; evidence=M20B-EVID-002031 || edge=M20B-E002032; evidence=M20B-EVID-002032
NODE02107	signaling_cascade	module20_24_export	Node participates in at least one evidence-gated exported mechanism edge.
NODE02108	ligand	register_ligand_receptor_layer	edge=M20B-E002041; evidence=M20B-EVID-002041 || edge=M20B-E002042; evidence=M20B-EVID-002042
NODE02108	signaling_cascade	module20_24_export	Node participates in at least one evidence-gated exported mechanism edge.
NODE02109	signaling_cascade	module20_24_export	Node participates in at least one evidence-gated exported mechanism edge.
NODE02110	signaling_cascade	module20_24_export	Node participates in at least one evidence-gated exported mechanism edge.
NODE02110	target_gene	register_target_gene_layer	edge=M22B-E007101; evidence=M22B-EVID-007274
NODE02111	signaling_cascade	module20_24_export	Node participates in at least one evidence-gated exported mechanism edge.
NODE02112	ligand	register_ligand_receptor_layer	edge=M20B-E003125; evidence=M20B-EVID-003125
NODE02112	signaling_cascade	module20_24_export	Node participates in at least one evidence-gated exported mechanism edge.
NODE02113	signaling_cascade	module20_24_export	Node participates in at least one evidence-gated exported mechanism edge.
NODE02114	ligand	register_ligand_receptor_layer	edge=M20B-E002322; evidence=M20B-EVID-002322
NODE02114	signaling_cascade	module20_24_export	Node participates in at least one evidence-gated exported mechanism edge.
NODE02115	signaling_cascade	module20_24_export	Node participates in at least one evidence-gated exported mechanism edge.
NODE02116	signaling_cascade	module20_24_export	Node participates in at least one evidence-gated exported mechanism edge.
NODE02117	signaling_cascade	module20_24_export	Node participates in at least one evidence-gated exported mechanism edge.
NODE02118	signaling_cascade	module20_24_export	Node participates in at least one evidence-gated exported mechanism edge.
NODE02119	signaling_cascade	module20_24_export	Node participates in at least one evidence-gated exported mechanism edge.
NODE02120	signaling_cascade	module20_24_export	Node participates in at least one evidence-gated exported mechanism edge.
NODE02121	ligand	register_ligand_receptor_layer	edge=M23B-E000033; evidence=M23B-EVID-000057 || edge=M23B-E000034; evidence=M23B-EVID-000058 || edge=M23B-E000035; evidence=M23B-EVID-000059 || edge=M23B-E000036; evidence=M23B-EVID-000060
NODE02121	signaling_cascade	module20_24_export	Node participates in at least one evidence-gated exported mechanism edge.
NODE02122	signaling_cascade	module20_24_export	Node participates in at least one evidence-gated exported mechanism edge.
NODE02123	ligand	register_ligand_receptor_layer	edge=M23B-E000031; evidence=M23B-EVID-000055 || edge=M23B-E001202; evidence=M23B-EVID-EXPAND23A-146
NODE02123	signaling_cascade	module20_24_export	Node participates in at least one evidence-gated exported mechanism edge.
NODE02124	signaling_cascade	module20_24_export	Node participates in at least one evidence-gated exported mechanism edge.
NODE02125	signaling_cascade	module20_24_export	Node participates in at least one evidence-gated exported mechanism edge.
NODE02126	signaling_cascade	module20_24_export	Node participates in at least one evidence-gated exported mechanism edge.
NODE02127	signaling_cascade	module20_24_export	Node participates in at least one evidence-gated exported mechanism edge.
NODE02128	ligand	register_ligand_receptor_layer	edge=M23B-E000026; evidence=M23B-EVID-000027
NODE02128	signaling_cascade	module20_24_export	Node participates in at least one evidence-gated exported mechanism edge.
NODE02129	signaling_cascade	module20_24_export	Node participates in at least one evidence-gated exported mechanism edge.
NODE02130	signaling_cascade	module20_24_export	Node participates in at least one evidence-gated exported mechanism edge.
NODE02131	signaling_cascade	module20_24_export	Node participates in at least one evidence-gated exported mechanism edge.
NODE02132	signaling_cascade	module20_24_export	Node participates in at least one evidence-gated exported mechanism edge.
NODE02133	signaling_cascade	module20_24_export	Node participates in at least one evidence-gated exported mechanism edge.
NODE02134	ligand	register_ligand_receptor_layer	edge=M20B-E003129; evidence=M20B-EVID-003129
NODE02134	signaling_cascade	module20_24_export	Node participates in at least one evidence-gated exported mechanism edge.
NODE02135	signaling_cascade	module20_24_export	Node participates in at least one evidence-gated exported mechanism edge.
NODE02136	signaling_cascade	module20_24_export	Node participates in at least one evidence-gated exported mechanism edge.
NODE02137	signaling_cascade	module20_24_export	Node participates in at least one evidence-gated exported mechanism edge.
NODE02138	ligand	register_ligand_receptor_layer	edge=M20B-E002097; evidence=M20B-EVID-002097 || edge=M20B-E002098; evidence=M20B-EVID-002098 || edge=M20B-E002100; evidence=M20B-EVID-002100 || edge=M23B-E000396; evidence=M23B-EVID-000567 || edge=M23B-E000398; evidence=M23B-EVID-000570
NODE02138	signaling_cascade	module20_24_export	Node participates in at least one evidence-gated exported mechanism edge.
NODE02139	signaling_cascade	module20_24_export	Node participates in at least one evidence-gated exported mechanism edge.
NODE02140	signaling_cascade	module20_24_export	Node participates in at least one evidence-gated exported mechanism edge.
NODE02141	signaling_cascade	module20_24_export	Node participates in at least one evidence-gated exported mechanism edge.
NODE02142	receptor	register_ligand_receptor_layer	edge=M20B-E002391; evidence=M20B-EVID-002391
NODE02142	signaling_cascade	module20_24_export	Node participates in at least one evidence-gated exported mechanism edge.
NODE02143	signaling_cascade	module20_24_export	Node participates in at least one evidence-gated exported mechanism edge.
NODE02144	signaling_cascade	module20_24_export	Node participates in at least one evidence-gated exported mechanism edge.
NODE02145	signaling_cascade	module20_24_export	Node participates in at least one evidence-gated exported mechanism edge.
NODE02145	target_gene	register_target_gene_layer	edge=M22B-E007728; evidence=M22B-EVID-007901 || edge=M22B-E009168; evidence=M22B-EVID-009341
NODE02146	signaling_cascade	module20_24_export	Node participates in at least one evidence-gated exported mechanism edge.
NODE02147	signaling_cascade	module20_24_export	Node participates in at least one evidence-gated exported mechanism edge.
NODE02147	target_gene	register_target_gene_layer	edge=M22B-E006017; evidence=M22B-EVID-006190 || edge=M22B-E008183; evidence=M22B-EVID-008356
NODE02148	signaling_cascade	module20_24_export	Node participates in at least one evidence-gated exported mechanism edge.
NODE02148	target_gene	register_target_gene_layer	edge=M22B-E009832; evidence=M22B-EVID-010005
NODE02149	signaling_cascade	module20_24_export	Node participates in at least one evidence-gated exported mechanism edge.
NODE02150	ligand	register_ligand_receptor_layer	edge=M20B-E003136; evidence=M20B-EVID-003136 || edge=M20B-E003141; evidence=M20B-EVID-003141 || edge=M20B-E003142; evidence=M20B-EVID-003142 || edge=M20B-E003143; evidence=M20B-EVID-003143 || edge=M20B-E003144; evidence=M20B-EVID-003144 || edge=M20B-E003145; evidence=M20B-EVID-003145
NODE02150	signaling_cascade	module20_24_export	Node participates in at least one evidence-gated exported mechanism edge.
NODE02151	signaling_cascade	module20_24_export	Node participates in at least one evidence-gated exported mechanism edge.
NODE02152	signaling_cascade	module20_24_export	Node participates in at least one evidence-gated exported mechanism edge.
NODE02153	signaling_cascade	module20_24_export	Node participates in at least one evidence-gated exported mechanism edge.
NODE02154	signaling_cascade	module20_24_export	Node participates in at least one evidence-gated exported mechanism edge.
NODE02155	signaling_cascade	module20_24_export	Node participates in at least one evidence-gated exported mechanism edge.
NODE02156	signaling_cascade	module20_24_export	Node participates in at least one evidence-gated exported mechanism edge.
NODE02156	target_gene	register_target_gene_layer	edge=M22B-E009833; evidence=M22B-EVID-010006
NODE02157	signaling_cascade	module20_24_export	Node participates in at least one evidence-gated exported mechanism edge.
NODE02157	target_gene	register_target_gene_layer	edge=M22B-E006018; evidence=M22B-EVID-006191 || edge=M22B-E006334; evidence=M22B-EVID-006507 || edge=M22B-E008184; evidence=M22B-EVID-008357 || edge=M22B-E008486; evidence=M22B-EVID-008659 || edge=M22B-E009834; evidence=M22B-EVID-010007
NODE02158	signaling_cascade	module20_24_export	Node participates in at least one evidence-gated exported mechanism edge.
NODE02158	target_gene	register_target_gene_layer	edge=M22B-E006335; evidence=M22B-EVID-006508 || edge=M22B-E008487; evidence=M22B-EVID-008660
NODE02159	signaling_cascade	module20_24_export	Node participates in at least one evidence-gated exported mechanism edge.
NODE02159	target_gene	register_target_gene_layer	edge=M22B-E006679; evidence=M22B-EVID-006852
NODE02160	signaling_cascade	module20_24_export	Node participates in at least one evidence-gated exported mechanism edge.
NODE02161	signaling_cascade	module20_24_export	Node participates in at least one evidence-gated exported mechanism edge.
NODE02162	signaling_cascade	module20_24_export	Node participates in at least one evidence-gated exported mechanism edge.
NODE02163	signaling_cascade	module20_24_export	Node participates in at least one evidence-gated exported mechanism edge.
NODE02163	target_gene	register_target_gene_layer	edge=M22B-E006336; evidence=M22B-EVID-006509 || edge=M22B-E008488; evidence=M22B-EVID-008661
NODE02164	signaling_cascade	module20_24_export	Node participates in at least one evidence-gated exported mechanism edge.
NODE02165	signaling_cascade	module20_24_export	Node participates in at least one evidence-gated exported mechanism edge.
NODE02166	signaling_cascade	module20_24_export	Node participates in at least one evidence-gated exported mechanism edge.
NODE02167	signaling_cascade	module20_24_export	Node participates in at least one evidence-gated exported mechanism edge.
NODE02167	target_gene	register_target_gene_layer	edge=M22B-E007102; evidence=M22B-EVID-007275
NODE02168	signaling_cascade	module20_24_export	Node participates in at least one evidence-gated exported mechanism edge.
NODE02169	signaling_cascade	module20_24_export	Node participates in at least one evidence-gated exported mechanism edge.
NODE02170	receptor	register_ligand_receptor_layer	edge=M20B-E002114; evidence=M20B-EVID-002114
NODE02170	signaling_cascade	module20_24_export	Node participates in at least one evidence-gated exported mechanism edge.
NODE02171	receptor	register_ligand_receptor_layer	edge=M24B-E000014; evidence=M24B-EVID-000014
NODE02171	signaling_cascade	module20_24_export	Node participates in at least one evidence-gated exported mechanism edge.
NODE02172	signaling_cascade	module20_24_export	Node participates in at least one evidence-gated exported mechanism edge.
NODE02173	receptor	register_ligand_receptor_layer	edge=M24B-E000139; evidence=M24B-EVID-000188
NODE02173	signaling_cascade	module20_24_export	Node participates in at least one evidence-gated exported mechanism edge.
NODE02174	signaling_cascade	module20_24_export	Node participates in at least one evidence-gated exported mechanism edge.
NODE02175	receptor	register_ligand_receptor_layer	edge=M24B-E000147; evidence=M24B-EVID-000196
NODE02175	signaling_cascade	module20_24_export	Node participates in at least one evidence-gated exported mechanism edge.
NODE02176	receptor	register_ligand_receptor_layer	edge=M24B-E000150; evidence=M24B-EVID-000199
NODE02176	signaling_cascade	module20_24_export	Node participates in at least one evidence-gated exported mechanism edge.
NODE02177	signaling_cascade	module20_24_export	Node participates in at least one evidence-gated exported mechanism edge.
NODE02177	target_gene	register_target_gene_layer	edge=M22B-E010060; evidence=M22B-EVID-010233
NODE02178	signaling_cascade	module20_24_export	Node participates in at least one evidence-gated exported mechanism edge.
NODE02178	target_gene	register_target_gene_layer	edge=M22B-E005873; evidence=M22B-EVID-006046 || edge=M22B-E008043; evidence=M22B-EVID-008216 || edge=M22B-E010576; evidence=M22B-EVID-010672
NODE02179	signaling_cascade	module20_24_export	Node participates in at least one evidence-gated exported mechanism edge.
NODE02180	signaling_cascade	module20_24_export	Node participates in at least one evidence-gated exported mechanism edge.
NODE02180	target_gene	register_target_gene_layer	edge=M22B-E006680; evidence=M22B-EVID-006853 || edge=M22B-E008841; evidence=M22B-EVID-009014
NODE02181	signaling_cascade	module20_24_export	Node participates in at least one evidence-gated exported mechanism edge.
NODE02181	transcription_factor	register_target_gene_layer	edge=M22B-E000035; evidence=M22B-EVID-000329;M22B-EVID-000349 || edge=M22B-E000036; evidence=M22B-EVID-000137 || edge=M22B-E000037; evidence=M22B-EVID-000330;M22B-EVID-000350 || edge=M22B-E000039; evidence=M22B-EVID-000274 || edge=M22B-E000045; evidence=M22B-EVID-000331;M22B-EVID-000351 || edge=M22B-E000046; evidence=M22B-EVID-000336 || edge=M22B-E000049; evidence=M22B-EVID-000830;M22B-EVID-000831;M22B-EVID-000832;M22B-EVID-000833;M22B-EVID-000870;M22B-EVID-000873 || edge=M22B-E000050; evidence=M22B-EVID-000127 || edge=M22B-E000053; evidence=M22B-EVID-000213 || edge=M22B-E000095; evidence=M22B-EVID-000215 || edge=M22B-E000096; evidence=M22B-EVID-000942 || edge=M22B-E000100; evidence=M22B-EVID-000616 || edge=M22B-E000101; evidence=M22B-EVID-000618 || edge=M22B-E000108; evidence=M22B-EVID-000332;M22B-EVID-000352 || edge=M22B-E009952; evidence=M22B-EVID-010125 || edge=M22B-E010037; evidence=M22B-EVID-010210 || edge=M22B-E010038; evidence=M22B-EVID-010211 || edge=M22B-E010039; evidence=M22B-EVID-010212 || edge=M22B-E010040; evidence=M22B-EVID-010213 || edge=M22B-E010041; evidence=M22B-EVID-010214 || edge=M22B-E010042; evidence=M22B-EVID-010215 || edge=M22B-E010043; evidence=M22B-EVID-010216 || edge=M22B-E010044; evidence=M22B-EVID-010217 || edge=M22B-E010401; evidence=M22B-EVID-010573 || edge=M22B-E010402; evidence=M22B-EVID-010574
NODE02182	signaling_cascade	module20_24_export	Node participates in at least one evidence-gated exported mechanism edge.
NODE02183	signaling_cascade	module20_24_export	Node participates in at least one evidence-gated exported mechanism edge.
NODE02184	signaling_cascade	module20_24_export	Node participates in at least one evidence-gated exported mechanism edge.
NODE02185	signaling_cascade	module20_24_export	Node participates in at least one evidence-gated exported mechanism edge.
NODE02185	transcription_factor	register_target_gene_layer	edge=M22B-E000123; evidence=M22B-EVID-000397
NODE02186	signaling_cascade	module20_24_export	Node participates in at least one evidence-gated exported mechanism edge.
NODE02186	transcription_factor	register_target_gene_layer	edge=M22B-E010183; evidence=M22B-EVID-010356 || edge=M22B-E010285; evidence=M22B-EVID-010458 || edge=M22B-E010542; evidence=M22B-EVID-010651 || edge=M22B-E010557; evidence=M22B-EVID-010658 || edge=M22B-E010559; evidence=M22B-EVID-010659
NODE02187	signaling_cascade	module20_24_export	Node participates in at least one evidence-gated exported mechanism edge.
NODE02188	signaling_cascade	module20_24_export	Node participates in at least one evidence-gated exported mechanism edge.
NODE02189	signaling_cascade	module20_24_export	Node participates in at least one evidence-gated exported mechanism edge.
NODE02189	transcription_factor	register_target_gene_layer	edge=M22B-E009973; evidence=M22B-EVID-010146 || edge=M22B-E010003; evidence=M22B-EVID-010176
NODE02190	signaling_cascade	module20_24_export	Node participates in at least one evidence-gated exported mechanism edge.
NODE02190	transcription_factor	register_target_gene_layer	edge=M22B-E010045; evidence=M22B-EVID-010218
NODE02191	signaling_cascade	module20_24_export	Node participates in at least one evidence-gated exported mechanism edge.
NODE02192	signaling_cascade	module20_24_export	Node participates in at least one evidence-gated exported mechanism edge.
NODE02193	signaling_cascade	module20_24_export	Node participates in at least one evidence-gated exported mechanism edge.
NODE02194	signaling_cascade	module20_24_export	Node participates in at least one evidence-gated exported mechanism edge.
NODE02195	signaling_cascade	module20_24_export	Node participates in at least one evidence-gated exported mechanism edge.
NODE02196	signaling_cascade	module20_24_export	Node participates in at least one evidence-gated exported mechanism edge.
NODE02197	signaling_cascade	module20_24_export	Node participates in at least one evidence-gated exported mechanism edge.
NODE02197	transcription_factor	register_target_gene_layer	edge=M22B-E000135; evidence=M22B-EVID-000129
NODE02198	signaling_cascade	module20_24_export	Node participates in at least one evidence-gated exported mechanism edge.
NODE02198	transcription_factor	register_target_gene_layer	edge=M22B-E000136; evidence=M22B-EVID-000386
NODE02199	signaling_cascade	module20_24_export	Node participates in at least one evidence-gated exported mechanism edge.
NODE02199	target_gene	register_target_gene_layer	edge=M22B-E006337; evidence=M22B-EVID-006510 || edge=M22B-E009648; evidence=M22B-EVID-009821
NODE02200	signaling_cascade	module20_24_export	Node participates in at least one evidence-gated exported mechanism edge.
NODE02201	signaling_cascade	module20_24_export	Node participates in at least one evidence-gated exported mechanism edge.
NODE02202	signaling_cascade	module20_24_export	Node participates in at least one evidence-gated exported mechanism edge.
NODE02203	signaling_cascade	module20_24_export	Node participates in at least one evidence-gated exported mechanism edge.
NODE02203	target_gene	register_target_gene_layer	edge=M22B-E006150; evidence=M22B-EVID-006323 || edge=M22B-E006495; evidence=M22B-EVID-006668 || edge=M22B-E007103; evidence=M22B-EVID-007276 || edge=M22B-E007388; evidence=M22B-EVID-007561 || edge=M22B-E008652; evidence=M22B-EVID-008825
NODE02203	transcription_factor	register_target_gene_layer	edge=M22B-E010556; evidence=M22B-EVID-010657 || edge=M22B-E010558; evidence=M22B-EVID-010658 || edge=M22B-E010560; evidence=M22B-EVID-010659
NODE02204	ligand	register_ligand_receptor_layer	edge=M20B-E003150; evidence=M20B-EVID-003150;M20B-EVID-005299-P2-RELAY;M20B-EVID-005300-P2-FUNC || edge=M20B-E003151; evidence=M20B-EVID-003151;M20B-EVID-005301-P2-RELAY;M20B-EVID-005302-P2-FUNC
NODE02204	signaling_cascade	module20_24_export	Node participates in at least one evidence-gated exported mechanism edge.
NODE02204	target_gene	register_target_gene_layer	edge=M22B-E009692; evidence=M22B-EVID-009865 || edge=M22B-E009738; evidence=M22B-EVID-009911
NODE02205	signaling_cascade	module20_24_export	Node participates in at least one evidence-gated exported mechanism edge.
NODE02206	signaling_cascade	module20_24_export	Node participates in at least one evidence-gated exported mechanism edge.
NODE02207	receptor	register_ligand_receptor_layer	edge=M20B-E003150; evidence=M20B-EVID-003150;M20B-EVID-005299-P2-RELAY;M20B-EVID-005300-P2-FUNC || edge=M20B-E005169; evidence=M20B-EVID-005169
NODE02207	signaling_cascade	module20_24_export	Node participates in at least one evidence-gated exported mechanism edge.
NODE02208	signaling_cascade	module20_24_export	Node participates in at least one evidence-gated exported mechanism edge.
NODE02209	signaling_cascade	module20_24_export	Node participates in at least one evidence-gated exported mechanism edge.
NODE02210	signaling_cascade	module20_24_export	Node participates in at least one evidence-gated exported mechanism edge.
NODE02211	receptor	register_ligand_receptor_layer	edge=M20B-E003151; evidence=M20B-EVID-003151;M20B-EVID-005301-P2-RELAY;M20B-EVID-005302-P2-FUNC || edge=M20B-E005170; evidence=M20B-EVID-005170 || edge=M20B-E005172; evidence=M20B-EVID-005172 || edge=M20B-E005175; evidence=M20B-EVID-005175
NODE02211	signaling_cascade	module20_24_export	Node participates in at least one evidence-gated exported mechanism edge.
NODE02212	signaling_cascade	module20_24_export	Node participates in at least one evidence-gated exported mechanism edge.
NODE02213	signaling_cascade	module20_24_export	Node participates in at least one evidence-gated exported mechanism edge.
NODE02214	signaling_cascade	module20_24_export	Node participates in at least one evidence-gated exported mechanism edge.
NODE02215	signaling_cascade	module20_24_export	Node participates in at least one evidence-gated exported mechanism edge.
NODE02215	target_gene	register_target_gene_layer	edge=M22B-E006681; evidence=M22B-EVID-006854 || edge=M22B-E008842; evidence=M22B-EVID-009015
NODE02216	signaling_cascade	module20_24_export	Node participates in at least one evidence-gated exported mechanism edge.
NODE02217	signaling_cascade	module20_24_export	Node participates in at least one evidence-gated exported mechanism edge.
NODE02218	signaling_cascade	module20_24_export	Node participates in at least one evidence-gated exported mechanism edge.
NODE02219	signaling_cascade	module20_24_export	Node participates in at least one evidence-gated exported mechanism edge.
NODE02220	signaling_cascade	module20_24_export	Node participates in at least one evidence-gated exported mechanism edge.
NODE02221	signaling_cascade	module20_24_export	Node participates in at least one evidence-gated exported mechanism edge.
NODE02222	signaling_cascade	module20_24_export	Node participates in at least one evidence-gated exported mechanism edge.
NODE02223	receptor	register_ligand_receptor_layer	edge=M20B-E002958; evidence=M20B-EVID-002958
NODE02223	signaling_cascade	module20_24_export	Node participates in at least one evidence-gated exported mechanism edge.
NODE02224	receptor	register_ligand_receptor_layer	edge=M20B-E005163; evidence=M20B-EVID-005163
NODE02224	signaling_cascade	module20_24_export	Node participates in at least one evidence-gated exported mechanism edge.
NODE02225	signaling_cascade	module20_24_export	Node participates in at least one evidence-gated exported mechanism edge.
NODE02226	signaling_cascade	module20_24_export	Node participates in at least one evidence-gated exported mechanism edge.
NODE02226	target_gene	register_target_gene_layer	edge=M22B-E007104; evidence=M22B-EVID-007277
NODE02227	ligand	register_ligand_receptor_layer	edge=M20B-E003162; evidence=M20B-EVID-003162
NODE02227	signaling_cascade	module20_24_export	Node participates in at least one evidence-gated exported mechanism edge.
NODE02227	target_gene	register_target_gene_layer	edge=M22B-E005801; evidence=M22B-EVID-005974 || edge=M22B-E007969; evidence=M22B-EVID-008142
NODE02228	signaling_cascade	module20_24_export	Node participates in at least one evidence-gated exported mechanism edge.
NODE02229	signaling_cascade	module20_24_export	Node participates in at least one evidence-gated exported mechanism edge.
NODE02230	ligand	register_ligand_receptor_layer	edge=M20B-E003163; evidence=M20B-EVID-003163
NODE02230	receptor	register_ligand_receptor_layer	edge=M23B-E000486; evidence=M23B-EVID-000666
NODE02230	signaling_cascade	module20_24_export	Node participates in at least one evidence-gated exported mechanism edge.
NODE02231	signaling_cascade	module20_24_export	Node participates in at least one evidence-gated exported mechanism edge.
NODE02232	signaling_cascade	module20_24_export	Node participates in at least one evidence-gated exported mechanism edge.
NODE02232	target_gene	register_target_gene_layer	edge=M22B-E009610; evidence=M22B-EVID-009783
NODE02233	signaling_cascade	module20_24_export	Node participates in at least one evidence-gated exported mechanism edge.
NODE02234	signaling_cascade	module20_24_export	Node participates in at least one evidence-gated exported mechanism edge.
NODE02235	signaling_cascade	module20_24_export	Node participates in at least one evidence-gated exported mechanism edge.
NODE02235	target_gene	register_target_gene_layer	edge=M22B-E006682; evidence=M22B-EVID-006855 || edge=M22B-E008843; evidence=M22B-EVID-009016
NODE02236	signaling_cascade	module20_24_export	Node participates in at least one evidence-gated exported mechanism edge.
NODE02236	target_gene	register_target_gene_layer	edge=M22B-E007389; evidence=M22B-EVID-007562 || edge=M22B-E009436; evidence=M22B-EVID-009609 || edge=M22B-E009835; evidence=M22B-EVID-010008
NODE02237	signaling_cascade	module20_24_export	Node participates in at least one evidence-gated exported mechanism edge.
NODE02238	signaling_cascade	module20_24_export	Node participates in at least one evidence-gated exported mechanism edge.
NODE02239	ligand	register_ligand_receptor_layer	edge=M20B-E003168; evidence=M20B-EVID-003168;M20B-EVID-005303-P2-RELAY;M20B-EVID-005304-P2-FUNC
NODE02239	signaling_cascade	module20_24_export	Node participates in at least one evidence-gated exported mechanism edge.
NODE02240	receptor	register_ligand_receptor_layer	edge=M20B-E003168; evidence=M20B-EVID-003168;M20B-EVID-005303-P2-RELAY;M20B-EVID-005304-P2-FUNC
NODE02240	signaling_cascade	module20_24_export	Node participates in at least one evidence-gated exported mechanism edge.
NODE02240	target_gene	register_target_gene_layer	edge=M22B-E006992; evidence=M22B-EVID-007165 || edge=M22B-E009633; evidence=M22B-EVID-009806 || edge=M22B-E009671; evidence=M22B-EVID-009844 || edge=M22B-E009739; evidence=M22B-EVID-009912 || edge=M22B-E009836; evidence=M22B-EVID-010009 || edge=M22B-E010211; evidence=M22B-EVID-010384 || edge=M22B-E010212; evidence=M22B-EVID-010385 || edge=M22B-E010213; evidence=M22B-EVID-010386
NODE02241	signaling_cascade	module20_24_export	Node participates in at least one evidence-gated exported mechanism edge.
NODE02242	signaling_cascade	module20_24_export	Node participates in at least one evidence-gated exported mechanism edge.
NODE02243	signaling_cascade	module20_24_export	Node participates in at least one evidence-gated exported mechanism edge.
NODE02244	signaling_cascade	module20_24_export	Node participates in at least one evidence-gated exported mechanism edge.
NODE02245	signaling_cascade	module20_24_export	Node participates in at least one evidence-gated exported mechanism edge.
NODE02246	signaling_cascade	module20_24_export	Node participates in at least one evidence-gated exported mechanism edge.
NODE02247	signaling_cascade	module20_24_export	Node participates in at least one evidence-gated exported mechanism edge.
NODE02248	signaling_cascade	module20_24_export	Node participates in at least one evidence-gated exported mechanism edge.
NODE02249	ligand	register_ligand_receptor_layer	edge=M20B-E001854; evidence=M20B-EVID-001854
NODE02249	signaling_cascade	module20_24_export	Node participates in at least one evidence-gated exported mechanism edge.
NODE02249	target_gene	register_target_gene_layer	edge=M22B-E006019; evidence=M22B-EVID-006192 || edge=M22B-E006151; evidence=M22B-EVID-006324 || edge=M22B-E006496; evidence=M22B-EVID-006669 || edge=M22B-E008185; evidence=M22B-EVID-008358 || edge=M22B-E008300; evidence=M22B-EVID-008473 || edge=M22B-E008653; evidence=M22B-EVID-008826 || edge=M22B-E009837; evidence=M22B-EVID-010010 || edge=M22B-E010094; evidence=M22B-EVID-010267
NODE02250	signaling_cascade	module20_24_export	Node participates in at least one evidence-gated exported mechanism edge.
NODE02251	signaling_cascade	module20_24_export	Node participates in at least one evidence-gated exported mechanism edge.
NODE02252	receptor	register_ligand_receptor_layer	edge=M20B-E001854; evidence=M20B-EVID-001854
NODE02252	signaling_cascade	module20_24_export	Node participates in at least one evidence-gated exported mechanism edge.
NODE02253	signaling_cascade	module20_24_export	Node participates in at least one evidence-gated exported mechanism edge.
NODE02254	signaling_cascade	module20_24_export	Node participates in at least one evidence-gated exported mechanism edge.
NODE02255	signaling_cascade	module20_24_export	Node participates in at least one evidence-gated exported mechanism edge.
NODE02256	receptor	register_ligand_receptor_layer	edge=M20B-E003984; evidence=M20B-EVID-003984;M20B-EVID-003984-P2-DIRECT;M20B-EVID-003984-P2-FUNC;M20B-EVID-003984-P2-RELAY
NODE02256	signaling_cascade	module20_24_export	Node participates in at least one evidence-gated exported mechanism edge.
NODE02257	signaling_cascade	module20_24_export	Node participates in at least one evidence-gated exported mechanism edge.
NODE02257	target_gene	register_target_gene_layer	edge=M22B-E009634; evidence=M22B-EVID-009807
NODE02258	signaling_cascade	module20_24_export	Node participates in at least one evidence-gated exported mechanism edge.
NODE02259	signaling_cascade	module20_24_export	Node participates in at least one evidence-gated exported mechanism edge.
NODE02260	signaling_cascade	module20_24_export	Node participates in at least one evidence-gated exported mechanism edge.
NODE02260	target_gene	register_target_gene_layer	edge=M22B-E005802; evidence=M22B-EVID-005975 || edge=M22B-E006020; evidence=M22B-EVID-006193 || edge=M22B-E007970; evidence=M22B-EVID-008143 || edge=M22B-E008186; evidence=M22B-EVID-008359
NODE02261	signaling_cascade	module20_24_export	Node participates in at least one evidence-gated exported mechanism edge.
NODE02262	signaling_cascade	module20_24_export	Node participates in at least one evidence-gated exported mechanism edge.
NODE02263	signaling_cascade	module20_24_export	Node participates in at least one evidence-gated exported mechanism edge.
NODE02264	signaling_cascade	module20_24_export	Node participates in at least one evidence-gated exported mechanism edge.
NODE02265	signaling_cascade	module20_24_export	Node participates in at least one evidence-gated exported mechanism edge.
NODE02266	signaling_cascade	module20_24_export	Node participates in at least one evidence-gated exported mechanism edge.
NODE02267	signaling_cascade	module20_24_export	Node participates in at least one evidence-gated exported mechanism edge.
NODE02267	target_gene	register_target_gene_layer	edge=M22B-E005803; evidence=M22B-EVID-005976
NODE02268	signaling_cascade	module20_24_export	Node participates in at least one evidence-gated exported mechanism edge.
NODE02269	signaling_cascade	module20_24_export	Node participates in at least one evidence-gated exported mechanism edge.
NODE02270	signaling_cascade	module20_24_export	Node participates in at least one evidence-gated exported mechanism edge.
NODE02271	signaling_cascade	module20_24_export	Node participates in at least one evidence-gated exported mechanism edge.
NODE02271	target_gene	register_target_gene_layer	edge=M22B-E000457; evidence=M22B-EVID-000072
NODE02272	signaling_cascade	module20_24_export	Node participates in at least one evidence-gated exported mechanism edge.
NODE02273	signaling_cascade	module20_24_export	Node participates in at least one evidence-gated exported mechanism edge.
NODE02274	signaling_cascade	module20_24_export	Node participates in at least one evidence-gated exported mechanism edge.
NODE02275	signaling_cascade	module20_24_export	Node participates in at least one evidence-gated exported mechanism edge.
NODE02276	signaling_cascade	module20_24_export	Node participates in at least one evidence-gated exported mechanism edge.
NODE02276	target_gene	register_target_gene_layer	edge=M22B-E006021; evidence=M22B-EVID-006194 || edge=M22B-E007105; evidence=M22B-EVID-007278 || edge=M22B-E008187; evidence=M22B-EVID-008360
NODE02277	signaling_cascade	module20_24_export	Node participates in at least one evidence-gated exported mechanism edge.
NODE02278	signaling_cascade	module20_24_export	Node participates in at least one evidence-gated exported mechanism edge.
NODE02279	signaling_cascade	module20_24_export	Node participates in at least one evidence-gated exported mechanism edge.
NODE02279	target_gene	register_target_gene_layer	edge=M22B-E006022; evidence=M22B-EVID-006195 || edge=M22B-E008188; evidence=M22B-EVID-008361
NODE02280	signaling_cascade	module20_24_export	Node participates in at least one evidence-gated exported mechanism edge.
NODE02280	target_gene	register_target_gene_layer	edge=M22B-E006023; evidence=M22B-EVID-006196 || edge=M22B-E008189; evidence=M22B-EVID-008362
NODE02281	signaling_cascade	module20_24_export	Node participates in at least one evidence-gated exported mechanism edge.
NODE02282	signaling_cascade	module20_24_export	Node participates in at least one evidence-gated exported mechanism edge.
NODE02283	signaling_cascade	module20_24_export	Node participates in at least one evidence-gated exported mechanism edge.
NODE02284	signaling_cascade	module20_24_export	Node participates in at least one evidence-gated exported mechanism edge.
NODE02285	signaling_cascade	module20_24_export	Node participates in at least one evidence-gated exported mechanism edge.
NODE02286	signaling_cascade	module20_24_export	Node participates in at least one evidence-gated exported mechanism edge.
NODE02287	ligand	register_ligand_receptor_layer	edge=M23B-E000400; evidence=M23B-EVID-000573
NODE02287	receptor	register_ligand_receptor_layer	edge=M23B-E001202; evidence=M23B-EVID-EXPAND23A-146
NODE02287	signaling_cascade	module20_24_export	Node participates in at least one evidence-gated exported mechanism edge.
NODE02288	signaling_cascade	module20_24_export	Node participates in at least one evidence-gated exported mechanism edge.
NODE02289	signaling_cascade	module20_24_export	Node participates in at least one evidence-gated exported mechanism edge.
NODE02290	signaling_cascade	module20_24_export	Node participates in at least one evidence-gated exported mechanism edge.
NODE02291	signaling_cascade	module20_24_export	Node participates in at least one evidence-gated exported mechanism edge.
NODE02291	target_gene	register_target_gene_layer	edge=M22B-E005804; evidence=M22B-EVID-005977 || edge=M22B-E007971; evidence=M22B-EVID-008144
NODE02292	signaling_cascade	module20_24_export	Node participates in at least one evidence-gated exported mechanism edge.
NODE02292	target_gene	register_target_gene_layer	edge=M22B-E009838; evidence=M22B-EVID-010011
NODE02293	signaling_cascade	module20_24_export	Node participates in at least one evidence-gated exported mechanism edge.
NODE02293	target_gene	register_target_gene_layer	edge=M22B-E006683; evidence=M22B-EVID-006856
NODE02294	signaling_cascade	module20_24_export	Node participates in at least one evidence-gated exported mechanism edge.
NODE02294	target_gene	register_target_gene_layer	edge=M22B-E006152; evidence=M22B-EVID-006325 || edge=M22B-E006497; evidence=M22B-EVID-006670 || edge=M22B-E008301; evidence=M22B-EVID-008474 || edge=M22B-E008654; evidence=M22B-EVID-008827
NODE02295	signaling_cascade	module20_24_export	Node participates in at least one evidence-gated exported mechanism edge.
NODE02295	target_gene	register_target_gene_layer	edge=M22B-E006684; evidence=M22B-EVID-006857 || edge=M22B-E008844; evidence=M22B-EVID-009017
NODE02296	signaling_cascade	module20_24_export	Node participates in at least one evidence-gated exported mechanism edge.
NODE02297	signaling_cascade	module20_24_export	Node participates in at least one evidence-gated exported mechanism edge.
NODE02297	transcription_factor	register_target_gene_layer	edge=M22B-E010222; evidence=M22B-EVID-010395 || edge=M22B-E010443; evidence=M22B-EVID-010610 || edge=M22B-E010444; evidence=M22B-EVID-010610 || edge=M22B-E010445; evidence=M22B-EVID-010610 || edge=M22B-E010446; evidence=M22B-EVID-010610 || edge=M22B-E010447; evidence=M22B-EVID-010610 || edge=M22B-E010448; evidence=M22B-EVID-010611 || edge=M22B-E010449; evidence=M22B-EVID-010611 || edge=M22B-E010450; evidence=M22B-EVID-010611 || edge=M22B-E010451; evidence=M22B-EVID-010611 || edge=M22B-E010452; evidence=M22B-EVID-010611 || edge=M22B-E010453; evidence=M22B-EVID-010611 || edge=M22B-E010454; evidence=M22B-EVID-010611 || edge=M22B-E010455; evidence=M22B-EVID-010612 || edge=M22B-E010456; evidence=M22B-EVID-010612 || edge=M22B-E010458; evidence=M22B-EVID-010613 || edge=M22B-E010459; evidence=M22B-EVID-010613 || edge=M22B-E010460; evidence=M22B-EVID-010613 || edge=M22B-E010461; evidence=M22B-EVID-010613 || edge=M22B-E010462; evidence=M22B-EVID-010613 || edge=M22B-E010463; evidence=M22B-EVID-010613 || edge=M22B-E010464; evidence=M22B-EVID-010613 || edge=M22B-E010465; evidence=M22B-EVID-010613 || edge=M22B-E010466; evidence=M22B-EVID-010613 || edge=M22B-E010467; evidence=M22B-EVID-010613 || edge=M22B-E010468; evidence=M22B-EVID-010613 || edge=M22B-E010469; evidence=M22B-EVID-010613 || edge=M22B-E010470; evidence=M22B-EVID-010613 || edge=M22B-E010471; evidence=M22B-EVID-010613 || edge=M22B-E010477; evidence=M22B-EVID-010615 || edge=M22B-E010478; evidence=M22B-EVID-010615 || edge=M22B-E010479; evidence=M22B-EVID-010615 || edge=M22B-E010480; evidence=M22B-EVID-010616 || edge=M22B-E010481; evidence=M22B-EVID-010616 || edge=M22B-E010482; evidence=M22B-EVID-010616 || edge=M22B-E010483; evidence=M22B-EVID-010616 || edge=M22B-E010484; evidence=M22B-EVID-010616 || edge=M22B-E010485; evidence=M22B-EVID-010617 || edge=M22B-E010486; evidence=M22B-EVID-010617 || edge=M22B-E010487; evidence=M22B-EVID-010617 || edge=M22B-E010488; evidence=M22B-EVID-010617 || edge=M22B-E010489; evidence=M22B-EVID-010617 || edge=M22B-E010490; evidence=M22B-EVID-010617 || edge=M22B-E010491; evidence=M22B-EVID-010617 || edge=M22B-E010492; evidence=M22B-EVID-010617 || edge=M22B-E010493; evidence=M22B-EVID-010618 || edge=M22B-E010494; evidence=M22B-EVID-010618 || edge=M22B-E010495; evidence=M22B-EVID-010618 || edge=M22B-E010496; evidence=M22B-EVID-010618 || edge=M22B-E010497; evidence=M22B-EVID-010618 || edge=M22B-E010498; evidence=M22B-EVID-010618 || edge=M22B-E010499; evidence=M22B-EVID-010618 || edge=M22B-E010555; evidence=M22B-EVID-010657 || edge=M22B-E010695; evidence=M22B-EVID-010614 || edge=M22B-E010696; evidence=M22B-EVID-010614 || edge=M22B-E010697; evidence=M22B-EVID-010614 || edge=M22B-E010698; evidence=M22B-EVID-010614 || edge=M22B-E010699; evidence=M22B-EVID-010614 || edge=M22B-E010700; evidence=M22B-EVID-010614 || edge=M22B-E010701; evidence=M22B-EVID-010614 || edge=M22B-E010702; evidence=M22B-EVID-010614
NODE02298	ligand	register_ligand_receptor_layer	edge=M20B-E003178; evidence=M20B-EVID-003178
NODE02298	signaling_cascade	module20_24_export	Node participates in at least one evidence-gated exported mechanism edge.
NODE02299	signaling_cascade	module20_24_export	Node participates in at least one evidence-gated exported mechanism edge.
NODE02299	target_gene	register_target_gene_layer	edge=M22B-E009407; evidence=M22B-EVID-009580 || edge=M22B-E009437; evidence=M22B-EVID-009610 || edge=M22B-E009537; evidence=M22B-EVID-009710 || edge=M22B-E009672; evidence=M22B-EVID-009845 || edge=M22B-E009716; evidence=M22B-EVID-009889 || edge=M22B-E009947; evidence=M22B-EVID-010120 || edge=M22B-E009948; evidence=M22B-EVID-010121 || edge=M22B-E010125; evidence=M22B-EVID-010298
NODE02300	signaling_cascade	module20_24_export	Node participates in at least one evidence-gated exported mechanism edge.
NODE02300	target_gene	register_target_gene_layer	edge=M22B-E000392; evidence=M22B-EVID-000022
NODE02301	ligand	register_ligand_receptor_layer	edge=M20B-E003179; evidence=M20B-EVID-003179 || edge=M20B-E003180; evidence=M20B-EVID-003180 || edge=M20B-E003181; evidence=M20B-EVID-003181 || edge=M20B-E003182; evidence=M20B-EVID-003182
NODE02301	signaling_cascade	module20_24_export	Node participates in at least one evidence-gated exported mechanism edge.
NODE02302	receptor	register_ligand_receptor_layer	edge=M20B-E002914; evidence=M20B-EVID-002914 || edge=M20B-E002916; evidence=M20B-EVID-002916
NODE02302	signaling_cascade	module20_24_export	Node participates in at least one evidence-gated exported mechanism edge.
NODE02303	signaling_cascade	module20_24_export	Node participates in at least one evidence-gated exported mechanism edge.
NODE02304	signaling_cascade	module20_24_export	Node participates in at least one evidence-gated exported mechanism edge.
NODE02305	signaling_cascade	module20_24_export	Node participates in at least one evidence-gated exported mechanism edge.
NODE02306	signaling_cascade	module20_24_export	Node participates in at least one evidence-gated exported mechanism edge.
NODE02306	target_gene	register_target_gene_layer	edge=M22B-E005740; evidence=M22B-EVID-005913 || edge=M22B-E005874; evidence=M22B-EVID-006047 || edge=M22B-E008044; evidence=M22B-EVID-008217
NODE02306	transcription_factor	register_target_gene_layer	edge=M22B-E000140; evidence=M22B-EVID-000164 || edge=M22B-E009953; evidence=M22B-EVID-010126 || edge=M22B-E009954; evidence=M22B-EVID-010127 || edge=M22B-E010407; evidence=M22B-EVID-010579
NODE02307	signaling_cascade	module20_24_export	Node participates in at least one evidence-gated exported mechanism edge.
NODE02308	signaling_cascade	module20_24_export	Node participates in at least one evidence-gated exported mechanism edge.
NODE02309	signaling_cascade	module20_24_export	Node participates in at least one evidence-gated exported mechanism edge.
NODE02310	signaling_cascade	module20_24_export	Node participates in at least one evidence-gated exported mechanism edge.
NODE02311	signaling_cascade	module20_24_export	Node participates in at least one evidence-gated exported mechanism edge.
NODE02312	signaling_cascade	module20_24_export	Node participates in at least one evidence-gated exported mechanism edge.
NODE02313	signaling_cascade	module20_24_export	Node participates in at least one evidence-gated exported mechanism edge.
NODE02314	signaling_cascade	module20_24_export	Node participates in at least one evidence-gated exported mechanism edge.
NODE02315	signaling_cascade	module20_24_export	Node participates in at least one evidence-gated exported mechanism edge.
NODE02316	signaling_cascade	module20_24_export	Node participates in at least one evidence-gated exported mechanism edge.
NODE02316	target_gene	register_target_gene_layer	edge=M22B-E006024; evidence=M22B-EVID-006197 || edge=M22B-E007390; evidence=M22B-EVID-007563 || edge=M22B-E008190; evidence=M22B-EVID-008363
NODE02317	signaling_cascade	module20_24_export	Node participates in at least one evidence-gated exported mechanism edge.
NODE02318	signaling_cascade	module20_24_export	Node participates in at least one evidence-gated exported mechanism edge.
NODE02319	signaling_cascade	module20_24_export	Node participates in at least one evidence-gated exported mechanism edge.
NODE02319	target_gene	register_target_gene_layer	edge=M22B-E007106; evidence=M22B-EVID-007279 || edge=M22B-E007729; evidence=M22B-EVID-007902 || edge=M22B-E009169; evidence=M22B-EVID-009342
NODE02320	signaling_cascade	module20_24_export	Node participates in at least one evidence-gated exported mechanism edge.
NODE02320	target_gene	register_target_gene_layer	edge=M22B-E009839; evidence=M22B-EVID-010012
NODE02321	signaling_cascade	module20_24_export	Node participates in at least one evidence-gated exported mechanism edge.
NODE02321	target_gene	register_target_gene_layer	edge=M22B-E006685; evidence=M22B-EVID-006858 || edge=M22B-E008845; evidence=M22B-EVID-009018
NODE02322	signaling_cascade	module20_24_export	Node participates in at least one evidence-gated exported mechanism edge.
NODE02323	signaling_cascade	module20_24_export	Node participates in at least one evidence-gated exported mechanism edge.
NODE02323	target_gene	register_target_gene_layer	edge=M22B-E009740; evidence=M22B-EVID-009913 || edge=M22B-E010075; evidence=M22B-EVID-010248
NODE02324	signaling_cascade	module20_24_export	Node participates in at least one evidence-gated exported mechanism edge.
NODE02324	target_gene	register_target_gene_layer	edge=M22B-E006153; evidence=M22B-EVID-006326 || edge=M22B-E006498; evidence=M22B-EVID-006671 || edge=M22B-E007107; evidence=M22B-EVID-007280 || edge=M22B-E007391; evidence=M22B-EVID-007564
NODE02325	signaling_cascade	module20_24_export	Node participates in at least one evidence-gated exported mechanism edge.
NODE02326	signaling_cascade	module20_24_export	Node participates in at least one evidence-gated exported mechanism edge.
NODE02327	signaling_cascade	module20_24_export	Node participates in at least one evidence-gated exported mechanism edge.
NODE02328	signaling_cascade	module20_24_export	Node participates in at least one evidence-gated exported mechanism edge.
NODE02329	signaling_cascade	module20_24_export	Node participates in at least one evidence-gated exported mechanism edge.
NODE02330	signaling_cascade	module20_24_export	Node participates in at least one evidence-gated exported mechanism edge.
NODE02330	target_gene	register_target_gene_layer	edge=M22B-E007730; evidence=M22B-EVID-007903
NODE02331	ligand	register_ligand_receptor_layer	edge=M20B-E005357; evidence=M20B-EVID-005357 || edge=M23B-E000406; evidence=M23B-EVID-000579 || edge=M23B-E000409; evidence=M23B-EVID-000582
NODE02331	signaling_cascade	module20_24_export	Node participates in at least one evidence-gated exported mechanism edge.
NODE02331	target_gene	register_target_gene_layer	edge=M22B-E007392; evidence=M22B-EVID-007565 || edge=M22B-E007731; evidence=M22B-EVID-007904
NODE02332	signaling_cascade	module20_24_export	Node participates in at least one evidence-gated exported mechanism edge.
NODE02333	signaling_cascade	module20_24_export	Node participates in at least one evidence-gated exported mechanism edge.
NODE02334	ligand	register_ligand_receptor_layer	edge=M23B-E000403; evidence=M23B-EVID-000576
NODE02334	signaling_cascade	module20_24_export	Node participates in at least one evidence-gated exported mechanism edge.
NODE02335	signaling_cascade	module20_24_export	Node participates in at least one evidence-gated exported mechanism edge.
NODE02336	signaling_cascade	module20_24_export	Node participates in at least one evidence-gated exported mechanism edge.
NODE02337	signaling_cascade	module20_24_export	Node participates in at least one evidence-gated exported mechanism edge.
NODE02338	receptor	register_ligand_receptor_layer	edge=M20B-E005357; evidence=M20B-EVID-005357 || edge=M23B-E000403; evidence=M23B-EVID-000576
NODE02338	signaling_cascade	module20_24_export	Node participates in at least one evidence-gated exported mechanism edge.
NODE02339	signaling_cascade	module20_24_export	Node participates in at least one evidence-gated exported mechanism edge.
NODE02340	signaling_cascade	module20_24_export	Node participates in at least one evidence-gated exported mechanism edge.
NODE02341	signaling_cascade	module20_24_export	Node participates in at least one evidence-gated exported mechanism edge.
NODE02341	target_gene	register_target_gene_layer	edge=M22B-E007108; evidence=M22B-EVID-007281 || edge=M22B-E008846; evidence=M22B-EVID-009019 || edge=M22B-E009390; evidence=M22B-EVID-009563
NODE02342	signaling_cascade	module20_24_export	Node participates in at least one evidence-gated exported mechanism edge.
NODE02343	signaling_cascade	module20_24_export	Node participates in at least one evidence-gated exported mechanism edge.
NODE02344	ligand	register_ligand_receptor_layer	edge=M20B-E005361; evidence=M20B-EVID-005361
NODE02344	signaling_cascade	module20_24_export	Node participates in at least one evidence-gated exported mechanism edge.
NODE02344	target_gene	register_target_gene_layer	edge=M22B-E005763; evidence=M22B-EVID-005936
NODE02345	signaling_cascade	module20_24_export	Node participates in at least one evidence-gated exported mechanism edge.
NODE02346	signaling_cascade	module20_24_export	Node participates in at least one evidence-gated exported mechanism edge.
NODE02347	signaling_cascade	module20_24_export	Node participates in at least one evidence-gated exported mechanism edge.
NODE02348	signaling_cascade	module20_24_export	Node participates in at least one evidence-gated exported mechanism edge.
NODE02349	signaling_cascade	module20_24_export	Node participates in at least one evidence-gated exported mechanism edge.
NODE02349	target_gene	register_target_gene_layer	edge=M22B-E007393; evidence=M22B-EVID-007566 || edge=M22B-E009723; evidence=M22B-EVID-009896
NODE02350	signaling_cascade	module20_24_export	Node participates in at least one evidence-gated exported mechanism edge.
NODE02351	ligand	register_ligand_receptor_layer	edge=M20B-E003210; evidence=M20B-EVID-003210 || edge=M20B-E005362; evidence=M20B-EVID-005362 || edge=M20B-E005363; evidence=M20B-EVID-005363
NODE02351	signaling_cascade	module20_24_export	Node participates in at least one evidence-gated exported mechanism edge.
NODE02351	target_gene	register_target_gene_layer	edge=M22B-E006338; evidence=M22B-EVID-006511 || edge=M22B-E008489; evidence=M22B-EVID-008662
NODE02352	signaling_cascade	module20_24_export	Node participates in at least one evidence-gated exported mechanism edge.
NODE02353	signaling_cascade	module20_24_export	Node participates in at least one evidence-gated exported mechanism edge.
NODE02354	signaling_cascade	module20_24_export	Node participates in at least one evidence-gated exported mechanism edge.
NODE02355	signaling_cascade	module20_24_export	Node participates in at least one evidence-gated exported mechanism edge.
NODE02356	signaling_cascade	module20_24_export	Node participates in at least one evidence-gated exported mechanism edge.
NODE02357	signaling_cascade	module20_24_export	Node participates in at least one evidence-gated exported mechanism edge.
NODE02358	ligand	register_ligand_receptor_layer	edge=M23B-E000412; evidence=M23B-EVID-000585 || edge=M23B-E000415; evidence=M23B-EVID-000588 || edge=M23B-E000418; evidence=M23B-EVID-000591 || edge=M23B-E000423; evidence=M23B-EVID-000597
NODE02358	signaling_cascade	module20_24_export	Node participates in at least one evidence-gated exported mechanism edge.
NODE02359	signaling_cascade	module20_24_export	Node participates in at least one evidence-gated exported mechanism edge.
NODE02360	signaling_cascade	module20_24_export	Node participates in at least one evidence-gated exported mechanism edge.
NODE02361	signaling_cascade	module20_24_export	Node participates in at least one evidence-gated exported mechanism edge.
NODE02362	ligand	register_ligand_receptor_layer	edge=M20B-E003217; evidence=M20B-EVID-003217
NODE02362	signaling_cascade	module20_24_export	Node participates in at least one evidence-gated exported mechanism edge.
NODE02362	target_gene	register_target_gene_layer	edge=M22B-E009538; evidence=M22B-EVID-009711
NODE02363	ligand	register_ligand_receptor_layer	edge=M20B-E005366; evidence=M20B-EVID-005366
NODE02363	signaling_cascade	module20_24_export	Node participates in at least one evidence-gated exported mechanism edge.
NODE02364	ligand	register_ligand_receptor_layer	edge=M23B-E000426; evidence=M23B-EVID-000600
NODE02364	signaling_cascade	module20_24_export	Node participates in at least one evidence-gated exported mechanism edge.
NODE02365	signaling_cascade	module20_24_export	Node participates in at least one evidence-gated exported mechanism edge.
NODE02366	signaling_cascade	module20_24_export	Node participates in at least one evidence-gated exported mechanism edge.
NODE02367	ligand	register_ligand_receptor_layer	edge=M20B-E005368; evidence=M20B-EVID-005368
NODE02367	signaling_cascade	module20_24_export	Node participates in at least one evidence-gated exported mechanism edge.
NODE02367	target_gene	register_target_gene_layer	edge=M22B-E006686; evidence=M22B-EVID-006859 || edge=M22B-E008847; evidence=M22B-EVID-009020 || edge=M22B-E009649; evidence=M22B-EVID-009822 || edge=M22B-E009741; evidence=M22B-EVID-009914 || edge=M22B-E010093; evidence=M22B-EVID-010266
NODE02368	signaling_cascade	module20_24_export	Node participates in at least one evidence-gated exported mechanism edge.
NODE02369	signaling_cascade	module20_24_export	Node participates in at least one evidence-gated exported mechanism edge.
NODE02370	ligand	register_ligand_receptor_layer	edge=M20B-E000398; evidence=M20B-EVID-000398
NODE02370	signaling_cascade	module20_24_export	Node participates in at least one evidence-gated exported mechanism edge.
NODE02371	signaling_cascade	module20_24_export	Node participates in at least one evidence-gated exported mechanism edge.
NODE02372	ligand	register_ligand_receptor_layer	edge=M20B-E005370; evidence=M20B-EVID-005370
NODE02372	signaling_cascade	module20_24_export	Node participates in at least one evidence-gated exported mechanism edge.
NODE02372	target_gene	register_target_gene_layer	edge=M22B-E007109; evidence=M22B-EVID-007282
NODE02373	signaling_cascade	module20_24_export	Node participates in at least one evidence-gated exported mechanism edge.
NODE02374	signaling_cascade	module20_24_export	Node participates in at least one evidence-gated exported mechanism edge.
NODE02375	signaling_cascade	module20_24_export	Node participates in at least one evidence-gated exported mechanism edge.
NODE02376	signaling_cascade	module20_24_export	Node participates in at least one evidence-gated exported mechanism edge.
NODE02377	signaling_cascade	module20_24_export	Node participates in at least one evidence-gated exported mechanism edge.
NODE02378	signaling_cascade	module20_24_export	Node participates in at least one evidence-gated exported mechanism edge.
NODE02379	signaling_cascade	module20_24_export	Node participates in at least one evidence-gated exported mechanism edge.
NODE02379	target_gene	register_target_gene_layer	edge=M22B-E005805; evidence=M22B-EVID-005978 || edge=M22B-E006154; evidence=M22B-EVID-006327 || edge=M22B-E006499; evidence=M22B-EVID-006672 || edge=M22B-E006976; evidence=M22B-EVID-007149 || edge=M22B-E007394; evidence=M22B-EVID-007567 || edge=M22B-E009372; evidence=M22B-EVID-009545 || edge=M22B-E009962; evidence=M22B-EVID-010135
NODE02380	signaling_cascade	module20_24_export	Node participates in at least one evidence-gated exported mechanism edge.
NODE02381	signaling_cascade	module20_24_export	Node participates in at least one evidence-gated exported mechanism edge.
NODE02382	signaling_cascade	module20_24_export	Node participates in at least one evidence-gated exported mechanism edge.
NODE02382	target_gene	register_target_gene_layer	edge=M22B-E007395; evidence=M22B-EVID-007568
NODE02383	signaling_cascade	module20_24_export	Node participates in at least one evidence-gated exported mechanism edge.
NODE02384	signaling_cascade	module20_24_export	Node participates in at least one evidence-gated exported mechanism edge.
NODE02384	target_gene	register_target_gene_layer	edge=M22B-E010215; evidence=M22B-EVID-010388
NODE02385	signaling_cascade	module20_24_export	Node participates in at least one evidence-gated exported mechanism edge.
NODE02386	receptor	register_ligand_receptor_layer	edge=M20B-E000398; evidence=M20B-EVID-000398 || edge=M20B-E005368; evidence=M20B-EVID-005368 || edge=M20B-E005370; evidence=M20B-EVID-005370
NODE02386	signaling_cascade	module20_24_export	Node participates in at least one evidence-gated exported mechanism edge.
NODE02386	target_gene	register_target_gene_layer	edge=M22B-E010222; evidence=M22B-EVID-010395 || edge=M22B-E010223; evidence=M22B-EVID-010396
NODE02387	signaling_cascade	module20_24_export	Node participates in at least one evidence-gated exported mechanism edge.
NODE02388	signaling_cascade	module20_24_export	Node participates in at least one evidence-gated exported mechanism edge.
NODE02389	signaling_cascade	module20_24_export	Node participates in at least one evidence-gated exported mechanism edge.
NODE02390	receptor	register_ligand_receptor_layer	edge=M20B-E002822; evidence=M20B-EVID-002822 || edge=M20B-E005361; evidence=M20B-EVID-005361
NODE02390	signaling_cascade	module20_24_export	Node participates in at least one evidence-gated exported mechanism edge.
NODE02390	target_gene	register_target_gene_layer	edge=M22B-E010220; evidence=M22B-EVID-010393 || edge=M22B-E010221; evidence=M22B-EVID-010394
NODE02391	signaling_cascade	module20_24_export	Node participates in at least one evidence-gated exported mechanism edge.
NODE02392	signaling_cascade	module20_24_export	Node participates in at least one evidence-gated exported mechanism edge.
NODE02393	signaling_cascade	module20_24_export	Node participates in at least one evidence-gated exported mechanism edge.
NODE02394	signaling_cascade	module20_24_export	Node participates in at least one evidence-gated exported mechanism edge.
NODE02395	receptor	register_ligand_receptor_layer	edge=M20B-E003217; evidence=M20B-EVID-003217 || edge=M20B-E005363; evidence=M20B-EVID-005363
NODE02395	signaling_cascade	module20_24_export	Node participates in at least one evidence-gated exported mechanism edge.
NODE02395	target_gene	register_target_gene_layer	edge=M22B-E006025; evidence=M22B-EVID-006198 || edge=M22B-E006339; evidence=M22B-EVID-006512 || edge=M22B-E006687; evidence=M22B-EVID-006860
NODE02396	signaling_cascade	module20_24_export	Node participates in at least one evidence-gated exported mechanism edge.
NODE02397	signaling_cascade	module20_24_export	Node participates in at least one evidence-gated exported mechanism edge.
NODE02398	signaling_cascade	module20_24_export	Node participates in at least one evidence-gated exported mechanism edge.
NODE02399	signaling_cascade	module20_24_export	Node participates in at least one evidence-gated exported mechanism edge.
NODE02400	signaling_cascade	module20_24_export	Node participates in at least one evidence-gated exported mechanism edge.
NODE02401	signaling_cascade	module20_24_export	Node participates in at least one evidence-gated exported mechanism edge.
NODE02402	signaling_cascade	module20_24_export	Node participates in at least one evidence-gated exported mechanism edge.
NODE02403	receptor	register_ligand_receptor_layer	edge=M20B-E005366; evidence=M20B-EVID-005366 || edge=M23B-E000426; evidence=M23B-EVID-000600
NODE02403	signaling_cascade	module20_24_export	Node participates in at least one evidence-gated exported mechanism edge.
NODE02404	signaling_cascade	module20_24_export	Node participates in at least one evidence-gated exported mechanism edge.
NODE02404	target_gene	register_target_gene_layer	edge=M22B-E006688; evidence=M22B-EVID-006861 || edge=M22B-E008848; evidence=M22B-EVID-009021
NODE02405	signaling_cascade	module20_24_export	Node participates in at least one evidence-gated exported mechanism edge.
NODE02406	signaling_cascade	module20_24_export	Node participates in at least one evidence-gated exported mechanism edge.
NODE02406	target_gene	register_target_gene_layer	edge=M22B-E006453; evidence=M22B-EVID-006626 || edge=M22B-E007396; evidence=M22B-EVID-007569 || edge=M22B-E008603; evidence=M22B-EVID-008776
NODE02407	signaling_cascade	module20_24_export	Node participates in at least one evidence-gated exported mechanism edge.
NODE02408	signaling_cascade	module20_24_export	Node participates in at least one evidence-gated exported mechanism edge.
NODE02408	target_gene	register_target_gene_layer	edge=M22B-E000046; evidence=M22B-EVID-000336
NODE02409	signaling_cascade	module20_24_export	Node participates in at least one evidence-gated exported mechanism edge.
NODE02410	signaling_cascade	module20_24_export	Node participates in at least one evidence-gated exported mechanism edge.
NODE02411	signaling_cascade	module20_24_export	Node participates in at least one evidence-gated exported mechanism edge.
NODE02412	signaling_cascade	module20_24_export	Node participates in at least one evidence-gated exported mechanism edge.
NODE02412	target_gene	register_target_gene_layer	edge=M22B-E006340; evidence=M22B-EVID-006513 || edge=M22B-E008490; evidence=M22B-EVID-008663
NODE02413	signaling_cascade	module20_24_export	Node participates in at least one evidence-gated exported mechanism edge.
NODE02414	signaling_cascade	module20_24_export	Node participates in at least one evidence-gated exported mechanism edge.
NODE02415	signaling_cascade	module20_24_export	Node participates in at least one evidence-gated exported mechanism edge.
NODE02415	target_gene	register_target_gene_layer	edge=M22B-E000287; evidence=M22B-EVID-000095 || edge=M22B-E006500; evidence=M22B-EVID-006673 || edge=M22B-E007110; evidence=M22B-EVID-007283 || edge=M22B-E008655; evidence=M22B-EVID-008828
NODE02416	signaling_cascade	module20_24_export	Node participates in at least one evidence-gated exported mechanism edge.
NODE02416	target_gene	register_target_gene_layer	edge=M22B-E000291; evidence=M22B-EVID-000103 || edge=M22B-E005776; evidence=M22B-EVID-005949
NODE02417	signaling_cascade	module20_24_export	Node participates in at least one evidence-gated exported mechanism edge.
NODE02417	target_gene	register_target_gene_layer	edge=M22B-E000292; evidence=M22B-EVID-000097 || edge=M22B-E005765; evidence=M22B-EVID-005938
NODE02418	signaling_cascade	module20_24_export	Node participates in at least one evidence-gated exported mechanism edge.
NODE02418	target_gene	register_target_gene_layer	edge=M22B-E007111; evidence=M22B-EVID-007284
NODE02419	signaling_cascade	module20_24_export	Node participates in at least one evidence-gated exported mechanism edge.
NODE02419	target_gene	register_target_gene_layer	edge=M22B-E000167; evidence=M22B-EVID-000105 || edge=M22B-E000169; evidence=M22B-EVID-000106 || edge=M22B-E005806; evidence=M22B-EVID-005979 || edge=M22B-E007112; evidence=M22B-EVID-007285 || edge=M22B-E007397; evidence=M22B-EVID-007570 || edge=M22B-E007972; evidence=M22B-EVID-008145 || edge=M22B-E008656; evidence=M22B-EVID-008829 || edge=M22B-E009927; evidence=M22B-EVID-010100
NODE02420	signaling_cascade	module20_24_export	Node participates in at least one evidence-gated exported mechanism edge.
NODE02420	target_gene	register_target_gene_layer	edge=M22B-E007113; evidence=M22B-EVID-007286
NODE02421	signaling_cascade	module20_24_export	Node participates in at least one evidence-gated exported mechanism edge.
NODE02421	target_gene	register_target_gene_layer	edge=M22B-E010236; evidence=M22B-EVID-010409
NODE02422	signaling_cascade	module20_24_export	Node participates in at least one evidence-gated exported mechanism edge.
NODE02422	target_gene	register_target_gene_layer	edge=M22B-E010237; evidence=M22B-EVID-010410
NODE02423	signaling_cascade	module20_24_export	Node participates in at least one evidence-gated exported mechanism edge.
NODE02423	target_gene	register_target_gene_layer	edge=M22B-E000483; evidence=M22B-EVID-000443 || edge=M22B-E007732; evidence=M22B-EVID-007905 || edge=M22B-E009170; evidence=M22B-EVID-009343
NODE02424	signaling_cascade	module20_24_export	Node participates in at least one evidence-gated exported mechanism edge.
NODE02424	target_gene	register_target_gene_layer	edge=M22B-E010086; evidence=M22B-EVID-010259
NODE02425	signaling_cascade	module20_24_export	Node participates in at least one evidence-gated exported mechanism edge.
NODE02425	target_gene	register_target_gene_layer	edge=M22B-E010088; evidence=M22B-EVID-010261
NODE02426	signaling_cascade	module20_24_export	Node participates in at least one evidence-gated exported mechanism edge.
NODE02426	target_gene	register_target_gene_layer	edge=M22B-E007114; evidence=M22B-EVID-007287
NODE02427	signaling_cascade	module20_24_export	Node participates in at least one evidence-gated exported mechanism edge.
NODE02427	target_gene	register_target_gene_layer	edge=M22B-E008045; evidence=M22B-EVID-008218
NODE02428	signaling_cascade	module20_24_export	Node participates in at least one evidence-gated exported mechanism edge.
NODE02428	target_gene	register_target_gene_layer	edge=M22B-E005875; evidence=M22B-EVID-006048 || edge=M22B-E009924; evidence=M22B-EVID-010097
NODE02429	signaling_cascade	module20_24_export	Node participates in at least one evidence-gated exported mechanism edge.
NODE02429	target_gene	register_target_gene_layer	edge=M22B-E009928; evidence=M22B-EVID-010101 || edge=M22B-E009929; evidence=M22B-EVID-010102
NODE02430	signaling_cascade	module20_24_export	Node participates in at least one evidence-gated exported mechanism edge.
NODE02430	target_gene	register_target_gene_layer	edge=M22B-E007115; evidence=M22B-EVID-007288
NODE02431	signaling_cascade	module20_24_export	Node participates in at least one evidence-gated exported mechanism edge.
NODE02431	target_gene	register_target_gene_layer	edge=M22B-E006501; evidence=M22B-EVID-006674
NODE02432	signaling_cascade	module20_24_export	Node participates in at least one evidence-gated exported mechanism edge.
NODE02432	target_gene	register_target_gene_layer	edge=M22B-E008657; evidence=M22B-EVID-008830
NODE02433	signaling_cascade	module20_24_export	Node participates in at least one evidence-gated exported mechanism edge.
NODE02433	target_gene	register_target_gene_layer	edge=M22B-E000288; evidence=M22B-EVID-000096 || edge=M22B-E007116; evidence=M22B-EVID-007289 || edge=M22B-E009913; evidence=M22B-EVID-010086
NODE02434	signaling_cascade	module20_24_export	Node participates in at least one evidence-gated exported mechanism edge.
NODE02434	target_gene	register_target_gene_layer	edge=M22B-E007117; evidence=M22B-EVID-007290
NODE02435	signaling_cascade	module20_24_export	Node participates in at least one evidence-gated exported mechanism edge.
NODE02435	target_gene	register_target_gene_layer	edge=M22B-E007118; evidence=M22B-EVID-007291
NODE02436	signaling_cascade	module20_24_export	Node participates in at least one evidence-gated exported mechanism edge.
NODE02436	target_gene	register_target_gene_layer	edge=M22B-E007119; evidence=M22B-EVID-007292 || edge=M22B-E010059; evidence=M22B-EVID-010232
NODE02437	signaling_cascade	module20_24_export	Node participates in at least one evidence-gated exported mechanism edge.
NODE02437	target_gene	register_target_gene_layer	edge=M22B-E007120; evidence=M22B-EVID-007293
NODE02438	signaling_cascade	module20_24_export	Node participates in at least one evidence-gated exported mechanism edge.
NODE02438	target_gene	register_target_gene_layer	edge=M22B-E010008; evidence=M22B-EVID-010181 || edge=M22B-E010126; evidence=M22B-EVID-010299 || edge=M22B-E010128; evidence=M22B-EVID-010301
NODE02439	signaling_cascade	module20_24_export	Node participates in at least one evidence-gated exported mechanism edge.
NODE02440	signaling_cascade	module20_24_export	Node participates in at least one evidence-gated exported mechanism edge.
NODE02441	signaling_cascade	module20_24_export	Node participates in at least one evidence-gated exported mechanism edge.
NODE02442	signaling_cascade	module20_24_export	Node participates in at least one evidence-gated exported mechanism edge.
NODE02443	signaling_cascade	module20_24_export	Node participates in at least one evidence-gated exported mechanism edge.
NODE02444	ligand	register_ligand_receptor_layer	edge=M20B-E003228; evidence=M20B-EVID-003228 || edge=M24B-E000086; evidence=M24B-EVID-000122
NODE02444	signaling_cascade	module20_24_export	Node participates in at least one evidence-gated exported mechanism edge.
NODE02445	signaling_cascade	module20_24_export	Node participates in at least one evidence-gated exported mechanism edge.
NODE02446	signaling_cascade	module20_24_export	Node participates in at least one evidence-gated exported mechanism edge.
NODE02447	signaling_cascade	module20_24_export	Node participates in at least one evidence-gated exported mechanism edge.
NODE02448	signaling_cascade	module20_24_export	Node participates in at least one evidence-gated exported mechanism edge.
NODE02449	signaling_cascade	module20_24_export	Node participates in at least one evidence-gated exported mechanism edge.
NODE02449	target_gene	register_target_gene_layer	edge=M22B-E008849; evidence=M22B-EVID-009022
NODE02450	signaling_cascade	module20_24_export	Node participates in at least one evidence-gated exported mechanism edge.
NODE02450	target_gene	register_target_gene_layer	edge=M22B-E009171; evidence=M22B-EVID-009344
NODE02451	signaling_cascade	module20_24_export	Node participates in at least one evidence-gated exported mechanism edge.
NODE02451	target_gene	register_target_gene_layer	edge=M22B-E008191; evidence=M22B-EVID-008364 || edge=M22B-E008302; evidence=M22B-EVID-008475 || edge=M22B-E008491; evidence=M22B-EVID-008664 || edge=M22B-E008658; evidence=M22B-EVID-008831 || edge=M22B-E008850; evidence=M22B-EVID-009023 || edge=M22B-E009172; evidence=M22B-EVID-009345
NODE02452	signaling_cascade	module20_24_export	Node participates in at least one evidence-gated exported mechanism edge.
NODE02452	target_gene	register_target_gene_layer	edge=M22B-E009173; evidence=M22B-EVID-009346
NODE02453	signaling_cascade	module20_24_export	Node participates in at least one evidence-gated exported mechanism edge.
NODE02453	target_gene	register_target_gene_layer	edge=M22B-E008492; evidence=M22B-EVID-008665
NODE02454	signaling_cascade	module20_24_export	Node participates in at least one evidence-gated exported mechanism edge.
NODE02454	target_gene	register_target_gene_layer	edge=M22B-E008604; evidence=M22B-EVID-008777
NODE02455	signaling_cascade	module20_24_export	Node participates in at least one evidence-gated exported mechanism edge.
NODE02455	target_gene	register_target_gene_layer	edge=M22B-E008046; evidence=M22B-EVID-008219 || edge=M22B-E008851; evidence=M22B-EVID-009024
NODE02456	signaling_cascade	module20_24_export	Node participates in at least one evidence-gated exported mechanism edge.
NODE02456	target_gene	register_target_gene_layer	edge=M22B-E008852; evidence=M22B-EVID-009025
NODE02457	signaling_cascade	module20_24_export	Node participates in at least one evidence-gated exported mechanism edge.
NODE02457	target_gene	register_target_gene_layer	edge=M22B-E009090; evidence=M22B-EVID-009263
NODE02458	signaling_cascade	module20_24_export	Node participates in at least one evidence-gated exported mechanism edge.
NODE02458	target_gene	register_target_gene_layer	edge=M22B-E008493; evidence=M22B-EVID-008666
NODE02459	signaling_cascade	module20_24_export	Node participates in at least one evidence-gated exported mechanism edge.
NODE02459	target_gene	register_target_gene_layer	edge=M22B-E008047; evidence=M22B-EVID-008220 || edge=M22B-E008659; evidence=M22B-EVID-008832
NODE02460	signaling_cascade	module20_24_export	Node participates in at least one evidence-gated exported mechanism edge.
NODE02460	target_gene	register_target_gene_layer	edge=M22B-E009174; evidence=M22B-EVID-009347
NODE02461	signaling_cascade	module20_24_export	Node participates in at least one evidence-gated exported mechanism edge.
NODE02462	signaling_cascade	module20_24_export	Node participates in at least one evidence-gated exported mechanism edge.
NODE02463	signaling_cascade	module20_24_export	Node participates in at least one evidence-gated exported mechanism edge.
NODE02464	signaling_cascade	module20_24_export	Node participates in at least one evidence-gated exported mechanism edge.
NODE02464	target_gene	register_target_gene_layer	edge=M22B-E005876; evidence=M22B-EVID-006049
NODE02465	signaling_cascade	module20_24_export	Node participates in at least one evidence-gated exported mechanism edge.
NODE02465	target_gene	register_target_gene_layer	edge=M22B-E006026; evidence=M22B-EVID-006199 || edge=M22B-E008192; evidence=M22B-EVID-008365
NODE02466	receptor	register_ligand_receptor_layer	edge=M20B-E001922; evidence=M20B-EVID-001922 || edge=M20B-E002127; evidence=M20B-EVID-002127 || edge=M20B-E002132; evidence=M20B-EVID-002132 || edge=M20B-E002141; evidence=M20B-EVID-002141 || edge=M20B-E002168; evidence=M20B-EVID-002168 || edge=M20B-E002177; evidence=M20B-EVID-002177 || edge=M20B-E002186; evidence=M20B-EVID-002186 || edge=M20B-E002204; evidence=M20B-EVID-002204
NODE02466	signaling_cascade	module20_24_export	Node participates in at least one evidence-gated exported mechanism edge.
NODE02466	target_gene	register_target_gene_layer	edge=M22B-E010404; evidence=M22B-EVID-010576
NODE02467	receptor	register_ligand_receptor_layer	edge=M23B-E000627; evidence=M23B-EVID-000850 || edge=M23B-E000644; evidence=M23B-EVID-000867
NODE02467	signaling_cascade	module20_24_export	Node participates in at least one evidence-gated exported mechanism edge.
NODE02468	receptor	register_ligand_receptor_layer	edge=M23B-E000608; evidence=M23B-EVID-000831
NODE02468	signaling_cascade	module20_24_export	Node participates in at least one evidence-gated exported mechanism edge.
NODE02469	receptor	register_ligand_receptor_layer	edge=M23B-E000603; evidence=M23B-EVID-000825
NODE02469	signaling_cascade	module20_24_export	Node participates in at least one evidence-gated exported mechanism edge.
NODE02470	receptor	register_ligand_receptor_layer	edge=M23B-E000066; evidence=M23B-EVID-000091
NODE02470	signaling_cascade	module20_24_export	Node participates in at least one evidence-gated exported mechanism edge.
NODE02471	signaling_cascade	module20_24_export	Node participates in at least one evidence-gated exported mechanism edge.
NODE02472	signaling_cascade	module20_24_export	Node participates in at least one evidence-gated exported mechanism edge.
NODE02473	signaling_cascade	module20_24_export	Node participates in at least one evidence-gated exported mechanism edge.
NODE02474	receptor	register_ligand_receptor_layer	edge=M23B-E000021; evidence=M23B-EVID-000022 || edge=M23B-E000046; evidence=M23B-EVID-000071 || edge=M23B-E000049; evidence=M23B-EVID-000074 || edge=M23B-E000054; evidence=M23B-EVID-000079
NODE02474	signaling_cascade	module20_24_export	Node participates in at least one evidence-gated exported mechanism edge.
NODE02475	signaling_cascade	module20_24_export	Node participates in at least one evidence-gated exported mechanism edge.
NODE02476	signaling_cascade	module20_24_export	Node participates in at least one evidence-gated exported mechanism edge.
NODE02477	signaling_cascade	module20_24_export	Node participates in at least one evidence-gated exported mechanism edge.
NODE02478	signaling_cascade	module20_24_export	Node participates in at least one evidence-gated exported mechanism edge.
NODE02479	signaling_cascade	module20_24_export	Node participates in at least one evidence-gated exported mechanism edge.
NODE02480	signaling_cascade	module20_24_export	Node participates in at least one evidence-gated exported mechanism edge.
NODE02481	signaling_cascade	module20_24_export	Node participates in at least one evidence-gated exported mechanism edge.
NODE02482	signaling_cascade	module20_24_export	Node participates in at least one evidence-gated exported mechanism edge.
NODE02483	signaling_cascade	module20_24_export	Node participates in at least one evidence-gated exported mechanism edge.
NODE02483	target_gene	register_target_gene_layer	edge=M22B-E009539; evidence=M22B-EVID-009712
NODE02484	signaling_cascade	module20_24_export	Node participates in at least one evidence-gated exported mechanism edge.
NODE02484	target_gene	register_target_gene_layer	edge=M22B-E007121; evidence=M22B-EVID-007294
NODE02485	signaling_cascade	module20_24_export	Node participates in at least one evidence-gated exported mechanism edge.
NODE02485	target_gene	register_target_gene_layer	edge=M22B-E005877; evidence=M22B-EVID-006050 || edge=M22B-E008048; evidence=M22B-EVID-008221
NODE02486	signaling_cascade	module20_24_export	Node participates in at least one evidence-gated exported mechanism edge.
NODE02487	signaling_cascade	module20_24_export	Node participates in at least one evidence-gated exported mechanism edge.
NODE02488	signaling_cascade	module20_24_export	Node participates in at least one evidence-gated exported mechanism edge.
NODE02489	receptor	register_ligand_receptor_layer	edge=M20B-E002232; evidence=M20B-EVID-002232 || edge=M20B-E003253; evidence=M20B-EVID-003253 || edge=M20B-E003889; evidence=M20B-EVID-003889 || edge=M20B-E004414; evidence=M20B-EVID-004414;M20B-EVID-004414-P2-DIRECT;M20B-EVID-004414-P2-FUNC;M20B-EVID-004414-P2-RELAY
NODE02489	signaling_cascade	module20_24_export	Node participates in at least one evidence-gated exported mechanism edge.
NODE02489	target_gene	register_target_gene_layer	edge=M22B-E007733; evidence=M22B-EVID-007906 || edge=M22B-E009175; evidence=M22B-EVID-009348
NODE02490	signaling_cascade	module20_24_export	Node participates in at least one evidence-gated exported mechanism edge.
NODE02491	receptor	register_ligand_receptor_layer	edge=M20B-E003396; evidence=M20B-EVID-003396
NODE02491	signaling_cascade	module20_24_export	Node participates in at least one evidence-gated exported mechanism edge.
NODE02492	receptor	register_ligand_receptor_layer	edge=M23B-E000136; evidence=M23B-EVID-000204
NODE02492	signaling_cascade	module20_24_export	Node participates in at least one evidence-gated exported mechanism edge.
NODE02493	signaling_cascade	module20_24_export	Node participates in at least one evidence-gated exported mechanism edge.
NODE02494	signaling_cascade	module20_24_export	Node participates in at least one evidence-gated exported mechanism edge.
NODE02494	target_gene	register_target_gene_layer	edge=M22B-E006689; evidence=M22B-EVID-006862 || edge=M22B-E008853; evidence=M22B-EVID-009026
NODE02495	signaling_cascade	module20_24_export	Node participates in at least one evidence-gated exported mechanism edge.
NODE02495	target_gene	register_target_gene_layer	edge=M22B-E007398; evidence=M22B-EVID-007571
NODE02496	ligand	register_ligand_receptor_layer	edge=M20B-E003229; evidence=M20B-EVID-003229 || edge=M20B-E003231; evidence=M20B-EVID-003231 || edge=M20B-E003232; evidence=M20B-EVID-003232
NODE02496	signaling_cascade	module20_24_export	Node participates in at least one evidence-gated exported mechanism edge.
NODE02496	target_gene	register_target_gene_layer	edge=M22B-E009438; evidence=M22B-EVID-009611
NODE02497	signaling_cascade	module20_24_export	Node participates in at least one evidence-gated exported mechanism edge.
NODE02498	ligand	register_ligand_receptor_layer	edge=M23B-E001081; evidence=M23B-EVID-EXPAND23A-006 || edge=M24B-E000125; evidence=M24B-EVID-000167
NODE02498	signaling_cascade	module20_24_export	Node participates in at least one evidence-gated exported mechanism edge.
NODE02499	signaling_cascade	module20_24_export	Node participates in at least one evidence-gated exported mechanism edge.
NODE02500	signaling_cascade	module20_24_export	Node participates in at least one evidence-gated exported mechanism edge.
NODE02501	signaling_cascade	module20_24_export	Node participates in at least one evidence-gated exported mechanism edge.
NODE02502	signaling_cascade	module20_24_export	Node participates in at least one evidence-gated exported mechanism edge.
NODE02502	target_gene	register_target_gene_layer	edge=M22B-E009176; evidence=M22B-EVID-009349
NODE02503	signaling_cascade	module20_24_export	Node participates in at least one evidence-gated exported mechanism edge.
NODE02503	target_gene	register_target_gene_layer	edge=M22B-E007734; evidence=M22B-EVID-007907 || edge=M22B-E009177; evidence=M22B-EVID-009350
NODE02504	signaling_cascade	module20_24_export	Node participates in at least one evidence-gated exported mechanism edge.
NODE02504	target_gene	register_target_gene_layer	edge=M22B-E010242; evidence=M22B-EVID-010415 || edge=M22B-E010243; evidence=M22B-EVID-010416
NODE02505	signaling_cascade	module20_24_export	Node participates in at least one evidence-gated exported mechanism edge.
NODE02505	target_gene	register_target_gene_layer	edge=M22B-E006155; evidence=M22B-EVID-006328 || edge=M22B-E006502; evidence=M22B-EVID-006675 || edge=M22B-E008303; evidence=M22B-EVID-008476 || edge=M22B-E008660; evidence=M22B-EVID-008833 || edge=M22B-E010036; evidence=M22B-EVID-010209 || edge=M22B-E010046; evidence=M22B-EVID-010219
NODE02506	signaling_cascade	module20_24_export	Node participates in at least one evidence-gated exported mechanism edge.
NODE02507	signaling_cascade	module20_24_export	Node participates in at least one evidence-gated exported mechanism edge.
NODE02507	target_gene	register_target_gene_layer	edge=M22B-E006341; evidence=M22B-EVID-006514 || edge=M22B-E007122; evidence=M22B-EVID-007295 || edge=M22B-E007735; evidence=M22B-EVID-007908 || edge=M22B-E008494; evidence=M22B-EVID-008667 || edge=M22B-E009178; evidence=M22B-EVID-009351 || edge=M22B-E010002; evidence=M22B-EVID-010175
NODE02508	receptor	register_ligand_receptor_layer	edge=M20B-E003038; evidence=M20B-EVID-003038 || edge=M20B-E003071; evidence=M20B-EVID-003071 || edge=M20B-E003075; evidence=M20B-EVID-003075 || edge=M23B-E000350; evidence=M23B-EVID-000510 || edge=M23B-E000362; evidence=M23B-EVID-000525 || edge=M23B-E000393; evidence=M23B-EVID-000564 || edge=M23B-E000943; evidence=M23B-EVID-001288 || edge=M23B-E001167; evidence=M23B-EVID-EXPAND23A-104
NODE02508	signaling_cascade	module20_24_export	Node participates in at least one evidence-gated exported mechanism edge.
NODE02508	target_gene	register_target_gene_layer	edge=M22B-E007736; evidence=M22B-EVID-007909 || edge=M22B-E009179; evidence=M22B-EVID-009352
NODE02509	signaling_cascade	module20_24_export	Node participates in at least one evidence-gated exported mechanism edge.
NODE02509	target_gene	register_target_gene_layer	edge=M22B-E000299; evidence=M22B-EVID-000198
NODE02510	signaling_cascade	module20_24_export	Node participates in at least one evidence-gated exported mechanism edge.
NODE02511	receptor	register_ligand_receptor_layer	edge=M20B-E003039; evidence=M20B-EVID-003039 || edge=M20B-E003076; evidence=M20B-EVID-003076 || edge=M23B-E000937; evidence=M23B-EVID-001282 || edge=M23B-E000944; evidence=M23B-EVID-001289
NODE02511	signaling_cascade	module20_24_export	Node participates in at least one evidence-gated exported mechanism edge.
NODE02512	signaling_cascade	module20_24_export	Node participates in at least one evidence-gated exported mechanism edge.
NODE02513	signaling_cascade	module20_24_export	Node participates in at least one evidence-gated exported mechanism edge.
NODE02513	target_gene	register_target_gene_layer	edge=M22B-E006690; evidence=M22B-EVID-006863
NODE02514	signaling_cascade	module20_24_export	Node participates in at least one evidence-gated exported mechanism edge.
NODE02514	target_gene	register_target_gene_layer	edge=M22B-E006691; evidence=M22B-EVID-006864 || edge=M22B-E008854; evidence=M22B-EVID-009027
NODE02515	signaling_cascade	module20_24_export	Node participates in at least one evidence-gated exported mechanism edge.
NODE02515	target_gene	register_target_gene_layer	edge=M22B-E006692; evidence=M22B-EVID-006865
NODE02516	signaling_cascade	module20_24_export	Node participates in at least one evidence-gated exported mechanism edge.
NODE02516	target_gene	register_target_gene_layer	edge=M22B-E007399; evidence=M22B-EVID-007572
NODE02517	signaling_cascade	module20_24_export	Node participates in at least one evidence-gated exported mechanism edge.
NODE02517	target_gene	register_target_gene_layer	edge=M22B-E009425; evidence=M22B-EVID-009598
NODE02518	signaling_cascade	module20_24_export	Node participates in at least one evidence-gated exported mechanism edge.
NODE02519	signaling_cascade	module20_24_export	Node participates in at least one evidence-gated exported mechanism edge.
NODE02520	ligand	register_ligand_receptor_layer	edge=M24B-E000126; evidence=M24B-EVID-000168;M24B-EVID-PROMO-20260826-022
NODE02520	signaling_cascade	module20_24_export	Node participates in at least one evidence-gated exported mechanism edge.
NODE02521	signaling_cascade	module20_24_export	Node participates in at least one evidence-gated exported mechanism edge.
NODE02522	signaling_cascade	module20_24_export	Node participates in at least one evidence-gated exported mechanism edge.
NODE02523	signaling_cascade	module20_24_export	Node participates in at least one evidence-gated exported mechanism edge.
NODE02524	signaling_cascade	module20_24_export	Node participates in at least one evidence-gated exported mechanism edge.
NODE02525	signaling_cascade	module20_24_export	Node participates in at least one evidence-gated exported mechanism edge.
NODE02526	signaling_cascade	module20_24_export	Node participates in at least one evidence-gated exported mechanism edge.
NODE02527	signaling_cascade	module20_24_export	Node participates in at least one evidence-gated exported mechanism edge.
NODE02528	signaling_cascade	module20_24_export	Node participates in at least one evidence-gated exported mechanism edge.
NODE02529	signaling_cascade	module20_24_export	Node participates in at least one evidence-gated exported mechanism edge.
NODE02530	signaling_cascade	module20_24_export	Node participates in at least one evidence-gated exported mechanism edge.
NODE02531	signaling_cascade	module20_24_export	Node participates in at least one evidence-gated exported mechanism edge.
NODE02532	signaling_cascade	module20_24_export	Node participates in at least one evidence-gated exported mechanism edge.
NODE02533	signaling_cascade	module20_24_export	Node participates in at least one evidence-gated exported mechanism edge.
NODE02534	ligand	register_ligand_receptor_layer	edge=M24B-E000133; evidence=M24B-EVID-000182;M24B-EVID-PROMO-20260826-023
NODE02534	signaling_cascade	module20_24_export	Node participates in at least one evidence-gated exported mechanism edge.
NODE02535	signaling_cascade	module20_24_export	Node participates in at least one evidence-gated exported mechanism edge.
NODE02536	signaling_cascade	module20_24_export	Node participates in at least one evidence-gated exported mechanism edge.
NODE02537	signaling_cascade	module20_24_export	Node participates in at least one evidence-gated exported mechanism edge.
NODE02538	signaling_cascade	module20_24_export	Node participates in at least one evidence-gated exported mechanism edge.
NODE02539	signaling_cascade	module20_24_export	Node participates in at least one evidence-gated exported mechanism edge.
NODE02540	signaling_cascade	module20_24_export	Node participates in at least one evidence-gated exported mechanism edge.
NODE02541	signaling_cascade	module20_24_export	Node participates in at least one evidence-gated exported mechanism edge.
NODE02541	target_gene	register_target_gene_layer	edge=M22B-E006693; evidence=M22B-EVID-006866 || edge=M22B-E008855; evidence=M22B-EVID-009028
NODE02542	signaling_cascade	module20_24_export	Node participates in at least one evidence-gated exported mechanism edge.
NODE02543	signaling_cascade	module20_24_export	Node participates in at least one evidence-gated exported mechanism edge.
NODE02544	signaling_cascade	module20_24_export	Node participates in at least one evidence-gated exported mechanism edge.
NODE02544	target_gene	register_target_gene_layer	edge=M22B-E009540; evidence=M22B-EVID-009713
NODE02545	signaling_cascade	module20_24_export	Node participates in at least one evidence-gated exported mechanism edge.
NODE02546	signaling_cascade	module20_24_export	Node participates in at least one evidence-gated exported mechanism edge.
NODE02547	ligand	register_ligand_receptor_layer	edge=M20B-E003233; evidence=M20B-EVID-003233 || edge=M20B-E003234; evidence=M20B-EVID-003234 || edge=M20B-E003235; evidence=M20B-EVID-003235
NODE02547	signaling_cascade	module20_24_export	Node participates in at least one evidence-gated exported mechanism edge.
NODE02548	signaling_cascade	module20_24_export	Node participates in at least one evidence-gated exported mechanism edge.
NODE02549	signaling_cascade	module20_24_export	Node participates in at least one evidence-gated exported mechanism edge.
NODE02550	signaling_cascade	module20_24_export	Node participates in at least one evidence-gated exported mechanism edge.
NODE02550	target_gene	register_target_gene_layer	edge=M22B-E007737; evidence=M22B-EVID-007910
NODE02551	signaling_cascade	module20_24_export	Node participates in at least one evidence-gated exported mechanism edge.
NODE02551	target_gene	register_target_gene_layer	edge=M22B-E007738; evidence=M22B-EVID-007911 || edge=M22B-E009180; evidence=M22B-EVID-009353 || edge=M22B-E010089; evidence=M22B-EVID-010262
NODE02552	signaling_cascade	module20_24_export	Node participates in at least one evidence-gated exported mechanism edge.
NODE02553	signaling_cascade	module20_24_export	Node participates in at least one evidence-gated exported mechanism edge.
NODE02554	signaling_cascade	module20_24_export	Node participates in at least one evidence-gated exported mechanism edge.
NODE02555	signaling_cascade	module20_24_export	Node participates in at least one evidence-gated exported mechanism edge.
NODE02556	signaling_cascade	module20_24_export	Node participates in at least one evidence-gated exported mechanism edge.
NODE02557	signaling_cascade	module20_24_export	Node participates in at least one evidence-gated exported mechanism edge.
NODE02558	signaling_cascade	module20_24_export	Node participates in at least one evidence-gated exported mechanism edge.
NODE02559	signaling_cascade	module20_24_export	Node participates in at least one evidence-gated exported mechanism edge.
NODE02560	signaling_cascade	module20_24_export	Node participates in at least one evidence-gated exported mechanism edge.
NODE02561	signaling_cascade	module20_24_export	Node participates in at least one evidence-gated exported mechanism edge.
NODE02561	target_gene	register_target_gene_layer	edge=M22B-E007400; evidence=M22B-EVID-007573
NODE02562	signaling_cascade	module20_24_export	Node participates in at least one evidence-gated exported mechanism edge.
NODE02562	target_gene	register_target_gene_layer	edge=M22B-E000481; evidence=M22B-EVID-000117
NODE02563	signaling_cascade	module20_24_export	Node participates in at least one evidence-gated exported mechanism edge.
NODE02564	receptor	register_ligand_receptor_layer	edge=M20B-E003506; evidence=M20B-EVID-003506
NODE02564	signaling_cascade	module20_24_export	Node participates in at least one evidence-gated exported mechanism edge.
NODE02565	signaling_cascade	module20_24_export	Node participates in at least one evidence-gated exported mechanism edge.
NODE02566	signaling_cascade	module20_24_export	Node participates in at least one evidence-gated exported mechanism edge.
NODE02567	signaling_cascade	module20_24_export	Node participates in at least one evidence-gated exported mechanism edge.
NODE02568	signaling_cascade	module20_24_export	Node participates in at least one evidence-gated exported mechanism edge.
NODE02569	signaling_cascade	module20_24_export	Node participates in at least one evidence-gated exported mechanism edge.
NODE02569	target_gene	register_target_gene_layer	edge=M22B-E006694; evidence=M22B-EVID-006867 || edge=M22B-E008856; evidence=M22B-EVID-009029
NODE02570	ligand	register_ligand_receptor_layer	edge=M20B-E003238; evidence=M20B-EVID-003238 || edge=M20B-E003239; evidence=M20B-EVID-003239 || edge=M20B-E003240; evidence=M20B-EVID-003240 || edge=M20B-E003241; evidence=M20B-EVID-003241 || edge=M20B-E003242; evidence=M20B-EVID-003242
NODE02570	signaling_cascade	module20_24_export	Node participates in at least one evidence-gated exported mechanism edge.
NODE02570	target_gene	register_target_gene_layer	edge=M22B-E007739; evidence=M22B-EVID-007912 || edge=M22B-E009181; evidence=M22B-EVID-009354 || edge=M22B-E009482; evidence=M22B-EVID-009655
NODE02571	signaling_cascade	module20_24_export	Node participates in at least one evidence-gated exported mechanism edge.
NODE02572	ligand	register_ligand_receptor_layer	edge=M20B-E003243; evidence=M20B-EVID-003243 || edge=M20B-E003244; evidence=M20B-EVID-003244 || edge=M20B-E003245; evidence=M20B-EVID-003245
NODE02572	signaling_cascade	module20_24_export	Node participates in at least one evidence-gated exported mechanism edge.
NODE02573	signaling_cascade	module20_24_export	Node participates in at least one evidence-gated exported mechanism edge.
NODE02574	signaling_cascade	module20_24_export	Node participates in at least one evidence-gated exported mechanism edge.
NODE02575	ligand	register_ligand_receptor_layer	edge=M20B-E003246; evidence=M20B-EVID-003246
NODE02575	signaling_cascade	module20_24_export	Node participates in at least one evidence-gated exported mechanism edge.
NODE02576	signaling_cascade	module20_24_export	Node participates in at least one evidence-gated exported mechanism edge.
NODE02577	ligand	register_ligand_receptor_layer	edge=M20B-E003247; evidence=M20B-EVID-003247 || edge=M20B-E003248; evidence=M20B-EVID-003248 || edge=M20B-E003250; evidence=M20B-EVID-003250
NODE02577	signaling_cascade	module20_24_export	Node participates in at least one evidence-gated exported mechanism edge.
NODE02578	signaling_cascade	module20_24_export	Node participates in at least one evidence-gated exported mechanism edge.
NODE02579	signaling_cascade	module20_24_export	Node participates in at least one evidence-gated exported mechanism edge.
NODE02580	signaling_cascade	module20_24_export	Node participates in at least one evidence-gated exported mechanism edge.
NODE02581	signaling_cascade	module20_24_export	Node participates in at least one evidence-gated exported mechanism edge.
NODE02582	signaling_cascade	module20_24_export	Node participates in at least one evidence-gated exported mechanism edge.
NODE02582	target_gene	register_target_gene_layer	edge=M22B-E005807; evidence=M22B-EVID-005980 || edge=M22B-E006241; evidence=M22B-EVID-006414 || edge=M22B-E007740; evidence=M22B-EVID-007913
NODE02583	signaling_cascade	module20_24_export	Node participates in at least one evidence-gated exported mechanism edge.
NODE02583	target_gene	register_target_gene_layer	edge=M22B-E006695; evidence=M22B-EVID-006868
NODE02584	signaling_cascade	module20_24_export	Node participates in at least one evidence-gated exported mechanism edge.
NODE02585	signaling_cascade	module20_24_export	Node participates in at least one evidence-gated exported mechanism edge.
NODE02586	signaling_cascade	module20_24_export	Node participates in at least one evidence-gated exported mechanism edge.
NODE02587	signaling_cascade	module20_24_export	Node participates in at least one evidence-gated exported mechanism edge.
NODE02587	target_gene	register_target_gene_layer	edge=M22B-E005878; evidence=M22B-EVID-006051 || edge=M22B-E008049; evidence=M22B-EVID-008222
NODE02588	signaling_cascade	module20_24_export	Node participates in at least one evidence-gated exported mechanism edge.
NODE02589	signaling_cascade	module20_24_export	Node participates in at least one evidence-gated exported mechanism edge.
NODE02590	signaling_cascade	module20_24_export	Node participates in at least one evidence-gated exported mechanism edge.
NODE02591	signaling_cascade	module20_24_export	Node participates in at least one evidence-gated exported mechanism edge.
NODE02592	signaling_cascade	module20_24_export	Node participates in at least one evidence-gated exported mechanism edge.
NODE02593	signaling_cascade	module20_24_export	Node participates in at least one evidence-gated exported mechanism edge.
NODE02594	signaling_cascade	module20_24_export	Node participates in at least one evidence-gated exported mechanism edge.
NODE02595	signaling_cascade	module20_24_export	Node participates in at least one evidence-gated exported mechanism edge.
NODE02596	ligand	register_ligand_receptor_layer	edge=M23B-E000947; evidence=M23B-EVID-001292 || edge=M23B-E000950; evidence=M23B-EVID-001295
NODE02596	signaling_cascade	module20_24_export	Node participates in at least one evidence-gated exported mechanism edge.
NODE02597	signaling_cascade	module20_24_export	Node participates in at least one evidence-gated exported mechanism edge.
NODE02598	signaling_cascade	module20_24_export	Node participates in at least one evidence-gated exported mechanism edge.
NODE02599	signaling_cascade	module20_24_export	Node participates in at least one evidence-gated exported mechanism edge.
NODE02600	ligand	register_ligand_receptor_layer	edge=M20B-E002106; evidence=M20B-EVID-002106 || edge=M20B-E002107; evidence=M20B-EVID-002107
NODE02600	signaling_cascade	module20_24_export	Node participates in at least one evidence-gated exported mechanism edge.
NODE02601	ligand	register_ligand_receptor_layer	edge=M20B-E002110; evidence=M20B-EVID-002110 || edge=M20B-E002111; evidence=M20B-EVID-002111
NODE02601	signaling_cascade	module20_24_export	Node participates in at least one evidence-gated exported mechanism edge.
NODE02601	target_gene	register_target_gene_layer	edge=M22B-E009717; evidence=M22B-EVID-009890
NODE02602	signaling_cascade	module20_24_export	Node participates in at least one evidence-gated exported mechanism edge.
NODE02603	signaling_cascade	module20_24_export	Node participates in at least one evidence-gated exported mechanism edge.
NODE02604	signaling_cascade	module20_24_export	Node participates in at least one evidence-gated exported mechanism edge.
NODE02605	signaling_cascade	module20_24_export	Node participates in at least one evidence-gated exported mechanism edge.
NODE02606	signaling_cascade	module20_24_export	Node participates in at least one evidence-gated exported mechanism edge.
NODE02607	signaling_cascade	module20_24_export	Node participates in at least one evidence-gated exported mechanism edge.
NODE02608	signaling_cascade	module20_24_export	Node participates in at least one evidence-gated exported mechanism edge.
NODE02608	transcription_factor	register_target_gene_layer	edge=M22B-E010266; evidence=M22B-EVID-010439
NODE02609	signaling_cascade	module20_24_export	Node participates in at least one evidence-gated exported mechanism edge.
NODE02609	target_gene	register_target_gene_layer	edge=M22B-E006696; evidence=M22B-EVID-006869 || edge=M22B-E008857; evidence=M22B-EVID-009030
NODE02610	signaling_cascade	module20_24_export	Node participates in at least one evidence-gated exported mechanism edge.
NODE02611	signaling_cascade	module20_24_export	Node participates in at least one evidence-gated exported mechanism edge.
NODE02611	target_gene	register_target_gene_layer	edge=M22B-E006503; evidence=M22B-EVID-006676 || edge=M22B-E008661; evidence=M22B-EVID-008834 || edge=M22B-E009840; evidence=M22B-EVID-010013
NODE02612	signaling_cascade	module20_24_export	Node participates in at least one evidence-gated exported mechanism edge.
NODE02613	ligand	register_ligand_receptor_layer	edge=M20B-E002112; evidence=M20B-EVID-002112
NODE02613	signaling_cascade	module20_24_export	Node participates in at least one evidence-gated exported mechanism edge.
NODE02613	target_gene	register_target_gene_layer	edge=M22B-E009776; evidence=M22B-EVID-009949
NODE02614	signaling_cascade	module20_24_export	Node participates in at least one evidence-gated exported mechanism edge.
NODE02615	signaling_cascade	module20_24_export	Node participates in at least one evidence-gated exported mechanism edge.
NODE02615	target_gene	register_target_gene_layer	edge=M22B-E005879; evidence=M22B-EVID-006052 || edge=M22B-E008050; evidence=M22B-EVID-008223
NODE02616	signaling_cascade	module20_24_export	Node participates in at least one evidence-gated exported mechanism edge.
NODE02616	target_gene	register_target_gene_layer	edge=M22B-E009541; evidence=M22B-EVID-009714
NODE02617	signaling_cascade	module20_24_export	Node participates in at least one evidence-gated exported mechanism edge.
NODE02618	signaling_cascade	module20_24_export	Node participates in at least one evidence-gated exported mechanism edge.
NODE02619	signaling_cascade	module20_24_export	Node participates in at least one evidence-gated exported mechanism edge.
NODE02620	signaling_cascade	module20_24_export	Node participates in at least one evidence-gated exported mechanism edge.
NODE02621	signaling_cascade	module20_24_export	Node participates in at least one evidence-gated exported mechanism edge.
NODE02622	signaling_cascade	module20_24_export	Node participates in at least one evidence-gated exported mechanism edge.
NODE02622	target_gene	register_target_gene_layer	edge=M22B-E009182; evidence=M22B-EVID-009355 || edge=M22B-E009841; evidence=M22B-EVID-010014
NODE02623	signaling_cascade	module20_24_export	Node participates in at least one evidence-gated exported mechanism edge.
NODE02623	target_gene	register_target_gene_layer	edge=M22B-E009542; evidence=M22B-EVID-009715
NODE02624	signaling_cascade	module20_24_export	Node participates in at least one evidence-gated exported mechanism edge.
NODE02624	target_gene	register_target_gene_layer	edge=M22B-E009543; evidence=M22B-EVID-009716
NODE02625	signaling_cascade	module20_24_export	Node participates in at least one evidence-gated exported mechanism edge.
NODE02625	target_gene	register_target_gene_layer	edge=M22B-E006697; evidence=M22B-EVID-006870 || edge=M22B-E008858; evidence=M22B-EVID-009031
NODE02626	signaling_cascade	module20_24_export	Node participates in at least one evidence-gated exported mechanism edge.
NODE02626	target_gene	register_target_gene_layer	edge=M22B-E006027; evidence=M22B-EVID-006200 || edge=M22B-E008193; evidence=M22B-EVID-008366
NODE02627	signaling_cascade	module20_24_export	Node participates in at least one evidence-gated exported mechanism edge.
NODE02628	signaling_cascade	module20_24_export	Node participates in at least one evidence-gated exported mechanism edge.
NODE02629	signaling_cascade	module20_24_export	Node participates in at least one evidence-gated exported mechanism edge.
NODE02630	signaling_cascade	module20_24_export	Node participates in at least one evidence-gated exported mechanism edge.
NODE02631	signaling_cascade	module20_24_export	Node participates in at least one evidence-gated exported mechanism edge.
NODE02632	signaling_cascade	module20_24_export	Node participates in at least one evidence-gated exported mechanism edge.
NODE02633	signaling_cascade	module20_24_export	Node participates in at least one evidence-gated exported mechanism edge.
NODE02634	signaling_cascade	module20_24_export	Node participates in at least one evidence-gated exported mechanism edge.
NODE02635	signaling_cascade	module20_24_export	Node participates in at least one evidence-gated exported mechanism edge.
NODE02636	signaling_cascade	module20_24_export	Node participates in at least one evidence-gated exported mechanism edge.
NODE02637	signaling_cascade	module20_24_export	Node participates in at least one evidence-gated exported mechanism edge.
NODE02638	signaling_cascade	module20_24_export	Node participates in at least one evidence-gated exported mechanism edge.
NODE02639	signaling_cascade	module20_24_export	Node participates in at least one evidence-gated exported mechanism edge.
NODE02640	signaling_cascade	module20_24_export	Node participates in at least one evidence-gated exported mechanism edge.
NODE02641	receptor	register_ligand_receptor_layer	edge=M20B-E002407; evidence=M20B-EVID-002407
NODE02641	signaling_cascade	module20_24_export	Node participates in at least one evidence-gated exported mechanism edge.
NODE02641	target_gene	register_target_gene_layer	edge=M22B-E010386; evidence=M22B-EVID-010558 || edge=M22B-E010440; evidence=M22B-EVID-010608 || edge=M22B-E010441; evidence=M22B-EVID-010608
NODE02642	signaling_cascade	module20_24_export	Node participates in at least one evidence-gated exported mechanism edge.
NODE02643	signaling_cascade	module20_24_export	Node participates in at least one evidence-gated exported mechanism edge.
NODE02644	signaling_cascade	module20_24_export	Node participates in at least one evidence-gated exported mechanism edge.
NODE02645	signaling_cascade	module20_24_export	Node participates in at least one evidence-gated exported mechanism edge.
NODE02646	signaling_cascade	module20_24_export	Node participates in at least one evidence-gated exported mechanism edge.
NODE02647	signaling_cascade	module20_24_export	Node participates in at least one evidence-gated exported mechanism edge.
NODE02648	signaling_cascade	module20_24_export	Node participates in at least one evidence-gated exported mechanism edge.
NODE02648	target_gene	register_target_gene_layer	edge=M22B-E006698; evidence=M22B-EVID-006871 || edge=M22B-E008859; evidence=M22B-EVID-009032
NODE02649	signaling_cascade	module20_24_export	Node participates in at least one evidence-gated exported mechanism edge.
NODE02649	target_gene	register_target_gene_layer	edge=M22B-E007123; evidence=M22B-EVID-007296
NODE02650	signaling_cascade	module20_24_export	Node participates in at least one evidence-gated exported mechanism edge.
NODE02651	signaling_cascade	module20_24_export	Node participates in at least one evidence-gated exported mechanism edge.
NODE02652	signaling_cascade	module20_24_export	Node participates in at least one evidence-gated exported mechanism edge.
NODE02653	signaling_cascade	module20_24_export	Node participates in at least one evidence-gated exported mechanism edge.
NODE02654	signaling_cascade	module20_24_export	Node participates in at least one evidence-gated exported mechanism edge.
NODE02655	ligand	register_ligand_receptor_layer	edge=M20B-E003253; evidence=M20B-EVID-003253
NODE02655	signaling_cascade	module20_24_export	Node participates in at least one evidence-gated exported mechanism edge.
NODE02656	signaling_cascade	module20_24_export	Node participates in at least one evidence-gated exported mechanism edge.
NODE02657	signaling_cascade	module20_24_export	Node participates in at least one evidence-gated exported mechanism edge.
NODE02657	target_gene	register_target_gene_layer	edge=M22B-E010238; evidence=M22B-EVID-010411 || edge=M22B-E010239; evidence=M22B-EVID-010412 || edge=M22B-E010240; evidence=M22B-EVID-010413
NODE02658	signaling_cascade	module20_24_export	Node participates in at least one evidence-gated exported mechanism edge.
NODE02659	signaling_cascade	module20_24_export	Node participates in at least one evidence-gated exported mechanism edge.
NODE02660	signaling_cascade	module20_24_export	Node participates in at least one evidence-gated exported mechanism edge.
NODE02660	target_gene	register_target_gene_layer	edge=M22B-E010241; evidence=M22B-EVID-010414
NODE02661	signaling_cascade	module20_24_export	Node participates in at least one evidence-gated exported mechanism edge.
NODE02662	signaling_cascade	module20_24_export	Node participates in at least one evidence-gated exported mechanism edge.
NODE02663	signaling_cascade	module20_24_export	Node participates in at least one evidence-gated exported mechanism edge.
NODE02664	signaling_cascade	module20_24_export	Node participates in at least one evidence-gated exported mechanism edge.
NODE02665	signaling_cascade	module20_24_export	Node participates in at least one evidence-gated exported mechanism edge.
NODE02666	signaling_cascade	module20_24_export	Node participates in at least one evidence-gated exported mechanism edge.
NODE02666	transcription_factor	register_target_gene_layer	edge=M22B-E010502; evidence=M22B-EVID-010621
NODE02667	signaling_cascade	module20_24_export	Node participates in at least one evidence-gated exported mechanism edge.
NODE02667	target_gene	register_target_gene_layer	edge=M22B-E007124; evidence=M22B-EVID-007297
NODE02668	signaling_cascade	module20_24_export	Node participates in at least one evidence-gated exported mechanism edge.
NODE02669	signaling_cascade	module20_24_export	Node participates in at least one evidence-gated exported mechanism edge.
NODE02670	ligand	register_ligand_receptor_layer	edge=M20B-E003254; evidence=M20B-EVID-003254 || edge=M20B-E003255; evidence=M20B-EVID-003255
NODE02670	receptor	register_ligand_receptor_layer	edge=M20B-E003263; evidence=M20B-EVID-003263
NODE02670	signaling_cascade	module20_24_export	Node participates in at least one evidence-gated exported mechanism edge.
NODE02671	signaling_cascade	module20_24_export	Node participates in at least one evidence-gated exported mechanism edge.
NODE02672	ligand	register_ligand_receptor_layer	edge=M20B-E003256; evidence=M20B-EVID-003256 || edge=M20B-E003257; evidence=M20B-EVID-003257
NODE02672	signaling_cascade	module20_24_export	Node participates in at least one evidence-gated exported mechanism edge.
NODE02673	signaling_cascade	module20_24_export	Node participates in at least one evidence-gated exported mechanism edge.
NODE02674	ligand	register_ligand_receptor_layer	edge=M20B-E003259; evidence=M20B-EVID-003259
NODE02674	receptor	register_ligand_receptor_layer	edge=M20B-E003264; evidence=M20B-EVID-003264
NODE02674	signaling_cascade	module20_24_export	Node participates in at least one evidence-gated exported mechanism edge.
NODE02674	target_gene	register_target_gene_layer	edge=M22B-E010265; evidence=M22B-EVID-010438
NODE02675	signaling_cascade	module20_24_export	Node participates in at least one evidence-gated exported mechanism edge.
NODE02676	receptor	register_ligand_receptor_layer	edge=M20B-E002233; evidence=M20B-EVID-002233;M20B-EVID-PROMO-20260826-040
NODE02676	signaling_cascade	module20_24_export	Node participates in at least one evidence-gated exported mechanism edge.
NODE02677	signaling_cascade	module20_24_export	Node participates in at least one evidence-gated exported mechanism edge.
NODE02678	signaling_cascade	module20_24_export	Node participates in at least one evidence-gated exported mechanism edge.
NODE02679	signaling_cascade	module20_24_export	Node participates in at least one evidence-gated exported mechanism edge.
NODE02680	signaling_cascade	module20_24_export	Node participates in at least one evidence-gated exported mechanism edge.
NODE02680	target_gene	register_target_gene_layer	edge=M22B-E010264; evidence=M22B-EVID-010437
NODE02681	signaling_cascade	module20_24_export	Node participates in at least one evidence-gated exported mechanism edge.
NODE02682	ligand	register_ligand_receptor_layer	edge=M20B-E003263; evidence=M20B-EVID-003263 || edge=M20B-E003264; evidence=M20B-EVID-003264
NODE02682	signaling_cascade	module20_24_export	Node participates in at least one evidence-gated exported mechanism edge.
NODE02683	signaling_cascade	module20_24_export	Node participates in at least one evidence-gated exported mechanism edge.
NODE02684	signaling_cascade	module20_24_export	Node participates in at least one evidence-gated exported mechanism edge.
NODE02685	receptor	register_ligand_receptor_layer	edge=M20B-E003254; evidence=M20B-EVID-003254 || edge=M20B-E003256; evidence=M20B-EVID-003256
NODE02685	signaling_cascade	module20_24_export	Node participates in at least one evidence-gated exported mechanism edge.
NODE02686	signaling_cascade	module20_24_export	Node participates in at least one evidence-gated exported mechanism edge.
NODE02687	receptor	register_ligand_receptor_layer	edge=M20B-E003255; evidence=M20B-EVID-003255 || edge=M20B-E003257; evidence=M20B-EVID-003257 || edge=M20B-E003259; evidence=M20B-EVID-003259
NODE02687	signaling_cascade	module20_24_export	Node participates in at least one evidence-gated exported mechanism edge.
NODE02688	signaling_cascade	module20_24_export	Node participates in at least one evidence-gated exported mechanism edge.
NODE02689	ligand	register_ligand_receptor_layer	edge=M20B-E002326; evidence=M20B-EVID-002326
NODE02689	signaling_cascade	module20_24_export	Node participates in at least one evidence-gated exported mechanism edge.
NODE02689	target_gene	register_target_gene_layer	edge=M22B-E010266; evidence=M22B-EVID-010439 || edge=M22B-E010267; evidence=M22B-EVID-010440 || edge=M22B-E010268; evidence=M22B-EVID-010441 || edge=M22B-E010269; evidence=M22B-EVID-010442
NODE02690	signaling_cascade	module20_24_export	Node participates in at least one evidence-gated exported mechanism edge.
NODE02691	ligand	register_ligand_receptor_layer	edge=M23B-E001035; evidence=M23B-EVID-001391
NODE02691	signaling_cascade	module20_24_export	Node participates in at least one evidence-gated exported mechanism edge.
NODE02692	signaling_cascade	module20_24_export	Node participates in at least one evidence-gated exported mechanism edge.
NODE02693	signaling_cascade	module20_24_export	Node participates in at least one evidence-gated exported mechanism edge.
NODE02694	signaling_cascade	module20_24_export	Node participates in at least one evidence-gated exported mechanism edge.
NODE02695	signaling_cascade	module20_24_export	Node participates in at least one evidence-gated exported mechanism edge.
NODE02695	target_gene	register_target_gene_layer	edge=M22B-E006454; evidence=M22B-EVID-006627
NODE02696	signaling_cascade	module20_24_export	Node participates in at least one evidence-gated exported mechanism edge.
NODE02696	target_gene	register_target_gene_layer	edge=M22B-E007741; evidence=M22B-EVID-007914 || edge=M22B-E009183; evidence=M22B-EVID-009356
NODE02697	signaling_cascade	module20_24_export	Node participates in at least one evidence-gated exported mechanism edge.
NODE02698	signaling_cascade	module20_24_export	Node participates in at least one evidence-gated exported mechanism edge.
NODE02699	signaling_cascade	module20_24_export	Node participates in at least one evidence-gated exported mechanism edge.
NODE02700	signaling_cascade	module20_24_export	Node participates in at least one evidence-gated exported mechanism edge.
NODE02701	signaling_cascade	module20_24_export	Node participates in at least one evidence-gated exported mechanism edge.
NODE02701	target_gene	register_target_gene_layer	edge=M22B-E007401; evidence=M22B-EVID-007574
NODE02702	signaling_cascade	module20_24_export	Node participates in at least one evidence-gated exported mechanism edge.
NODE02702	target_gene	register_target_gene_layer	edge=M22B-E005777; evidence=M22B-EVID-005950 || edge=M22B-E006699; evidence=M22B-EVID-006872 || edge=M22B-E007742; evidence=M22B-EVID-007915 || edge=M22B-E007944; evidence=M22B-EVID-008117 || edge=M22B-E008860; evidence=M22B-EVID-009033 || edge=M22B-E009184; evidence=M22B-EVID-009357
NODE02703	signaling_cascade	module20_24_export	Node participates in at least one evidence-gated exported mechanism edge.
NODE02703	target_gene	register_target_gene_layer	edge=M22B-E005778; evidence=M22B-EVID-005951 || edge=M22B-E007945; evidence=M22B-EVID-008118
NODE02704	signaling_cascade	module20_24_export	Node participates in at least one evidence-gated exported mechanism edge.
NODE02705	signaling_cascade	module20_24_export	Node participates in at least one evidence-gated exported mechanism edge.
NODE02705	target_gene	register_target_gene_layer	edge=M22B-E007743; evidence=M22B-EVID-007916 || edge=M22B-E009185; evidence=M22B-EVID-009358
NODE02706	signaling_cascade	module20_24_export	Node participates in at least one evidence-gated exported mechanism edge.
NODE02706	target_gene	register_target_gene_layer	edge=M22B-E010051; evidence=M22B-EVID-010224
NODE02707	signaling_cascade	module20_24_export	Node participates in at least one evidence-gated exported mechanism edge.
NODE02708	signaling_cascade	module20_24_export	Node participates in at least one evidence-gated exported mechanism edge.
NODE02709	signaling_cascade	module20_24_export	Node participates in at least one evidence-gated exported mechanism edge.
NODE02710	signaling_cascade	module20_24_export	Node participates in at least one evidence-gated exported mechanism edge.
NODE02711	signaling_cascade	module20_24_export	Node participates in at least one evidence-gated exported mechanism edge.
NODE02711	target_gene	register_target_gene_layer	edge=M22B-E007744; evidence=M22B-EVID-007917
NODE02712	signaling_cascade	module20_24_export	Node participates in at least one evidence-gated exported mechanism edge.
NODE02712	target_gene	register_target_gene_layer	edge=M22B-E006028; evidence=M22B-EVID-006201 || edge=M22B-E008194; evidence=M22B-EVID-008367
NODE02713	signaling_cascade	module20_24_export	Node participates in at least one evidence-gated exported mechanism edge.
NODE02714	signaling_cascade	module20_24_export	Node participates in at least one evidence-gated exported mechanism edge.
NODE02714	target_gene	register_target_gene_layer	edge=M22B-E007745; evidence=M22B-EVID-007918 || edge=M22B-E009186; evidence=M22B-EVID-009359
NODE02715	signaling_cascade	module20_24_export	Node participates in at least one evidence-gated exported mechanism edge.
NODE02716	signaling_cascade	module20_24_export	Node participates in at least one evidence-gated exported mechanism edge.
NODE02717	signaling_cascade	module20_24_export	Node participates in at least one evidence-gated exported mechanism edge.
NODE02718	signaling_cascade	module20_24_export	Node participates in at least one evidence-gated exported mechanism edge.
NODE02719	signaling_cascade	module20_24_export	Node participates in at least one evidence-gated exported mechanism edge.
NODE02720	signaling_cascade	module20_24_export	Node participates in at least one evidence-gated exported mechanism edge.
NODE02721	signaling_cascade	module20_24_export	Node participates in at least one evidence-gated exported mechanism edge.
NODE02722	signaling_cascade	module20_24_export	Node participates in at least one evidence-gated exported mechanism edge.
NODE02723	signaling_cascade	module20_24_export	Node participates in at least one evidence-gated exported mechanism edge.
NODE02724	signaling_cascade	module20_24_export	Node participates in at least one evidence-gated exported mechanism edge.
NODE02725	signaling_cascade	module20_24_export	Node participates in at least one evidence-gated exported mechanism edge.
NODE02726	signaling_cascade	module20_24_export	Node participates in at least one evidence-gated exported mechanism edge.
NODE02727	signaling_cascade	module20_24_export	Node participates in at least one evidence-gated exported mechanism edge.
NODE02727	target_gene	register_target_gene_layer	edge=M22B-E010575; evidence=M22B-EVID-010671
NODE02728	signaling_cascade	module20_24_export	Node participates in at least one evidence-gated exported mechanism edge.
NODE02729	signaling_cascade	module20_24_export	Node participates in at least one evidence-gated exported mechanism edge.
NODE02730	signaling_cascade	module20_24_export	Node participates in at least one evidence-gated exported mechanism edge.
NODE02730	target_gene	register_target_gene_layer	edge=M22B-E009187; evidence=M22B-EVID-009360
NODE02731	signaling_cascade	module20_24_export	Node participates in at least one evidence-gated exported mechanism edge.
NODE02731	target_gene	register_target_gene_layer	edge=M22B-E009188; evidence=M22B-EVID-009361
NODE02732	signaling_cascade	module20_24_export	Node participates in at least one evidence-gated exported mechanism edge.
NODE02732	target_gene	register_target_gene_layer	edge=M22B-E009189; evidence=M22B-EVID-009362
NODE02733	signaling_cascade	module20_24_export	Node participates in at least one evidence-gated exported mechanism edge.
NODE02734	signaling_cascade	module20_24_export	Node participates in at least one evidence-gated exported mechanism edge.
NODE02734	target_gene	register_target_gene_layer	edge=M22B-E007125; evidence=M22B-EVID-007298 || edge=M22B-E007746; evidence=M22B-EVID-007919 || edge=M22B-E009426; evidence=M22B-EVID-009599
NODE02734	transcription_factor	register_target_gene_layer	edge=M22B-E010343; evidence=M22B-EVID-010515 || edge=M22B-E010354; evidence=M22B-EVID-010526 || edge=M22B-E010359; evidence=M22B-EVID-010531 || edge=M22B-E010533; evidence=M22B-EVID-010645 || edge=M22B-E010687; evidence=M22B-EVID-010780
NODE02735	signaling_cascade	module20_24_export	Node participates in at least one evidence-gated exported mechanism edge.
NODE02736	signaling_cascade	module20_24_export	Node participates in at least one evidence-gated exported mechanism edge.
NODE02736	target_gene	register_target_gene_layer	edge=M22B-E006342; evidence=M22B-EVID-006515 || edge=M22B-E007747; evidence=M22B-EVID-007920
NODE02737	signaling_cascade	module20_24_export	Node participates in at least one evidence-gated exported mechanism edge.
NODE02737	target_gene	register_target_gene_layer	edge=M22B-E007748; evidence=M22B-EVID-007921 || edge=M22B-E009190; evidence=M22B-EVID-009363
NODE02738	signaling_cascade	module20_24_export	Node participates in at least one evidence-gated exported mechanism edge.
NODE02738	transcription_factor	register_target_gene_layer	edge=M22B-E010678; evidence=M22B-EVID-010771
NODE02739	signaling_cascade	module20_24_export	Node participates in at least one evidence-gated exported mechanism edge.
NODE02739	target_gene	register_target_gene_layer	edge=M22B-E008605; evidence=M22B-EVID-008778
NODE02740	signaling_cascade	module20_24_export	Node participates in at least one evidence-gated exported mechanism edge.
NODE02740	target_gene	register_target_gene_layer	edge=M22B-E009191; evidence=M22B-EVID-009364
NODE02741	signaling_cascade	module20_24_export	Node participates in at least one evidence-gated exported mechanism edge.
NODE02741	target_gene	register_target_gene_layer	edge=M22B-E008051; evidence=M22B-EVID-008224
NODE02742	signaling_cascade	module20_24_export	Node participates in at least one evidence-gated exported mechanism edge.
NODE02742	target_gene	register_target_gene_layer	edge=M22B-E008304; evidence=M22B-EVID-008477
NODE02743	signaling_cascade	module20_24_export	Node participates in at least one evidence-gated exported mechanism edge.
NODE02743	target_gene	register_target_gene_layer	edge=M22B-E008052; evidence=M22B-EVID-008225
NODE02744	signaling_cascade	module20_24_export	Node participates in at least one evidence-gated exported mechanism edge.
NODE02744	target_gene	register_target_gene_layer	edge=M22B-E009192; evidence=M22B-EVID-009365
NODE02745	signaling_cascade	module20_24_export	Node participates in at least one evidence-gated exported mechanism edge.
NODE02745	target_gene	register_target_gene_layer	edge=M22B-E007973; evidence=M22B-EVID-008146 || edge=M22B-E008394; evidence=M22B-EVID-008567 || edge=M22B-E009193; evidence=M22B-EVID-009366
NODE02746	signaling_cascade	module20_24_export	Node participates in at least one evidence-gated exported mechanism edge.
NODE02746	target_gene	register_target_gene_layer	edge=M22B-E008195; evidence=M22B-EVID-008368 || edge=M22B-E009194; evidence=M22B-EVID-009367
NODE02747	signaling_cascade	module20_24_export	Node participates in at least one evidence-gated exported mechanism edge.
NODE02747	target_gene	register_target_gene_layer	edge=M22B-E009195; evidence=M22B-EVID-009368
NODE02748	signaling_cascade	module20_24_export	Node participates in at least one evidence-gated exported mechanism edge.
NODE02748	target_gene	register_target_gene_layer	edge=M22B-E008196; evidence=M22B-EVID-008369
NODE02749	signaling_cascade	module20_24_export	Node participates in at least one evidence-gated exported mechanism edge.
NODE02749	target_gene	register_target_gene_layer	edge=M22B-E008395; evidence=M22B-EVID-008568 || edge=M22B-E009196; evidence=M22B-EVID-009369
NODE02750	signaling_cascade	module20_24_export	Node participates in at least one evidence-gated exported mechanism edge.
NODE02751	signaling_cascade	module20_24_export	Node participates in at least one evidence-gated exported mechanism edge.
NODE02751	target_gene	register_target_gene_layer	edge=M22B-E005880; evidence=M22B-EVID-006053 || edge=M22B-E007126; evidence=M22B-EVID-007299 || edge=M22B-E008053; evidence=M22B-EVID-008226
NODE02752	signaling_cascade	module20_24_export	Node participates in at least one evidence-gated exported mechanism edge.
NODE02752	target_gene	register_target_gene_layer	edge=M22B-E007402; evidence=M22B-EVID-007575
NODE02753	signaling_cascade	module20_24_export	Node participates in at least one evidence-gated exported mechanism edge.
NODE02753	transcription_factor	register_target_gene_layer	edge=M22B-E010188; evidence=M22B-EVID-010361
NODE02754	ligand	register_ligand_receptor_layer	edge=M20B-E003267; evidence=M20B-EVID-003267
NODE02754	signaling_cascade	module20_24_export	Node participates in at least one evidence-gated exported mechanism edge.
NODE02755	ligand	register_ligand_receptor_layer	edge=M20B-E003268; evidence=M20B-EVID-003268
NODE02755	signaling_cascade	module20_24_export	Node participates in at least one evidence-gated exported mechanism edge.
NODE02756	signaling_cascade	module20_24_export	Node participates in at least one evidence-gated exported mechanism edge.
NODE02756	target_gene	register_target_gene_layer	edge=M22B-E009483; evidence=M22B-EVID-009656
NODE02757	signaling_cascade	module20_24_export	Node participates in at least one evidence-gated exported mechanism edge.
NODE02758	signaling_cascade	module20_24_export	Node participates in at least one evidence-gated exported mechanism edge.
NODE02759	signaling_cascade	module20_24_export	Node participates in at least one evidence-gated exported mechanism edge.
NODE02760	signaling_cascade	module20_24_export	Node participates in at least one evidence-gated exported mechanism edge.
NODE02761	signaling_cascade	module20_24_export	Node participates in at least one evidence-gated exported mechanism edge.
NODE02761	target_gene	register_target_gene_layer	edge=M22B-E006029; evidence=M22B-EVID-006202 || edge=M22B-E008197; evidence=M22B-EVID-008370
NODE02762	signaling_cascade	module20_24_export	Node participates in at least one evidence-gated exported mechanism edge.
NODE02763	signaling_cascade	module20_24_export	Node participates in at least one evidence-gated exported mechanism edge.
NODE02764	signaling_cascade	module20_24_export	Node participates in at least one evidence-gated exported mechanism edge.
NODE02765	signaling_cascade	module20_24_export	Node participates in at least one evidence-gated exported mechanism edge.
NODE02766	signaling_cascade	module20_24_export	Node participates in at least one evidence-gated exported mechanism edge.
NODE02767	signaling_cascade	module20_24_export	Node participates in at least one evidence-gated exported mechanism edge.
NODE02768	signaling_cascade	module20_24_export	Node participates in at least one evidence-gated exported mechanism edge.
NODE02769	signaling_cascade	module20_24_export	Node participates in at least one evidence-gated exported mechanism edge.
NODE02770	signaling_cascade	module20_24_export	Node participates in at least one evidence-gated exported mechanism edge.
NODE02771	signaling_cascade	module20_24_export	Node participates in at least one evidence-gated exported mechanism edge.
NODE02771	target_gene	register_target_gene_layer	edge=M22B-E009842; evidence=M22B-EVID-010015
NODE02772	signaling_cascade	module20_24_export	Node participates in at least one evidence-gated exported mechanism edge.
NODE02773	signaling_cascade	module20_24_export	Node participates in at least one evidence-gated exported mechanism edge.
NODE02774	signaling_cascade	module20_24_export	Node participates in at least one evidence-gated exported mechanism edge.
NODE02775	signaling_cascade	module20_24_export	Node participates in at least one evidence-gated exported mechanism edge.
NODE02776	signaling_cascade	module20_24_export	Node participates in at least one evidence-gated exported mechanism edge.
NODE02777	signaling_cascade	module20_24_export	Node participates in at least one evidence-gated exported mechanism edge.
NODE02778	signaling_cascade	module20_24_export	Node participates in at least one evidence-gated exported mechanism edge.
NODE02778	target_gene	register_target_gene_layer	edge=M22B-E010129; evidence=M22B-EVID-010302
NODE02779	signaling_cascade	module20_24_export	Node participates in at least one evidence-gated exported mechanism edge.
NODE02780	signaling_cascade	module20_24_export	Node participates in at least one evidence-gated exported mechanism edge.
NODE02781	signaling_cascade	module20_24_export	Node participates in at least one evidence-gated exported mechanism edge.
NODE02782	signaling_cascade	module20_24_export	Node participates in at least one evidence-gated exported mechanism edge.
NODE02782	target_gene	register_target_gene_layer	edge=M22B-E007403; evidence=M22B-EVID-007576
NODE02783	signaling_cascade	module20_24_export	Node participates in at least one evidence-gated exported mechanism edge.
NODE02784	signaling_cascade	module20_24_export	Node participates in at least one evidence-gated exported mechanism edge.
NODE02785	signaling_cascade	module20_24_export	Node participates in at least one evidence-gated exported mechanism edge.
NODE02786	signaling_cascade	module20_24_export	Node participates in at least one evidence-gated exported mechanism edge.
NODE02787	ligand	register_ligand_receptor_layer	edge=M23B-E000131; evidence=M23B-EVID-000199 || edge=M23B-E000428; evidence=M23B-EVID-000603 || edge=M23B-E000953; evidence=M23B-EVID-001298
NODE02787	signaling_cascade	module20_24_export	Node participates in at least one evidence-gated exported mechanism edge.
NODE02788	ligand	register_ligand_receptor_layer	edge=M20B-E003271; evidence=M20B-EVID-003271;M20B-EVID-005305-P2-RELAY;M20B-EVID-005306-P2-FUNC || edge=M20B-E003272; evidence=M20B-EVID-003272;M20B-EVID-005307-P2-RELAY;M20B-EVID-005308-P2-FUNC
NODE02788	signaling_cascade	module20_24_export	Node participates in at least one evidence-gated exported mechanism edge.
NODE02788	target_gene	register_target_gene_layer	edge=M22B-E006242; evidence=M22B-EVID-006415 || edge=M22B-E006343; evidence=M22B-EVID-006516 || edge=M22B-E006504; evidence=M22B-EVID-006677 || edge=M22B-E007404; evidence=M22B-EVID-007577 || edge=M22B-E008396; evidence=M22B-EVID-008569 || edge=M22B-E008495; evidence=M22B-EVID-008668 || edge=M22B-E008662; evidence=M22B-EVID-008835
NODE02789	signaling_cascade	module20_24_export	Node participates in at least one evidence-gated exported mechanism edge.
NODE02790	ligand	register_ligand_receptor_layer	edge=M20B-E003274; evidence=M20B-EVID-003274 || edge=M20B-E003275; evidence=M20B-EVID-003275
NODE02790	signaling_cascade	module20_24_export	Node participates in at least one evidence-gated exported mechanism edge.
NODE02790	target_gene	register_target_gene_layer	edge=M22B-E007749; evidence=M22B-EVID-007922 || edge=M22B-E009197; evidence=M22B-EVID-009370
NODE02791	signaling_cascade	module20_24_export	Node participates in at least one evidence-gated exported mechanism edge.
NODE02792	ligand	register_ligand_receptor_layer	edge=M20B-E003277; evidence=M20B-EVID-003277 || edge=M20B-E003278; evidence=M20B-EVID-003278
NODE02792	signaling_cascade	module20_24_export	Node participates in at least one evidence-gated exported mechanism edge.
NODE02793	receptor	register_ligand_receptor_layer	edge=M20B-E003271; evidence=M20B-EVID-003271;M20B-EVID-005305-P2-RELAY;M20B-EVID-005306-P2-FUNC || edge=M20B-E003274; evidence=M20B-EVID-003274 || edge=M20B-E003277; evidence=M20B-EVID-003277
NODE02793	signaling_cascade	module20_24_export	Node participates in at least one evidence-gated exported mechanism edge.
NODE02794	signaling_cascade	module20_24_export	Node participates in at least one evidence-gated exported mechanism edge.
NODE02795	signaling_cascade	module20_24_export	Node participates in at least one evidence-gated exported mechanism edge.
NODE02796	signaling_cascade	module20_24_export	Node participates in at least one evidence-gated exported mechanism edge.
NODE02797	receptor	register_ligand_receptor_layer	edge=M20B-E003272; evidence=M20B-EVID-003272;M20B-EVID-005307-P2-RELAY;M20B-EVID-005308-P2-FUNC || edge=M20B-E003275; evidence=M20B-EVID-003275 || edge=M20B-E003278; evidence=M20B-EVID-003278
NODE02797	signaling_cascade	module20_24_export	Node participates in at least one evidence-gated exported mechanism edge.
NODE02797	target_gene	register_target_gene_layer	edge=M22B-E006344; evidence=M22B-EVID-006517 || edge=M22B-E007127; evidence=M22B-EVID-007300 || edge=M22B-E008496; evidence=M22B-EVID-008669
NODE02798	signaling_cascade	module20_24_export	Node participates in at least one evidence-gated exported mechanism edge.
NODE02799	signaling_cascade	module20_24_export	Node participates in at least one evidence-gated exported mechanism edge.
NODE02800	signaling_cascade	module20_24_export	Node participates in at least one evidence-gated exported mechanism edge.
NODE02801	signaling_cascade	module20_24_export	Node participates in at least one evidence-gated exported mechanism edge.
NODE02802	signaling_cascade	module20_24_export	Node participates in at least one evidence-gated exported mechanism edge.
NODE02802	target_gene	register_target_gene_layer	edge=M22B-E007750; evidence=M22B-EVID-007923 || edge=M22B-E009198; evidence=M22B-EVID-009371
NODE02803	signaling_cascade	module20_24_export	Node participates in at least one evidence-gated exported mechanism edge.
NODE02804	signaling_cascade	module20_24_export	Node participates in at least one evidence-gated exported mechanism edge.
NODE02805	signaling_cascade	module20_24_export	Node participates in at least one evidence-gated exported mechanism edge.
NODE02806	signaling_cascade	module20_24_export	Node participates in at least one evidence-gated exported mechanism edge.
NODE02807	signaling_cascade	module20_24_export	Node participates in at least one evidence-gated exported mechanism edge.
NODE02808	ligand	register_ligand_receptor_layer	edge=M20B-E003283; evidence=M20B-EVID-003283 || edge=M20B-E003285; evidence=M20B-EVID-003285 || edge=M20B-E003286; evidence=M20B-EVID-003286 || edge=M20B-E003287; evidence=M20B-EVID-003287 || edge=M20B-E003288; evidence=M20B-EVID-003288 || edge=M20B-E003289; evidence=M20B-EVID-003289 || edge=M20B-E003291; evidence=M20B-EVID-003291 || edge=M23B-E000132; evidence=M23B-EVID-000200 || edge=M23B-E000281; evidence=M23B-EVID-000423;M23B-EVID-EXPAND23A-092 || edge=M23B-E000282; evidence=M23B-EVID-000424;M23B-EVID-EXPAND23A-096 || edge=M23B-E000283; evidence=M23B-EVID-000426;M23B-EVID-EXPAND23A-093 || edge=M23B-E000311; evidence=M23B-EVID-000460 || edge=M23B-E000315; evidence=M23B-EVID-000464
NODE02808	signaling_cascade	module20_24_export	Node participates in at least one evidence-gated exported mechanism edge.
NODE02809	signaling_cascade	module20_24_export	Node participates in at least one evidence-gated exported mechanism edge.
NODE02810	ligand	register_ligand_receptor_layer	edge=M20B-E005384; evidence=M20B-EVID-005384 || edge=M23B-E000284; evidence=M23B-EVID-000428;M23B-EVID-EXPAND23A-100 || edge=M23B-E000286; evidence=M23B-EVID-000433;M23B-EVID-EXPAND23A-091 || edge=M23B-E000287; evidence=M23B-EVID-000434;M23B-EVID-EXPAND23A-097 || edge=M23B-E000289; evidence=M23B-EVID-000438;M23B-EVID-EXPAND23A-088 || edge=M23B-E000313; evidence=M23B-EVID-000462 || edge=M23B-E000314; evidence=M23B-EVID-000463
NODE02810	signaling_cascade	module20_24_export	Node participates in at least one evidence-gated exported mechanism edge.
NODE02811	signaling_cascade	module20_24_export	Node participates in at least one evidence-gated exported mechanism edge.
NODE02812	signaling_cascade	module20_24_export	Node participates in at least one evidence-gated exported mechanism edge.
NODE02813	ligand	register_ligand_receptor_layer	edge=M23B-E000431; evidence=M23B-EVID-000606
NODE02813	signaling_cascade	module20_24_export	Node participates in at least one evidence-gated exported mechanism edge.
NODE02814	ligand	register_ligand_receptor_layer	edge=M20B-E003296; evidence=M20B-EVID-003296 || edge=M20B-E003299; evidence=M20B-EVID-003299 || edge=M20B-E003301; evidence=M20B-EVID-003301 || edge=M20B-E003302; evidence=M20B-EVID-003302
NODE02814	signaling_cascade	module20_24_export	Node participates in at least one evidence-gated exported mechanism edge.
NODE02815	signaling_cascade	module20_24_export	Node participates in at least one evidence-gated exported mechanism edge.
NODE02816	signaling_cascade	module20_24_export	Node participates in at least one evidence-gated exported mechanism edge.
NODE02817	ligand	register_ligand_receptor_layer	edge=M20B-E003306; evidence=M20B-EVID-003306 || edge=M20B-E003307; evidence=M20B-EVID-003307 || edge=M23B-E000292; evidence=M23B-EVID-000441 || edge=M23B-E000293; evidence=M23B-EVID-000442
NODE02817	signaling_cascade	module20_24_export	Node participates in at least one evidence-gated exported mechanism edge.
NODE02818	signaling_cascade	module20_24_export	Node participates in at least one evidence-gated exported mechanism edge.
NODE02819	signaling_cascade	module20_24_export	Node participates in at least one evidence-gated exported mechanism edge.
NODE02820	signaling_cascade	module20_24_export	Node participates in at least one evidence-gated exported mechanism edge.
NODE02821	ligand	register_ligand_receptor_layer	edge=M20B-E003310; evidence=M20B-EVID-003310 || edge=M20B-E003315; evidence=M20B-EVID-003315 || edge=M20B-E005397; evidence=M20B-EVID-005397 || edge=M23B-E000294; evidence=M23B-EVID-000443
NODE02821	signaling_cascade	module20_24_export	Node participates in at least one evidence-gated exported mechanism edge.
NODE02822	signaling_cascade	module20_24_export	Node participates in at least one evidence-gated exported mechanism edge.
NODE02823	signaling_cascade	module20_24_export	Node participates in at least one evidence-gated exported mechanism edge.
NODE02824	ligand	register_ligand_receptor_layer	edge=M23B-E000437; evidence=M23B-EVID-000612;M23B-EVID-EXPAND23A-102 || edge=M23B-E000439; evidence=M23B-EVID-000615 || edge=M23B-E000442; evidence=M23B-EVID-000618
NODE02824	signaling_cascade	module20_24_export	Node participates in at least one evidence-gated exported mechanism edge.
NODE02825	ligand	register_ligand_receptor_layer	edge=M20B-E003318; evidence=M20B-EVID-003318 || edge=M23B-E000500; evidence=M23B-EVID-000681 || edge=M23B-E001175; evidence=M23B-EVID-EXPAND23A-119
NODE02825	signaling_cascade	module20_24_export	Node participates in at least one evidence-gated exported mechanism edge.
NODE02826	signaling_cascade	module20_24_export	Node participates in at least one evidence-gated exported mechanism edge.
NODE02827	signaling_cascade	module20_24_export	Node participates in at least one evidence-gated exported mechanism edge.
NODE02828	signaling_cascade	module20_24_export	Node participates in at least one evidence-gated exported mechanism edge.
NODE02829	signaling_cascade	module20_24_export	Node participates in at least one evidence-gated exported mechanism edge.
NODE02830	signaling_cascade	module20_24_export	Node participates in at least one evidence-gated exported mechanism edge.
NODE02831	signaling_cascade	module20_24_export	Node participates in at least one evidence-gated exported mechanism edge.
NODE02832	signaling_cascade	module20_24_export	Node participates in at least one evidence-gated exported mechanism edge.
NODE02833	signaling_cascade	module20_24_export	Node participates in at least one evidence-gated exported mechanism edge.
NODE02834	ligand	register_ligand_receptor_layer	edge=M20B-E003322; evidence=M20B-EVID-003322 || edge=M23B-E000301; evidence=M23B-EVID-000450 || edge=M23B-E000302; evidence=M23B-EVID-000451 || edge=M23B-E000304; evidence=M23B-EVID-000453 || edge=M23B-E000306; evidence=M23B-EVID-000455 || edge=M23B-E001176; evidence=M23B-EVID-EXPAND23A-120
NODE02834	signaling_cascade	module20_24_export	Node participates in at least one evidence-gated exported mechanism edge.
NODE02835	signaling_cascade	module20_24_export	Node participates in at least one evidence-gated exported mechanism edge.
NODE02836	signaling_cascade	module20_24_export	Node participates in at least one evidence-gated exported mechanism edge.
NODE02837	signaling_cascade	module20_24_export	Node participates in at least one evidence-gated exported mechanism edge.
NODE02838	ligand	register_ligand_receptor_layer	edge=M23B-E000307; evidence=M23B-EVID-000456 || edge=M23B-E000502; evidence=M23B-EVID-000684
NODE02838	receptor	register_ligand_receptor_layer	edge=M23B-E000898; evidence=M23B-EVID-001208
NODE02838	signaling_cascade	module20_24_export	Node participates in at least one evidence-gated exported mechanism edge.
NODE02839	signaling_cascade	module20_24_export	Node participates in at least one evidence-gated exported mechanism edge.
NODE02840	signaling_cascade	module20_24_export	Node participates in at least one evidence-gated exported mechanism edge.
NODE02841	ligand	register_ligand_receptor_layer	edge=M20B-E000450; evidence=M20B-EVID-000450 || edge=M20B-E001855; evidence=M20B-EVID-001855;M20B-EVID-PROMO-20260826-017
NODE02841	signaling_cascade	module20_24_export	Node participates in at least one evidence-gated exported mechanism edge.
NODE02842	ligand	register_ligand_receptor_layer	edge=M23B-E001039; evidence=M23B-EVID-001398
NODE02842	signaling_cascade	module20_24_export	Node participates in at least one evidence-gated exported mechanism edge.
NODE02843	signaling_cascade	module20_24_export	Node participates in at least one evidence-gated exported mechanism edge.
NODE02844	receptor	register_ligand_receptor_layer	edge=M20B-E000450; evidence=M20B-EVID-000450 || edge=M20B-E000452; evidence=M20B-EVID-000452 || edge=M20B-E001250; evidence=M20B-EVID-001250 || edge=M20B-E002113; evidence=M20B-EVID-002113;M20B-EVID-PROMO-20260826-037 || edge=M20B-E002547; evidence=M20B-EVID-002547 || edge=M20B-E003229; evidence=M20B-EVID-003229 || edge=M20B-E004089; evidence=M20B-EVID-004089 || edge=M20B-E004248; evidence=M20B-EVID-004248;M20B-EVID-004248-P2-DIRECT;M20B-EVID-004248-P2-FUNC;M20B-EVID-004248-P2-RELAY || edge=M20B-E005024; evidence=M20B-EVID-005024 || edge=M20B-E005087; evidence=M20B-EVID-005087 || edge=M23B-E000327; evidence=M23B-EVID-000483 || edge=M23B-E000754; evidence=M23B-EVID-001013 || edge=M23B-E001081; evidence=M23B-EVID-EXPAND23A-006
NODE02844	signaling_cascade	module20_24_export	Node participates in at least one evidence-gated exported mechanism edge.
NODE02844	target_gene	register_target_gene_layer	edge=M22B-E005881; evidence=M22B-EVID-006054 || edge=M22B-E006243; evidence=M22B-EVID-006416 || edge=M22B-E006505; evidence=M22B-EVID-006678 || edge=M22B-E007128; evidence=M22B-EVID-007301 || edge=M22B-E007405; evidence=M22B-EVID-007578 || edge=M22B-E007751; evidence=M22B-EVID-007924 || edge=M22B-E008397; evidence=M22B-EVID-008570 || edge=M22B-E008663; evidence=M22B-EVID-008836 || edge=M22B-E009199; evidence=M22B-EVID-009372 || edge=M22B-E010085; evidence=M22B-EVID-010258 || edge=M22B-E010621; evidence=M22B-EVID-010717
NODE02845	receptor	register_ligand_receptor_layer	edge=M23B-E000600; evidence=M23B-EVID-000822
NODE02845	signaling_cascade	module20_24_export	Node participates in at least one evidence-gated exported mechanism edge.
NODE02846	signaling_cascade	module20_24_export	Node participates in at least one evidence-gated exported mechanism edge.
NODE02847	signaling_cascade	module20_24_export	Node participates in at least one evidence-gated exported mechanism edge.
NODE02848	signaling_cascade	module20_24_export	Node participates in at least one evidence-gated exported mechanism edge.
NODE02849	signaling_cascade	module20_24_export	Node participates in at least one evidence-gated exported mechanism edge.
NODE02850	signaling_cascade	module20_24_export	Node participates in at least one evidence-gated exported mechanism edge.
NODE02851	signaling_cascade	module20_24_export	Node participates in at least one evidence-gated exported mechanism edge.
NODE02852	signaling_cascade	module20_24_export	Node participates in at least one evidence-gated exported mechanism edge.
NODE02853	signaling_cascade	module20_24_export	Node participates in at least one evidence-gated exported mechanism edge.
NODE02854	signaling_cascade	module20_24_export	Node participates in at least one evidence-gated exported mechanism edge.
NODE02855	signaling_cascade	module20_24_export	Node participates in at least one evidence-gated exported mechanism edge.
NODE02856	signaling_cascade	module20_24_export	Node participates in at least one evidence-gated exported mechanism edge.
NODE02857	signaling_cascade	module20_24_export	Node participates in at least one evidence-gated exported mechanism edge.
NODE02858	signaling_cascade	module20_24_export	Node participates in at least one evidence-gated exported mechanism edge.
NODE02859	signaling_cascade	module20_24_export	Node participates in at least one evidence-gated exported mechanism edge.
NODE02860	signaling_cascade	module20_24_export	Node participates in at least one evidence-gated exported mechanism edge.
NODE02861	signaling_cascade	module20_24_export	Node participates in at least one evidence-gated exported mechanism edge.
NODE02862	receptor	register_ligand_receptor_layer	edge=M20B-E001799; evidence=M20B-EVID-001799;M20B-EVID-PROMO-20260826-004 || edge=M20B-E001835; evidence=M20B-EVID-001835;M20B-EVID-PROMO-20260826-014 || edge=M20B-E001855; evidence=M20B-EVID-001855;M20B-EVID-PROMO-20260826-017 || edge=M20B-E001856; evidence=M20B-EVID-001856;M20B-EVID-PROMO-20260826-018
NODE02862	signaling_cascade	module20_24_export	Node participates in at least one evidence-gated exported mechanism edge.
NODE02863	signaling_cascade	module20_24_export	Node participates in at least one evidence-gated exported mechanism edge.
NODE02864	signaling_cascade	module20_24_export	Node participates in at least one evidence-gated exported mechanism edge.
NODE02865	signaling_cascade	module20_24_export	Node participates in at least one evidence-gated exported mechanism edge.
NODE02865	target_gene	register_target_gene_layer	edge=M22B-E006345; evidence=M22B-EVID-006518 || edge=M22B-E007406; evidence=M22B-EVID-007579
NODE02866	signaling_cascade	module20_24_export	Node participates in at least one evidence-gated exported mechanism edge.
NODE02866	target_gene	register_target_gene_layer	edge=M22B-E006030; evidence=M22B-EVID-006203 || edge=M22B-E007129; evidence=M22B-EVID-007302 || edge=M22B-E008198; evidence=M22B-EVID-008371
NODE02866	transcription_factor	register_target_gene_layer	edge=M22B-E005757; evidence=M22B-EVID-005930 || edge=M22B-E005761; evidence=M22B-EVID-005934 || edge=M22B-E005768; evidence=M22B-EVID-005941 || edge=M22B-E005839; evidence=M22B-EVID-006012 || edge=M22B-E005840; evidence=M22B-EVID-006013 || edge=M22B-E005841; evidence=M22B-EVID-006014 || edge=M22B-E005842; evidence=M22B-EVID-006015 || edge=M22B-E005843; evidence=M22B-EVID-006016 || edge=M22B-E005844; evidence=M22B-EVID-006017 || edge=M22B-E005845; evidence=M22B-EVID-006018 || edge=M22B-E005846; evidence=M22B-EVID-006019 || edge=M22B-E005847; evidence=M22B-EVID-006020 || edge=M22B-E005848; evidence=M22B-EVID-006021 || edge=M22B-E005849; evidence=M22B-EVID-006022 || edge=M22B-E005850; evidence=M22B-EVID-006023 || edge=M22B-E005851; evidence=M22B-EVID-006024 || edge=M22B-E005852; evidence=M22B-EVID-006025 || edge=M22B-E005853; evidence=M22B-EVID-006026 || edge=M22B-E005854; evidence=M22B-EVID-006027 || edge=M22B-E005855; evidence=M22B-EVID-006028 || edge=M22B-E005856; evidence=M22B-EVID-006029 || edge=M22B-E005857; evidence=M22B-EVID-006030 || edge=M22B-E005858; evidence=M22B-EVID-006031 || edge=M22B-E005859; evidence=M22B-EVID-006032 || edge=M22B-E005860; evidence=M22B-EVID-006033 || edge=M22B-E005861; evidence=M22B-EVID-006034 || edge=M22B-E005862; evidence=M22B-EVID-006035 || edge=M22B-E005863; evidence=M22B-EVID-006036 || edge=M22B-E005864; evidence=M22B-EVID-006037 || edge=M22B-E005865; evidence=M22B-EVID-006038 || edge=M22B-E005866; evidence=M22B-EVID-006039 || edge=M22B-E005867; evidence=M22B-EVID-006040 || edge=M22B-E005868; evidence=M22B-EVID-006041 || edge=M22B-E005869; evidence=M22B-EVID-006042 || edge=M22B-E005870; evidence=M22B-EVID-006043 || edge=M22B-E005871; evidence=M22B-EVID-006044 || edge=M22B-E005872; evidence=M22B-EVID-006045 || edge=M22B-E005873; evidence=M22B-EVID-006046 || edge=M22B-E005874; evidence=M22B-EVID-006047 || edge=M22B-E005875; evidence=M22B-EVID-006048 || edge=M22B-E005876; evidence=M22B-EVID-006049 || edge=M22B-E005877; evidence=M22B-EVID-006050 || edge=M22B-E005878; evidence=M22B-EVID-006051 || edge=M22B-E005879; evidence=M22B-EVID-006052 || edge=M22B-E005880; evidence=M22B-EVID-006053 || edge=M22B-E005881; evidence=M22B-EVID-006054 || edge=M22B-E005882; evidence=M22B-EVID-006055 || edge=M22B-E005883; evidence=M22B-EVID-006056 || edge=M22B-E005884; evidence=M22B-EVID-006057 || edge=M22B-E005885; evidence=M22B-EVID-006058 || edge=M22B-E005886; evidence=M22B-EVID-006059 || edge=M22B-E005887; evidence=M22B-EVID-006060 || edge=M22B-E005888; evidence=M22B-EVID-006061 || edge=M22B-E005889; evidence=M22B-EVID-006062 || edge=M22B-E005890; evidence=M22B-EVID-006063 || edge=M22B-E005891; evidence=M22B-EVID-006064 || edge=M22B-E005892; evidence=M22B-EVID-006065 || edge=M22B-E005893; evidence=M22B-EVID-006066 || edge=M22B-E005894; evidence=M22B-EVID-006067 || edge=M22B-E005895; evidence=M22B-EVID-006068 || edge=M22B-E005896; evidence=M22B-EVID-006069 || edge=M22B-E005897; evidence=M22B-EVID-006070 || edge=M22B-E005898; evidence=M22B-EVID-006071 || edge=M22B-E005899; evidence=M22B-EVID-006072 || edge=M22B-E005900; evidence=M22B-EVID-006073 || edge=M22B-E005901; evidence=M22B-EVID-006074 || edge=M22B-E005902; evidence=M22B-EVID-006075 || edge=M22B-E005903; evidence=M22B-EVID-006076 || edge=M22B-E005904; evidence=M22B-EVID-006077 || edge=M22B-E005905; evidence=M22B-EVID-006078 || edge=M22B-E005906; evidence=M22B-EVID-006079 || edge=M22B-E005907; evidence=M22B-EVID-006080 || edge=M22B-E005908; evidence=M22B-EVID-006081 || edge=M22B-E005909; evidence=M22B-EVID-006082 || edge=M22B-E005910; evidence=M22B-EVID-006083 || edge=M22B-E005911; evidence=M22B-EVID-006084 || edge=M22B-E005912; evidence=M22B-EVID-006085 || edge=M22B-E005913; evidence=M22B-EVID-006086 || edge=M22B-E005914; evidence=M22B-EVID-006087 || edge=M22B-E005915; evidence=M22B-EVID-006088 || edge=M22B-E005916; evidence=M22B-EVID-006089 || edge=M22B-E005917; evidence=M22B-EVID-006090 || edge=M22B-E005918; evidence=M22B-EVID-006091 || edge=M22B-E005919; evidence=M22B-EVID-006092 || edge=M22B-E005920; evidence=M22B-EVID-006093 || edge=M22B-E005921; evidence=M22B-EVID-006094 || edge=M22B-E005922; evidence=M22B-EVID-006095 || edge=M22B-E005923; evidence=M22B-EVID-006096 || edge=M22B-E005924; evidence=M22B-EVID-006097 || edge=M22B-E005925; evidence=M22B-EVID-006098 || edge=M22B-E005926; evidence=M22B-EVID-006099 || edge=M22B-E005927; evidence=M22B-EVID-006100 || edge=M22B-E005928; evidence=M22B-EVID-006101 || edge=M22B-E005929; evidence=M22B-EVID-006102 || edge=M22B-E005930; evidence=M22B-EVID-006103 || edge=M22B-E005931; evidence=M22B-EVID-006104 || edge=M22B-E005932; evidence=M22B-EVID-006105 || edge=M22B-E005933; evidence=M22B-EVID-006106 || edge=M22B-E005934; evidence=M22B-EVID-006107 || edge=M22B-E005935; evidence=M22B-EVID-006108 || edge=M22B-E005936; evidence=M22B-EVID-006109 || edge=M22B-E005937; evidence=M22B-EVID-006110 || edge=M22B-E005938; evidence=M22B-EVID-006111 || edge=M22B-E005939; evidence=M22B-EVID-006112 || edge=M22B-E005940; evidence=M22B-EVID-006113 || edge=M22B-E005941; evidence=M22B-EVID-006114 || edge=M22B-E005942; evidence=M22B-EVID-006115 || edge=M22B-E005943; evidence=M22B-EVID-006116 || edge=M22B-E005944; evidence=M22B-EVID-006117 || edge=M22B-E005945; evidence=M22B-EVID-006118 || edge=M22B-E005946; evidence=M22B-EVID-006119 || edge=M22B-E005947; evidence=M22B-EVID-006120 || edge=M22B-E005948; evidence=M22B-EVID-006121 || edge=M22B-E005949; evidence=M22B-EVID-006122 || edge=M22B-E005950; evidence=M22B-EVID-006123 || edge=M22B-E005951; evidence=M22B-EVID-006124 || edge=M22B-E005952; evidence=M22B-EVID-006125 || edge=M22B-E005953; evidence=M22B-EVID-006126 || edge=M22B-E005954; evidence=M22B-EVID-006127 || edge=M22B-E005955; evidence=M22B-EVID-006128 || edge=M22B-E005956; evidence=M22B-EVID-006129 || edge=M22B-E005957; evidence=M22B-EVID-006130 || edge=M22B-E005958; evidence=M22B-EVID-006131 || edge=M22B-E005959; evidence=M22B-EVID-006132 || edge=M22B-E005960; evidence=M22B-EVID-006133 || edge=M22B-E005961; evidence=M22B-EVID-006134 || edge=M22B-E005962; evidence=M22B-EVID-006135 || edge=M22B-E005963; evidence=M22B-EVID-006136 || edge=M22B-E005964; evidence=M22B-EVID-006137 || edge=M22B-E005965; evidence=M22B-EVID-006138 || edge=M22B-E005966; evidence=M22B-EVID-006139 || edge=M22B-E005967; evidence=M22B-EVID-006140 || edge=M22B-E005968; evidence=M22B-EVID-006141 || edge=M22B-E005969; evidence=M22B-EVID-006142 || edge=M22B-E005970; evidence=M22B-EVID-006143 || edge=M22B-E005971; evidence=M22B-EVID-006144 || edge=M22B-E005972; evidence=M22B-EVID-006145 || edge=M22B-E005973; evidence=M22B-EVID-006146 || edge=M22B-E005974; evidence=M22B-EVID-006147 || edge=M22B-E005975; evidence=M22B-EVID-006148 || edge=M22B-E005976; evidence=M22B-EVID-006149 || edge=M22B-E005977; evidence=M22B-EVID-006150 || edge=M22B-E005978; evidence=M22B-EVID-006151 || edge=M22B-E008002; evidence=M22B-EVID-008175 || edge=M22B-E008003; evidence=M22B-EVID-008176 || edge=M22B-E008004; evidence=M22B-EVID-008177 || edge=M22B-E008005; evidence=M22B-EVID-008178 || edge=M22B-E008006; evidence=M22B-EVID-008179 || edge=M22B-E008007; evidence=M22B-EVID-008180 || edge=M22B-E008008; evidence=M22B-EVID-008181 || edge=M22B-E008009; evidence=M22B-EVID-008182 || edge=M22B-E008010; evidence=M22B-EVID-008183 || edge=M22B-E008011; evidence=M22B-EVID-008184 || edge=M22B-E008012; evidence=M22B-EVID-008185 || edge=M22B-E008013; evidence=M22B-EVID-008186 || edge=M22B-E008014; evidence=M22B-EVID-008187 || edge=M22B-E008015; evidence=M22B-EVID-008188 || edge=M22B-E008016; evidence=M22B-EVID-008189 || edge=M22B-E008017; evidence=M22B-EVID-008190 || edge=M22B-E008018; evidence=M22B-EVID-008191 || edge=M22B-E008019; evidence=M22B-EVID-008192 || edge=M22B-E008020; evidence=M22B-EVID-008193 || edge=M22B-E008021; evidence=M22B-EVID-008194 || edge=M22B-E008022; evidence=M22B-EVID-008195 || edge=M22B-E008023; evidence=M22B-EVID-008196 || edge=M22B-E008024; evidence=M22B-EVID-008197 || edge=M22B-E008025; evidence=M22B-EVID-008198 || edge=M22B-E008026; evidence=M22B-EVID-008199 || edge=M22B-E008027; evidence=M22B-EVID-008200 || edge=M22B-E008028; evidence=M22B-EVID-008201 || edge=M22B-E008029; evidence=M22B-EVID-008202 || edge=M22B-E008030; evidence=M22B-EVID-008203 || edge=M22B-E008031; evidence=M22B-EVID-008204 || edge=M22B-E008032; evidence=M22B-EVID-008205 || edge=M22B-E008033; evidence=M22B-EVID-008206 || edge=M22B-E008034; evidence=M22B-EVID-008207 || edge=M22B-E008035; evidence=M22B-EVID-008208 || edge=M22B-E008036; evidence=M22B-EVID-008209 || edge=M22B-E008037; evidence=M22B-EVID-008210 || edge=M22B-E008038; evidence=M22B-EVID-008211 || edge=M22B-E008039; evidence=M22B-EVID-008212 || edge=M22B-E008040; evidence=M22B-EVID-008213 || edge=M22B-E008041; evidence=M22B-EVID-008214 || edge=M22B-E008042; evidence=M22B-EVID-008215 || edge=M22B-E008043; evidence=M22B-EVID-008216 || edge=M22B-E008044; evidence=M22B-EVID-008217 || edge=M22B-E008045; evidence=M22B-EVID-008218 || edge=M22B-E008046; evidence=M22B-EVID-008219 || edge=M22B-E008047; evidence=M22B-EVID-008220 || edge=M22B-E008048; evidence=M22B-EVID-008221 || edge=M22B-E008049; evidence=M22B-EVID-008222 || edge=M22B-E008050; evidence=M22B-EVID-008223 || edge=M22B-E008051; evidence=M22B-EVID-008224 || edge=M22B-E008052; evidence=M22B-EVID-008225 || edge=M22B-E008053; evidence=M22B-EVID-008226 || edge=M22B-E008054; evidence=M22B-EVID-008227 || edge=M22B-E008055; evidence=M22B-EVID-008228 || edge=M22B-E008056; evidence=M22B-EVID-008229 || edge=M22B-E008057; evidence=M22B-EVID-008230 || edge=M22B-E008058; evidence=M22B-EVID-008231 || edge=M22B-E008059; evidence=M22B-EVID-008232 || edge=M22B-E008060; evidence=M22B-EVID-008233 || edge=M22B-E008061; evidence=M22B-EVID-008234 || edge=M22B-E008062; evidence=M22B-EVID-008235 || edge=M22B-E008063; evidence=M22B-EVID-008236 || edge=M22B-E008064; evidence=M22B-EVID-008237 || edge=M22B-E008065; evidence=M22B-EVID-008238 || edge=M22B-E008066; evidence=M22B-EVID-008239 || edge=M22B-E008067; evidence=M22B-EVID-008240 || edge=M22B-E008068; evidence=M22B-EVID-008241 || edge=M22B-E008069; evidence=M22B-EVID-008242 || edge=M22B-E008070; evidence=M22B-EVID-008243 || edge=M22B-E008071; evidence=M22B-EVID-008244 || edge=M22B-E008072; evidence=M22B-EVID-008245 || edge=M22B-E008073; evidence=M22B-EVID-008246 || edge=M22B-E008074; evidence=M22B-EVID-008247 || edge=M22B-E008075; evidence=M22B-EVID-008248 || edge=M22B-E008076; evidence=M22B-EVID-008249 || edge=M22B-E008077; evidence=M22B-EVID-008250 || edge=M22B-E008078; evidence=M22B-EVID-008251 || edge=M22B-E008079; evidence=M22B-EVID-008252 || edge=M22B-E008080; evidence=M22B-EVID-008253 || edge=M22B-E008081; evidence=M22B-EVID-008254 || edge=M22B-E008082; evidence=M22B-EVID-008255 || edge=M22B-E008083; evidence=M22B-EVID-008256 || edge=M22B-E008084; evidence=M22B-EVID-008257 || edge=M22B-E008085; evidence=M22B-EVID-008258 || edge=M22B-E008086; evidence=M22B-EVID-008259 || edge=M22B-E008087; evidence=M22B-EVID-008260 || edge=M22B-E008088; evidence=M22B-EVID-008261 || edge=M22B-E008089; evidence=M22B-EVID-008262 || edge=M22B-E008090; evidence=M22B-EVID-008263 || edge=M22B-E008091; evidence=M22B-EVID-008264 || edge=M22B-E008092; evidence=M22B-EVID-008265 || edge=M22B-E008093; evidence=M22B-EVID-008266 || edge=M22B-E008094; evidence=M22B-EVID-008267 || edge=M22B-E008095; evidence=M22B-EVID-008268 || edge=M22B-E008096; evidence=M22B-EVID-008269 || edge=M22B-E008097; evidence=M22B-EVID-008270 || edge=M22B-E008098; evidence=M22B-EVID-008271 || edge=M22B-E008099; evidence=M22B-EVID-008272 || edge=M22B-E008100; evidence=M22B-EVID-008273 || edge=M22B-E008101; evidence=M22B-EVID-008274 || edge=M22B-E008102; evidence=M22B-EVID-008275 || edge=M22B-E008103; evidence=M22B-EVID-008276 || edge=M22B-E008104; evidence=M22B-EVID-008277 || edge=M22B-E008105; evidence=M22B-EVID-008278 || edge=M22B-E008106; evidence=M22B-EVID-008279 || edge=M22B-E008107; evidence=M22B-EVID-008280 || edge=M22B-E008108; evidence=M22B-EVID-008281 || edge=M22B-E008109; evidence=M22B-EVID-008282 || edge=M22B-E008110; evidence=M22B-EVID-008283 || edge=M22B-E008111; evidence=M22B-EVID-008284 || edge=M22B-E008112; evidence=M22B-EVID-008285 || edge=M22B-E008113; evidence=M22B-EVID-008286 || edge=M22B-E008114; evidence=M22B-EVID-008287 || edge=M22B-E008115; evidence=M22B-EVID-008288 || edge=M22B-E008116; evidence=M22B-EVID-008289 || edge=M22B-E008117; evidence=M22B-EVID-008290 || edge=M22B-E008118; evidence=M22B-EVID-008291 || edge=M22B-E008119; evidence=M22B-EVID-008292 || edge=M22B-E008120; evidence=M22B-EVID-008293 || edge=M22B-E008121; evidence=M22B-EVID-008294 || edge=M22B-E008122; evidence=M22B-EVID-008295 || edge=M22B-E008123; evidence=M22B-EVID-008296 || edge=M22B-E008124; evidence=M22B-EVID-008297 || edge=M22B-E008125; evidence=M22B-EVID-008298 || edge=M22B-E008126; evidence=M22B-EVID-008299 || edge=M22B-E008127; evidence=M22B-EVID-008300 || edge=M22B-E008128; evidence=M22B-EVID-008301 || edge=M22B-E008129; evidence=M22B-EVID-008302 || edge=M22B-E008130; evidence=M22B-EVID-008303 || edge=M22B-E008131; evidence=M22B-EVID-008304 || edge=M22B-E008132; evidence=M22B-EVID-008305 || edge=M22B-E008133; evidence=M22B-EVID-008306 || edge=M22B-E008134; evidence=M22B-EVID-008307 || edge=M22B-E008135; evidence=M22B-EVID-008308 || edge=M22B-E008136; evidence=M22B-EVID-008309 || edge=M22B-E008137; evidence=M22B-EVID-008310 || edge=M22B-E008138; evidence=M22B-EVID-008311 || edge=M22B-E008139; evidence=M22B-EVID-008312 || edge=M22B-E009372; evidence=M22B-EVID-009545 || edge=M22B-E009373; evidence=M22B-EVID-009546 || edge=M22B-E009374; evidence=M22B-EVID-009547 || edge=M22B-E009375; evidence=M22B-EVID-009548 || edge=M22B-E009645; evidence=M22B-EVID-009818 || edge=M22B-E009646; evidence=M22B-EVID-009819 || edge=M22B-E009647; evidence=M22B-EVID-009820 || edge=M22B-E009648; evidence=M22B-EVID-009821 || edge=M22B-E009649; evidence=M22B-EVID-009822 || edge=M22B-E009650; evidence=M22B-EVID-009823 || edge=M22B-E009651; evidence=M22B-EVID-009824 || edge=M22B-E009652; evidence=M22B-EVID-009825 || edge=M22B-E009653; evidence=M22B-EVID-009826 || edge=M22B-E009654; evidence=M22B-EVID-009827 || edge=M22B-E009655; evidence=M22B-EVID-009828 || edge=M22B-E009656; evidence=M22B-EVID-009829 || edge=M22B-E009657; evidence=M22B-EVID-009830 || edge=M22B-E009658; evidence=M22B-EVID-009831 || edge=M22B-E009659; evidence=M22B-EVID-009832 || edge=M22B-E009660; evidence=M22B-EVID-009833 || edge=M22B-E009661; evidence=M22B-EVID-009834 || edge=M22B-E009662; evidence=M22B-EVID-009835 || edge=M22B-E009663; evidence=M22B-EVID-009836 || edge=M22B-E009664; evidence=M22B-EVID-009837 || edge=M22B-E009665; evidence=M22B-EVID-009838 || edge=M22B-E009666; evidence=M22B-EVID-009839 || edge=M22B-E009667; evidence=M22B-EVID-009840 || edge=M22B-E009668; evidence=M22B-EVID-009841 || edge=M22B-E009669; evidence=M22B-EVID-009842 || edge=M22B-E010048; evidence=M22B-EVID-010221 || edge=M22B-E010049; evidence=M22B-EVID-010222 || edge=M22B-E010408; evidence=M22B-EVID-010580 || edge=M22B-E010442; evidence=M22B-EVID-010609 || edge=M22B-E010564; evidence=M22B-EVID-010662
NODE02867	signaling_cascade	module20_24_export	Node participates in at least one evidence-gated exported mechanism edge.
NODE02867	target_gene	register_target_gene_layer	edge=M22B-E000158; evidence=M22B-EVID-000622
NODE02868	signaling_cascade	module20_24_export	Node participates in at least one evidence-gated exported mechanism edge.
NODE02869	signaling_cascade	module20_24_export	Node participates in at least one evidence-gated exported mechanism edge.
NODE02870	signaling_cascade	module20_24_export	Node participates in at least one evidence-gated exported mechanism edge.
NODE02870	target_gene	register_target_gene_layer	edge=M22B-E006031; evidence=M22B-EVID-006204 || edge=M22B-E008199; evidence=M22B-EVID-008372
NODE02870	transcription_factor	register_target_gene_layer	edge=M22B-E010338; evidence=M22B-EVID-010510
NODE02871	signaling_cascade	module20_24_export	Node participates in at least one evidence-gated exported mechanism edge.
NODE02871	target_gene	register_target_gene_layer	edge=M22B-E005882; evidence=M22B-EVID-006055 || edge=M22B-E006700; evidence=M22B-EVID-006873 || edge=M22B-E008054; evidence=M22B-EVID-008227 || edge=M22B-E008861; evidence=M22B-EVID-009034
NODE02871	transcription_factor	register_target_gene_layer	edge=M22B-E010409; evidence=M22B-EVID-010581 || edge=M22B-E010628; evidence=M22B-EVID-010724
NODE02872	signaling_cascade	module20_24_export	Node participates in at least one evidence-gated exported mechanism edge.
NODE02873	signaling_cascade	module20_24_export	Node participates in at least one evidence-gated exported mechanism edge.
NODE02873	transcription_factor	register_target_gene_layer	edge=M22B-E010573; evidence=M22B-EVID-010669 || edge=M22B-E010651; evidence=M22B-EVID-010746
NODE02874	signaling_cascade	module20_24_export	Node participates in at least one evidence-gated exported mechanism edge.
NODE02874	target_gene	register_target_gene_layer	edge=M22B-E007752; evidence=M22B-EVID-007925 || edge=M22B-E009200; evidence=M22B-EVID-009373
NODE02875	signaling_cascade	module20_24_export	Node participates in at least one evidence-gated exported mechanism edge.
NODE02875	target_gene	register_target_gene_layer	edge=M22B-E007407; evidence=M22B-EVID-007580
NODE02876	signaling_cascade	module20_24_export	Node participates in at least one evidence-gated exported mechanism edge.
NODE02877	signaling_cascade	module20_24_export	Node participates in at least one evidence-gated exported mechanism edge.
NODE02877	target_gene	register_target_gene_layer	edge=M22B-E006455; evidence=M22B-EVID-006628 || edge=M22B-E007408; evidence=M22B-EVID-007581 || edge=M22B-E008606; evidence=M22B-EVID-008779
NODE02878	signaling_cascade	module20_24_export	Node participates in at least one evidence-gated exported mechanism edge.
NODE02878	target_gene	register_target_gene_layer	edge=M22B-E007409; evidence=M22B-EVID-007582
NODE02879	signaling_cascade	module20_24_export	Node participates in at least one evidence-gated exported mechanism edge.
NODE02880	signaling_cascade	module20_24_export	Node participates in at least one evidence-gated exported mechanism edge.
NODE02881	signaling_cascade	module20_24_export	Node participates in at least one evidence-gated exported mechanism edge.
NODE02882	signaling_cascade	module20_24_export	Node participates in at least one evidence-gated exported mechanism edge.
NODE02883	signaling_cascade	module20_24_export	Node participates in at least one evidence-gated exported mechanism edge.
NODE02883	target_gene	register_target_gene_layer	edge=M22B-E006701; evidence=M22B-EVID-006874 || edge=M22B-E008862; evidence=M22B-EVID-009035
NODE02884	signaling_cascade	module20_24_export	Node participates in at least one evidence-gated exported mechanism edge.
NODE02884	target_gene	register_target_gene_layer	edge=M22B-E006702; evidence=M22B-EVID-006875 || edge=M22B-E008863; evidence=M22B-EVID-009036
NODE02885	signaling_cascade	module20_24_export	Node participates in at least one evidence-gated exported mechanism edge.
NODE02885	target_gene	register_target_gene_layer	edge=M22B-E006703; evidence=M22B-EVID-006876
NODE02886	signaling_cascade	module20_24_export	Node participates in at least one evidence-gated exported mechanism edge.
NODE02886	target_gene	register_target_gene_layer	edge=M22B-E006704; evidence=M22B-EVID-006877 || edge=M22B-E008864; evidence=M22B-EVID-009037
NODE02887	signaling_cascade	module20_24_export	Node participates in at least one evidence-gated exported mechanism edge.
NODE02888	signaling_cascade	module20_24_export	Node participates in at least one evidence-gated exported mechanism edge.
NODE02889	signaling_cascade	module20_24_export	Node participates in at least one evidence-gated exported mechanism edge.
NODE02889	target_gene	register_target_gene_layer	edge=M22B-E006705; evidence=M22B-EVID-006878 || edge=M22B-E008865; evidence=M22B-EVID-009038
NODE02890	signaling_cascade	module20_24_export	Node participates in at least one evidence-gated exported mechanism edge.
NODE02890	target_gene	register_target_gene_layer	edge=M22B-E006706; evidence=M22B-EVID-006879 || edge=M22B-E008866; evidence=M22B-EVID-009039
NODE02891	signaling_cascade	module20_24_export	Node participates in at least one evidence-gated exported mechanism edge.
NODE02892	signaling_cascade	module20_24_export	Node participates in at least one evidence-gated exported mechanism edge.
NODE02893	signaling_cascade	module20_24_export	Node participates in at least one evidence-gated exported mechanism edge.
NODE02894	signaling_cascade	module20_24_export	Node participates in at least one evidence-gated exported mechanism edge.
NODE02894	transcription_factor	register_target_gene_layer	edge=M22B-E010396; evidence=M22B-EVID-010568 || edge=M22B-E010585; evidence=M22B-EVID-010681
NODE02895	signaling_cascade	module20_24_export	Node participates in at least one evidence-gated exported mechanism edge.
NODE02895	target_gene	register_target_gene_layer	edge=M22B-E009544; evidence=M22B-EVID-009717
NODE02896	signaling_cascade	module20_24_export	Node participates in at least one evidence-gated exported mechanism edge.
NODE02896	target_gene	register_target_gene_layer	edge=M22B-E007410; evidence=M22B-EVID-007583
NODE02897	signaling_cascade	module20_24_export	Node participates in at least one evidence-gated exported mechanism edge.
NODE02898	signaling_cascade	module20_24_export	Node participates in at least one evidence-gated exported mechanism edge.
NODE02899	signaling_cascade	module20_24_export	Node participates in at least one evidence-gated exported mechanism edge.
NODE02899	transcription_factor	register_target_gene_layer	edge=M22B-E000175; evidence=M22B-EVID-001230;M22B-EVID-001256;M22B-EVID-001282;M22B-EVID-001308;M22B-EVID-001333;M22B-EVID-001358 || edge=M22B-E000176; evidence=M22B-EVID-001050;M22B-EVID-001102 || edge=M22B-E000177; evidence=M22B-EVID-001076;M22B-EVID-001127;M22B-EVID-001153;M22B-EVID-001205;M22B-EVID-001383 || edge=M22B-E000178; evidence=M22B-EVID-001190
NODE02900	signaling_cascade	module20_24_export	Node participates in at least one evidence-gated exported mechanism edge.
NODE02900	target_gene	register_target_gene_layer	edge=M22B-E006707; evidence=M22B-EVID-006880 || edge=M22B-E008867; evidence=M22B-EVID-009040
NODE02900	transcription_factor	register_target_gene_layer	edge=M22B-E000158; evidence=M22B-EVID-000622 || edge=M22B-E009921; evidence=M22B-EVID-010094 || edge=M22B-E010050; evidence=M22B-EVID-010223 || edge=M22B-E010051; evidence=M22B-EVID-010224 || edge=M22B-E010052; evidence=M22B-EVID-010225 || edge=M22B-E010053; evidence=M22B-EVID-010226 || edge=M22B-E010276; evidence=M22B-EVID-010449 || edge=M22B-E010642; evidence=M22B-EVID-010738
NODE02901	signaling_cascade	module20_24_export	Node participates in at least one evidence-gated exported mechanism edge.
NODE02902	signaling_cascade	module20_24_export	Node participates in at least one evidence-gated exported mechanism edge.
NODE02903	signaling_cascade	module20_24_export	Node participates in at least one evidence-gated exported mechanism edge.
NODE02904	signaling_cascade	module20_24_export	Node participates in at least one evidence-gated exported mechanism edge.
NODE02905	signaling_cascade	module20_24_export	Node participates in at least one evidence-gated exported mechanism edge.
NODE02905	target_gene	register_target_gene_layer	edge=M22B-E009545; evidence=M22B-EVID-009718
NODE02906	signaling_cascade	module20_24_export	Node participates in at least one evidence-gated exported mechanism edge.
NODE02906	target_gene	register_target_gene_layer	edge=M22B-E006506; evidence=M22B-EVID-006679 || edge=M22B-E008664; evidence=M22B-EVID-008837
NODE02907	signaling_cascade	module20_24_export	Node participates in at least one evidence-gated exported mechanism edge.
NODE02908	signaling_cascade	module20_24_export	Node participates in at least one evidence-gated exported mechanism edge.
NODE02909	signaling_cascade	module20_24_export	Node participates in at least one evidence-gated exported mechanism edge.
NODE02909	target_gene	register_target_gene_layer	edge=M22B-E007411; evidence=M22B-EVID-007584
NODE02910	signaling_cascade	module20_24_export	Node participates in at least one evidence-gated exported mechanism edge.
NODE02911	signaling_cascade	module20_24_export	Node participates in at least one evidence-gated exported mechanism edge.
NODE02912	signaling_cascade	module20_24_export	Node participates in at least one evidence-gated exported mechanism edge.
NODE02913	signaling_cascade	module20_24_export	Node participates in at least one evidence-gated exported mechanism edge.
NODE02914	signaling_cascade	module20_24_export	Node participates in at least one evidence-gated exported mechanism edge.
NODE02915	signaling_cascade	module20_24_export	Node participates in at least one evidence-gated exported mechanism edge.
NODE02916	signaling_cascade	module20_24_export	Node participates in at least one evidence-gated exported mechanism edge.
NODE02917	ligand	register_ligand_receptor_layer	edge=M23B-E001182; evidence=M23B-EVID-EXPAND23A-126 || edge=M23B-E001183; evidence=M23B-EVID-EXPAND23A-127
NODE02917	signaling_cascade	module20_24_export	Node participates in at least one evidence-gated exported mechanism edge.
NODE02918	signaling_cascade	module20_24_export	Node participates in at least one evidence-gated exported mechanism edge.
NODE02919	signaling_cascade	module20_24_export	Node participates in at least one evidence-gated exported mechanism edge.
NODE02920	signaling_cascade	module20_24_export	Node participates in at least one evidence-gated exported mechanism edge.
NODE02921	signaling_cascade	module20_24_export	Node participates in at least one evidence-gated exported mechanism edge.
NODE02922	signaling_cascade	module20_24_export	Node participates in at least one evidence-gated exported mechanism edge.
NODE02922	target_gene	register_target_gene_layer	edge=M22B-E006032; evidence=M22B-EVID-006205 || edge=M22B-E008200; evidence=M22B-EVID-008373
NODE02923	signaling_cascade	module20_24_export	Node participates in at least one evidence-gated exported mechanism edge.
NODE02924	signaling_cascade	module20_24_export	Node participates in at least one evidence-gated exported mechanism edge.
NODE02925	signaling_cascade	module20_24_export	Node participates in at least one evidence-gated exported mechanism edge.
NODE02926	signaling_cascade	module20_24_export	Node participates in at least one evidence-gated exported mechanism edge.
NODE02927	signaling_cascade	module20_24_export	Node participates in at least one evidence-gated exported mechanism edge.
NODE02928	signaling_cascade	module20_24_export	Node participates in at least one evidence-gated exported mechanism edge.
NODE02929	ligand	register_ligand_receptor_layer	edge=M23B-E000123; evidence=M23B-EVID-000191 || edge=M23B-E000124; evidence=M23B-EVID-000192
NODE02929	signaling_cascade	module20_24_export	Node participates in at least one evidence-gated exported mechanism edge.
NODE02930	signaling_cascade	module20_24_export	Node participates in at least one evidence-gated exported mechanism edge.
NODE02931	signaling_cascade	module20_24_export	Node participates in at least one evidence-gated exported mechanism edge.
NODE02932	signaling_cascade	module20_24_export	Node participates in at least one evidence-gated exported mechanism edge.
NODE02933	signaling_cascade	module20_24_export	Node participates in at least one evidence-gated exported mechanism edge.
NODE02934	signaling_cascade	module20_24_export	Node participates in at least one evidence-gated exported mechanism edge.
NODE02935	signaling_cascade	module20_24_export	Node participates in at least one evidence-gated exported mechanism edge.
NODE02936	signaling_cascade	module20_24_export	Node participates in at least one evidence-gated exported mechanism edge.
NODE02937	signaling_cascade	module20_24_export	Node participates in at least one evidence-gated exported mechanism edge.
NODE02938	signaling_cascade	module20_24_export	Node participates in at least one evidence-gated exported mechanism edge.
NODE02939	signaling_cascade	module20_24_export	Node participates in at least one evidence-gated exported mechanism edge.
NODE02940	receptor	register_ligand_receptor_layer	edge=M20B-E003554; evidence=M20B-EVID-003554 || edge=M20B-E004003; evidence=M20B-EVID-004003;M20B-EVID-004003-P2-DIRECT;M20B-EVID-004003-P2-FUNC;M20B-EVID-004003-P2-RELAY || edge=M20B-E004129; evidence=M20B-EVID-004129;M20B-EVID-004129-P2-DIRECT;M20B-EVID-004129-P2-FUNC;M20B-EVID-004129-P2-RELAY || edge=M20B-E005025; evidence=M20B-EVID-005025 || edge=M20B-E005044; evidence=M20B-EVID-005044
NODE02940	signaling_cascade	module20_24_export	Node participates in at least one evidence-gated exported mechanism edge.
NODE02940	target_gene	register_target_gene_layer	edge=M22B-E006346; evidence=M22B-EVID-006519 || edge=M22B-E008497; evidence=M22B-EVID-008670 || edge=M22B-E009546; evidence=M22B-EVID-009719
NODE02941	signaling_cascade	module20_24_export	Node participates in at least one evidence-gated exported mechanism edge.
NODE02942	signaling_cascade	module20_24_export	Node participates in at least one evidence-gated exported mechanism edge.
NODE02943	signaling_cascade	module20_24_export	Node participates in at least one evidence-gated exported mechanism edge.
NODE02944	signaling_cascade	module20_24_export	Node participates in at least one evidence-gated exported mechanism edge.
NODE02944	target_gene	register_target_gene_layer	edge=M22B-E005747; evidence=M22B-EVID-005920
NODE02945	signaling_cascade	module20_24_export	Node participates in at least one evidence-gated exported mechanism edge.
NODE02946	signaling_cascade	module20_24_export	Node participates in at least one evidence-gated exported mechanism edge.
NODE02946	target_gene	register_target_gene_layer	edge=M22B-E006347; evidence=M22B-EVID-006520 || edge=M22B-E008498; evidence=M22B-EVID-008671
NODE02947	signaling_cascade	module20_24_export	Node participates in at least one evidence-gated exported mechanism edge.
NODE02947	target_gene	register_target_gene_layer	edge=M22B-E010599; evidence=M22B-EVID-010695
NODE02948	signaling_cascade	module20_24_export	Node participates in at least one evidence-gated exported mechanism edge.
NODE02949	signaling_cascade	module20_24_export	Node participates in at least one evidence-gated exported mechanism edge.
NODE02950	signaling_cascade	module20_24_export	Node participates in at least one evidence-gated exported mechanism edge.
NODE02950	target_gene	register_target_gene_layer	edge=M22B-E009622; evidence=M22B-EVID-009795
NODE02951	signaling_cascade	module20_24_export	Node participates in at least one evidence-gated exported mechanism edge.
NODE02951	target_gene	register_target_gene_layer	edge=M22B-E006708; evidence=M22B-EVID-006881 || edge=M22B-E008868; evidence=M22B-EVID-009041
NODE02952	signaling_cascade	module20_24_export	Node participates in at least one evidence-gated exported mechanism edge.
NODE02952	transcription_factor	register_target_gene_layer	edge=M22B-E010371; evidence=M22B-EVID-010543
NODE02953	signaling_cascade	module20_24_export	Node participates in at least one evidence-gated exported mechanism edge.
NODE02954	signaling_cascade	module20_24_export	Node participates in at least one evidence-gated exported mechanism edge.
NODE02954	target_gene	register_target_gene_layer	edge=M22B-E005883; evidence=M22B-EVID-006056 || edge=M22B-E008055; evidence=M22B-EVID-008228
NODE02955	signaling_cascade	module20_24_export	Node participates in at least one evidence-gated exported mechanism edge.
NODE02956	signaling_cascade	module20_24_export	Node participates in at least one evidence-gated exported mechanism edge.
NODE02957	signaling_cascade	module20_24_export	Node participates in at least one evidence-gated exported mechanism edge.
NODE02958	signaling_cascade	module20_24_export	Node participates in at least one evidence-gated exported mechanism edge.
NODE02958	transcription_factor	register_target_gene_layer	edge=M22B-E010548; evidence=M22B-EVID-010654 || edge=M22B-E010550; evidence=M22B-EVID-010654
NODE02959	signaling_cascade	module20_24_export	Node participates in at least one evidence-gated exported mechanism edge.
NODE02960	signaling_cascade	module20_24_export	Node participates in at least one evidence-gated exported mechanism edge.
NODE02961	signaling_cascade	module20_24_export	Node participates in at least one evidence-gated exported mechanism edge.
NODE02962	signaling_cascade	module20_24_export	Node participates in at least one evidence-gated exported mechanism edge.
NODE02962	target_gene	register_target_gene_layer	edge=M22B-E006709; evidence=M22B-EVID-006882 || edge=M22B-E008869; evidence=M22B-EVID-009042
NODE02963	signaling_cascade	module20_24_export	Node participates in at least one evidence-gated exported mechanism edge.
NODE02963	target_gene	register_target_gene_layer	edge=M22B-E007753; evidence=M22B-EVID-007926 || edge=M22B-E009201; evidence=M22B-EVID-009374
NODE02964	signaling_cascade	module20_24_export	Node participates in at least one evidence-gated exported mechanism edge.
NODE02965	signaling_cascade	module20_24_export	Node participates in at least one evidence-gated exported mechanism edge.
NODE02966	signaling_cascade	module20_24_export	Node participates in at least one evidence-gated exported mechanism edge.
NODE02967	signaling_cascade	module20_24_export	Node participates in at least one evidence-gated exported mechanism edge.
NODE02968	ligand	register_ligand_receptor_layer	edge=M20B-E002113; evidence=M20B-EVID-002113;M20B-EVID-PROMO-20260826-037
NODE02968	signaling_cascade	module20_24_export	Node participates in at least one evidence-gated exported mechanism edge.
NODE02969	signaling_cascade	module20_24_export	Node participates in at least one evidence-gated exported mechanism edge.
NODE02970	receptor	register_ligand_receptor_layer	edge=M20B-E003283; evidence=M20B-EVID-003283 || edge=M20B-E003296; evidence=M20B-EVID-003296
NODE02970	signaling_cascade	module20_24_export	Node participates in at least one evidence-gated exported mechanism edge.
NODE02971	receptor	register_ligand_receptor_layer	edge=M20B-E003306; evidence=M20B-EVID-003306
NODE02971	signaling_cascade	module20_24_export	Node participates in at least one evidence-gated exported mechanism edge.
NODE02972	signaling_cascade	module20_24_export	Node participates in at least one evidence-gated exported mechanism edge.
NODE02973	signaling_cascade	module20_24_export	Node participates in at least one evidence-gated exported mechanism edge.
NODE02974	receptor	register_ligand_receptor_layer	edge=M23B-E000437; evidence=M23B-EVID-000612;M23B-EVID-EXPAND23A-102
NODE02974	signaling_cascade	module20_24_export	Node participates in at least one evidence-gated exported mechanism edge.
NODE02975	receptor	register_ligand_receptor_layer	edge=M20B-E003285; evidence=M20B-EVID-003285 || edge=M20B-E003307; evidence=M20B-EVID-003307 || edge=M20B-E003310; evidence=M20B-EVID-003310 || edge=M23B-E000132; evidence=M23B-EVID-000200 || edge=M23B-E000284; evidence=M23B-EVID-000428;M23B-EVID-EXPAND23A-100 || edge=M23B-E000439; evidence=M23B-EVID-000615
NODE02975	signaling_cascade	module20_24_export	Node participates in at least one evidence-gated exported mechanism edge.
NODE02975	target_gene	register_target_gene_layer	edge=M22B-E007754; evidence=M22B-EVID-007927 || edge=M22B-E009202; evidence=M22B-EVID-009375
NODE02976	signaling_cascade	module20_24_export	Node participates in at least one evidence-gated exported mechanism edge.
NODE02977	signaling_cascade	module20_24_export	Node participates in at least one evidence-gated exported mechanism edge.
NODE02978	signaling_cascade	module20_24_export	Node participates in at least one evidence-gated exported mechanism edge.
NODE02979	signaling_cascade	module20_24_export	Node participates in at least one evidence-gated exported mechanism edge.
NODE02980	signaling_cascade	module20_24_export	Node participates in at least one evidence-gated exported mechanism edge.
NODE02981	receptor	register_ligand_receptor_layer	edge=M20B-E003286; evidence=M20B-EVID-003286 || edge=M20B-E003299; evidence=M20B-EVID-003299 || edge=M23B-E000431; evidence=M23B-EVID-000606
NODE02981	signaling_cascade	module20_24_export	Node participates in at least one evidence-gated exported mechanism edge.
NODE02982	signaling_cascade	module20_24_export	Node participates in at least one evidence-gated exported mechanism edge.
NODE02983	signaling_cascade	module20_24_export	Node participates in at least one evidence-gated exported mechanism edge.
NODE02984	receptor	register_ligand_receptor_layer	edge=M20B-E003287; evidence=M20B-EVID-003287 || edge=M20B-E005384; evidence=M20B-EVID-005384 || edge=M20B-E005397; evidence=M20B-EVID-005397 || edge=M23B-E000442; evidence=M23B-EVID-000618
NODE02984	signaling_cascade	module20_24_export	Node participates in at least one evidence-gated exported mechanism edge.
NODE02985	receptor	register_ligand_receptor_layer	edge=M23B-E000292; evidence=M23B-EVID-000441 || edge=M23B-E000294; evidence=M23B-EVID-000443 || edge=M23B-E000301; evidence=M23B-EVID-000450 || edge=M23B-E000307; evidence=M23B-EVID-000456 || edge=M23B-E000311; evidence=M23B-EVID-000460 || edge=M23B-E000313; evidence=M23B-EVID-000462
NODE02985	signaling_cascade	module20_24_export	Node participates in at least one evidence-gated exported mechanism edge.
NODE02986	signaling_cascade	module20_24_export	Node participates in at least one evidence-gated exported mechanism edge.
NODE02987	signaling_cascade	module20_24_export	Node participates in at least one evidence-gated exported mechanism edge.
NODE02988	signaling_cascade	module20_24_export	Node participates in at least one evidence-gated exported mechanism edge.
NODE02989	signaling_cascade	module20_24_export	Node participates in at least one evidence-gated exported mechanism edge.
NODE02990	signaling_cascade	module20_24_export	Node participates in at least one evidence-gated exported mechanism edge.
NODE02991	signaling_cascade	module20_24_export	Node participates in at least one evidence-gated exported mechanism edge.
NODE02992	signaling_cascade	module20_24_export	Node participates in at least one evidence-gated exported mechanism edge.
NODE02993	receptor	register_ligand_receptor_layer	edge=M20B-E003288; evidence=M20B-EVID-003288 || edge=M23B-E000281; evidence=M23B-EVID-000423;M23B-EVID-EXPAND23A-092 || edge=M23B-E000286; evidence=M23B-EVID-000433;M23B-EVID-EXPAND23A-091
NODE02993	signaling_cascade	module20_24_export	Node participates in at least one evidence-gated exported mechanism edge.
NODE02994	signaling_cascade	module20_24_export	Node participates in at least one evidence-gated exported mechanism edge.
NODE02995	signaling_cascade	module20_24_export	Node participates in at least one evidence-gated exported mechanism edge.
NODE02996	signaling_cascade	module20_24_export	Node participates in at least one evidence-gated exported mechanism edge.
NODE02997	signaling_cascade	module20_24_export	Node participates in at least one evidence-gated exported mechanism edge.
NODE02998	receptor	register_ligand_receptor_layer	edge=M20B-E003289; evidence=M20B-EVID-003289 || edge=M23B-E000282; evidence=M23B-EVID-000424;M23B-EVID-EXPAND23A-096 || edge=M23B-E000287; evidence=M23B-EVID-000434;M23B-EVID-EXPAND23A-097
NODE02998	signaling_cascade	module20_24_export	Node participates in at least one evidence-gated exported mechanism edge.
NODE02999	receptor	register_ligand_receptor_layer	edge=M20B-E003301; evidence=M20B-EVID-003301
NODE02999	signaling_cascade	module20_24_export	Node participates in at least one evidence-gated exported mechanism edge.
NODE02999	target_gene	register_target_gene_layer	edge=M22B-E006244; evidence=M22B-EVID-006417 || edge=M22B-E008398; evidence=M22B-EVID-008571
NODE03000	receptor	register_ligand_receptor_layer	edge=M23B-E000314; evidence=M23B-EVID-000463
NODE03000	signaling_cascade	module20_24_export	Node participates in at least one evidence-gated exported mechanism edge.
NODE03001	signaling_cascade	module20_24_export	Node participates in at least one evidence-gated exported mechanism edge.
NODE03002	receptor	register_ligand_receptor_layer	edge=M20B-E003291; evidence=M20B-EVID-003291 || edge=M20B-E003302; evidence=M20B-EVID-003302 || edge=M23B-E000283; evidence=M23B-EVID-000426;M23B-EVID-EXPAND23A-093 || edge=M23B-E000289; evidence=M23B-EVID-000438;M23B-EVID-EXPAND23A-088
NODE03002	signaling_cascade	module20_24_export	Node participates in at least one evidence-gated exported mechanism edge.
NODE03003	receptor	register_ligand_receptor_layer	edge=M23B-E000293; evidence=M23B-EVID-000442 || edge=M23B-E000315; evidence=M23B-EVID-000464
NODE03003	signaling_cascade	module20_24_export	Node participates in at least one evidence-gated exported mechanism edge.
NODE03004	signaling_cascade	module20_24_export	Node participates in at least one evidence-gated exported mechanism edge.
NODE03005	signaling_cascade	module20_24_export	Node participates in at least one evidence-gated exported mechanism edge.
NODE03006	receptor	register_ligand_receptor_layer	edge=M20B-E003318; evidence=M20B-EVID-003318 || edge=M20B-E003322; evidence=M20B-EVID-003322
NODE03006	signaling_cascade	module20_24_export	Node participates in at least one evidence-gated exported mechanism edge.
NODE03007	signaling_cascade	module20_24_export	Node participates in at least one evidence-gated exported mechanism edge.
NODE03008	signaling_cascade	module20_24_export	Node participates in at least one evidence-gated exported mechanism edge.
NODE03009	signaling_cascade	module20_24_export	Node participates in at least one evidence-gated exported mechanism edge.
NODE03010	receptor	register_ligand_receptor_layer	edge=M20B-E003315; evidence=M20B-EVID-003315
NODE03010	signaling_cascade	module20_24_export	Node participates in at least one evidence-gated exported mechanism edge.
NODE03010	target_gene	register_target_gene_layer	edge=M22B-E010333; evidence=M22B-EVID-010505
NODE03011	signaling_cascade	module20_24_export	Node participates in at least one evidence-gated exported mechanism edge.
NODE03012	receptor	register_ligand_receptor_layer	edge=M23B-E000302; evidence=M23B-EVID-000451
NODE03012	signaling_cascade	module20_24_export	Node participates in at least one evidence-gated exported mechanism edge.
NODE03013	signaling_cascade	module20_24_export	Node participates in at least one evidence-gated exported mechanism edge.
NODE03014	signaling_cascade	module20_24_export	Node participates in at least one evidence-gated exported mechanism edge.
NODE03015	signaling_cascade	module20_24_export	Node participates in at least one evidence-gated exported mechanism edge.
NODE03016	signaling_cascade	module20_24_export	Node participates in at least one evidence-gated exported mechanism edge.
NODE03017	receptor	register_ligand_receptor_layer	edge=M23B-E000150; evidence=M23B-EVID-000224
NODE03017	signaling_cascade	module20_24_export	Node participates in at least one evidence-gated exported mechanism edge.
NODE03018	signaling_cascade	module20_24_export	Node participates in at least one evidence-gated exported mechanism edge.
NODE03019	signaling_cascade	module20_24_export	Node participates in at least one evidence-gated exported mechanism edge.
NODE03020	signaling_cascade	module20_24_export	Node participates in at least one evidence-gated exported mechanism edge.
NODE03021	signaling_cascade	module20_24_export	Node participates in at least one evidence-gated exported mechanism edge.
NODE03022	receptor	register_ligand_receptor_layer	edge=M20B-E003348; evidence=M20B-EVID-003348 || edge=M23B-E000152; evidence=M23B-EVID-000226
NODE03022	signaling_cascade	module20_24_export	Node participates in at least one evidence-gated exported mechanism edge.
NODE03022	target_gene	register_target_gene_layer	edge=M22B-E007755; evidence=M22B-EVID-007928 || edge=M22B-E009203; evidence=M22B-EVID-009376 || edge=M22B-E010272; evidence=M22B-EVID-010445 || edge=M22B-E010273; evidence=M22B-EVID-010446
NODE03023	receptor	register_ligand_receptor_layer	edge=M23B-E000304; evidence=M23B-EVID-000453
NODE03023	signaling_cascade	module20_24_export	Node participates in at least one evidence-gated exported mechanism edge.
NODE03024	signaling_cascade	module20_24_export	Node participates in at least one evidence-gated exported mechanism edge.
NODE03025	signaling_cascade	module20_24_export	Node participates in at least one evidence-gated exported mechanism edge.
NODE03026	receptor	register_ligand_receptor_layer	edge=M23B-E000154; evidence=M23B-EVID-000228 || edge=M23B-E000500; evidence=M23B-EVID-000681 || edge=M23B-E000502; evidence=M23B-EVID-000684
NODE03026	signaling_cascade	module20_24_export	Node participates in at least one evidence-gated exported mechanism edge.
NODE03027	receptor	register_ligand_receptor_layer	edge=M23B-E000306; evidence=M23B-EVID-000455
NODE03027	signaling_cascade	module20_24_export	Node participates in at least one evidence-gated exported mechanism edge.
NODE03028	signaling_cascade	module20_24_export	Node participates in at least one evidence-gated exported mechanism edge.
NODE03029	signaling_cascade	module20_24_export	Node participates in at least one evidence-gated exported mechanism edge.
NODE03030	signaling_cascade	module20_24_export	Node participates in at least one evidence-gated exported mechanism edge.
NODE03031	signaling_cascade	module20_24_export	Node participates in at least one evidence-gated exported mechanism edge.
NODE03032	signaling_cascade	module20_24_export	Node participates in at least one evidence-gated exported mechanism edge.
NODE03033	ligand	register_ligand_receptor_layer	edge=M23B-E000150; evidence=M23B-EVID-000224
NODE03033	signaling_cascade	module20_24_export	Node participates in at least one evidence-gated exported mechanism edge.
NODE03034	signaling_cascade	module20_24_export	Node participates in at least one evidence-gated exported mechanism edge.
NODE03035	ligand	register_ligand_receptor_layer	edge=M23B-E000152; evidence=M23B-EVID-000226 || edge=M23B-E000154; evidence=M23B-EVID-000228
NODE03035	signaling_cascade	module20_24_export	Node participates in at least one evidence-gated exported mechanism edge.
NODE03036	signaling_cascade	module20_24_export	Node participates in at least one evidence-gated exported mechanism edge.
NODE03037	signaling_cascade	module20_24_export	Node participates in at least one evidence-gated exported mechanism edge.
NODE03037	target_gene	register_target_gene_layer	edge=M22B-E006710; evidence=M22B-EVID-006883 || edge=M22B-E008870; evidence=M22B-EVID-009043
NODE03038	signaling_cascade	module20_24_export	Node participates in at least one evidence-gated exported mechanism edge.
NODE03039	signaling_cascade	module20_24_export	Node participates in at least one evidence-gated exported mechanism edge.
NODE03040	ligand	register_ligand_receptor_layer	edge=M20B-E003348; evidence=M20B-EVID-003348 || edge=M20B-E003349; evidence=M20B-EVID-003349;M20B-EVID-005309-P2-RELAY;M20B-EVID-005310-P2-FUNC
NODE03040	signaling_cascade	module20_24_export	Node participates in at least one evidence-gated exported mechanism edge.
NODE03040	target_gene	register_target_gene_layer	edge=M22B-E006245; evidence=M22B-EVID-006418 || edge=M22B-E006348; evidence=M22B-EVID-006521 || edge=M22B-E007130; evidence=M22B-EVID-007303 || edge=M22B-E008399; evidence=M22B-EVID-008572 || edge=M22B-E009650; evidence=M22B-EVID-009823
NODE03041	signaling_cascade	module20_24_export	Node participates in at least one evidence-gated exported mechanism edge.
NODE03042	signaling_cascade	module20_24_export	Node participates in at least one evidence-gated exported mechanism edge.
NODE03043	signaling_cascade	module20_24_export	Node participates in at least one evidence-gated exported mechanism edge.
NODE03044	signaling_cascade	module20_24_export	Node participates in at least one evidence-gated exported mechanism edge.
NODE03045	signaling_cascade	module20_24_export	Node participates in at least one evidence-gated exported mechanism edge.
NODE03046	receptor	register_ligand_receptor_layer	edge=M20B-E003349; evidence=M20B-EVID-003349;M20B-EVID-005309-P2-RELAY;M20B-EVID-005310-P2-FUNC
NODE03046	signaling_cascade	module20_24_export	Node participates in at least one evidence-gated exported mechanism edge.
NODE03046	target_gene	register_target_gene_layer	edge=M22B-E006246; evidence=M22B-EVID-006419 || edge=M22B-E007131; evidence=M22B-EVID-007304 || edge=M22B-E008400; evidence=M22B-EVID-008573
NODE03047	signaling_cascade	module20_24_export	Node participates in at least one evidence-gated exported mechanism edge.
NODE03048	signaling_cascade	module20_24_export	Node participates in at least one evidence-gated exported mechanism edge.
NODE03049	signaling_cascade	module20_24_export	Node participates in at least one evidence-gated exported mechanism edge.
NODE03050	signaling_cascade	module20_24_export	Node participates in at least one evidence-gated exported mechanism edge.
NODE03050	target_gene	register_target_gene_layer	edge=M22B-E005884; evidence=M22B-EVID-006057 || edge=M22B-E008056; evidence=M22B-EVID-008229
NODE03051	signaling_cascade	module20_24_export	Node participates in at least one evidence-gated exported mechanism edge.
NODE03052	signaling_cascade	module20_24_export	Node participates in at least one evidence-gated exported mechanism edge.
NODE03053	signaling_cascade	module20_24_export	Node participates in at least one evidence-gated exported mechanism edge.
NODE03053	target_gene	register_target_gene_layer	edge=M22B-E010420; evidence=M22B-EVID-010592
NODE03054	signaling_cascade	module20_24_export	Node participates in at least one evidence-gated exported mechanism edge.
NODE03054	target_gene	register_target_gene_layer	edge=M22B-E006456; evidence=M22B-EVID-006629
NODE03055	signaling_cascade	module20_24_export	Node participates in at least one evidence-gated exported mechanism edge.
NODE03056	signaling_cascade	module20_24_export	Node participates in at least one evidence-gated exported mechanism edge.
NODE03057	receptor	register_ligand_receptor_layer	edge=M20B-E004864; evidence=M20B-EVID-004864;M20B-EVID-004864-P2-FUNC;M20B-EVID-004864-P2-RELAY
NODE03057	signaling_cascade	module20_24_export	Node participates in at least one evidence-gated exported mechanism edge.
NODE03057	target_gene	register_target_gene_layer	edge=M22B-E009547; evidence=M22B-EVID-009720 || edge=M22B-E010394; evidence=M22B-EVID-010566 || edge=M22B-E010395; evidence=M22B-EVID-010567 || edge=M22B-E010396; evidence=M22B-EVID-010568
NODE03058	signaling_cascade	module20_24_export	Node participates in at least one evidence-gated exported mechanism edge.
NODE03059	signaling_cascade	module20_24_export	Node participates in at least one evidence-gated exported mechanism edge.
NODE03060	signaling_cascade	module20_24_export	Node participates in at least one evidence-gated exported mechanism edge.
NODE03061	receptor	register_ligand_receptor_layer	edge=M20B-E004385; evidence=M20B-EVID-004385;M20B-EVID-004385-P2-DIRECT;M20B-EVID-004385-P2-FUNC;M20B-EVID-004385-P2-RELAY
NODE03061	signaling_cascade	module20_24_export	Node participates in at least one evidence-gated exported mechanism edge.
NODE03062	receptor	register_ligand_receptor_layer	edge=M20B-E001836; evidence=M20B-EVID-001836;M20B-EVID-PROMO-20260826-015 || edge=M20B-E001857; evidence=M20B-EVID-001857;M20B-EVID-PROMO-20260826-019 || edge=M20B-E004386; evidence=M20B-EVID-004386;M20B-EVID-004386-P2-DIRECT;M20B-EVID-004386-P2-FUNC;M20B-EVID-004386-P2-RELAY
NODE03062	signaling_cascade	module20_24_export	Node participates in at least one evidence-gated exported mechanism edge.
NODE03063	receptor	register_ligand_receptor_layer	edge=M20B-E004772; evidence=M20B-EVID-004772;M20B-EVID-004772-P2-DIRECT;M20B-EVID-004772-P2-FUNC;M20B-EVID-004772-P2-RELAY
NODE03063	signaling_cascade	module20_24_export	Node participates in at least one evidence-gated exported mechanism edge.
NODE03063	target_gene	register_target_gene_layer	edge=M22B-E010397; evidence=M22B-EVID-010569 || edge=M22B-E010398; evidence=M22B-EVID-010570 || edge=M22B-E010399; evidence=M22B-EVID-010571 || edge=M22B-E010400; evidence=M22B-EVID-010572
NODE03064	signaling_cascade	module20_24_export	Node participates in at least one evidence-gated exported mechanism edge.
NODE03065	signaling_cascade	module20_24_export	Node participates in at least one evidence-gated exported mechanism edge.
NODE03066	receptor	register_ligand_receptor_layer	edge=M20B-E001251; evidence=M20B-EVID-001251
NODE03066	signaling_cascade	module20_24_export	Node participates in at least one evidence-gated exported mechanism edge.
NODE03066	target_gene	register_target_gene_layer	edge=M22B-E010332; evidence=M22B-EVID-010504
NODE03067	signaling_cascade	module20_24_export	Node participates in at least one evidence-gated exported mechanism edge.
NODE03068	signaling_cascade	module20_24_export	Node participates in at least one evidence-gated exported mechanism edge.
NODE03069	signaling_cascade	module20_24_export	Node participates in at least one evidence-gated exported mechanism edge.
NODE03070	signaling_cascade	module20_24_export	Node participates in at least one evidence-gated exported mechanism edge.
NODE03071	signaling_cascade	module20_24_export	Node participates in at least one evidence-gated exported mechanism edge.
NODE03071	target_gene	register_target_gene_layer	edge=M22B-E006156; evidence=M22B-EVID-006329 || edge=M22B-E006507; evidence=M22B-EVID-006680 || edge=M22B-E008305; evidence=M22B-EVID-008478 || edge=M22B-E008665; evidence=M22B-EVID-008838
NODE03072	signaling_cascade	module20_24_export	Node participates in at least one evidence-gated exported mechanism edge.
NODE03072	target_gene	register_target_gene_layer	edge=M22B-E006157; evidence=M22B-EVID-006330 || edge=M22B-E008306; evidence=M22B-EVID-008479
NODE03073	signaling_cascade	module20_24_export	Node participates in at least one evidence-gated exported mechanism edge.
NODE03073	target_gene	register_target_gene_layer	edge=M22B-E006349; evidence=M22B-EVID-006522 || edge=M22B-E008499; evidence=M22B-EVID-008672
NODE03074	ligand	register_ligand_receptor_layer	edge=M20B-E000452; evidence=M20B-EVID-000452 || edge=M20B-E001856; evidence=M20B-EVID-001856;M20B-EVID-PROMO-20260826-018 || edge=M20B-E001857; evidence=M20B-EVID-001857;M20B-EVID-PROMO-20260826-019
NODE03074	signaling_cascade	module20_24_export	Node participates in at least one evidence-gated exported mechanism edge.
NODE03075	signaling_cascade	module20_24_export	Node participates in at least one evidence-gated exported mechanism edge.
NODE03076	signaling_cascade	module20_24_export	Node participates in at least one evidence-gated exported mechanism edge.
NODE03077	signaling_cascade	module20_24_export	Node participates in at least one evidence-gated exported mechanism edge.
NODE03078	signaling_cascade	module20_24_export	Node participates in at least one evidence-gated exported mechanism edge.
NODE03078	target_gene	register_target_gene_layer	edge=M22B-E006033; evidence=M22B-EVID-006206 || edge=M22B-E006247; evidence=M22B-EVID-006420 || edge=M22B-E008201; evidence=M22B-EVID-008374 || edge=M22B-E008401; evidence=M22B-EVID-008574
NODE03078	transcription_factor	register_target_gene_layer	edge=M22B-E010171; evidence=M22B-EVID-010344
NODE03079	signaling_cascade	module20_24_export	Node participates in at least one evidence-gated exported mechanism edge.
NODE03080	signaling_cascade	module20_24_export	Node participates in at least one evidence-gated exported mechanism edge.
NODE03081	signaling_cascade	module20_24_export	Node participates in at least one evidence-gated exported mechanism edge.
NODE03082	signaling_cascade	module20_24_export	Node participates in at least one evidence-gated exported mechanism edge.
NODE03083	signaling_cascade	module20_24_export	Node participates in at least one evidence-gated exported mechanism edge.
NODE03084	signaling_cascade	module20_24_export	Node participates in at least one evidence-gated exported mechanism edge.
NODE03085	signaling_cascade	module20_24_export	Node participates in at least one evidence-gated exported mechanism edge.
NODE03086	signaling_cascade	module20_24_export	Node participates in at least one evidence-gated exported mechanism edge.
NODE03087	signaling_cascade	module20_24_export	Node participates in at least one evidence-gated exported mechanism edge.
NODE03088	signaling_cascade	module20_24_export	Node participates in at least one evidence-gated exported mechanism edge.
NODE03089	signaling_cascade	module20_24_export	Node participates in at least one evidence-gated exported mechanism edge.
NODE03090	signaling_cascade	module20_24_export	Node participates in at least one evidence-gated exported mechanism edge.
NODE03090	target_gene	register_target_gene_layer	edge=M22B-E006350; evidence=M22B-EVID-006523 || edge=M22B-E008500; evidence=M22B-EVID-008673
NODE03091	signaling_cascade	module20_24_export	Node participates in at least one evidence-gated exported mechanism edge.
NODE03091	target_gene	register_target_gene_layer	edge=M22B-E009391; evidence=M22B-EVID-009564 || edge=M22B-E009548; evidence=M22B-EVID-009721
NODE03092	signaling_cascade	module20_24_export	Node participates in at least one evidence-gated exported mechanism edge.
NODE03092	target_gene	register_target_gene_layer	edge=M22B-E010589; evidence=M22B-EVID-010685
NODE03093	signaling_cascade	module20_24_export	Node participates in at least one evidence-gated exported mechanism edge.
NODE03094	signaling_cascade	module20_24_export	Node participates in at least one evidence-gated exported mechanism edge.
NODE03094	target_gene	register_target_gene_layer	edge=M22B-E006711; evidence=M22B-EVID-006884 || edge=M22B-E008871; evidence=M22B-EVID-009044
NODE03095	signaling_cascade	module20_24_export	Node participates in at least one evidence-gated exported mechanism edge.
NODE03096	signaling_cascade	module20_24_export	Node participates in at least one evidence-gated exported mechanism edge.
NODE03097	signaling_cascade	module20_24_export	Node participates in at least one evidence-gated exported mechanism edge.
NODE03097	target_gene	register_target_gene_layer	edge=M22B-E006248; evidence=M22B-EVID-006421 || edge=M22B-E007132; evidence=M22B-EVID-007305 || edge=M22B-E007412; evidence=M22B-EVID-007585 || edge=M22B-E008402; evidence=M22B-EVID-008575
NODE03097	transcription_factor	register_target_gene_layer	edge=M22B-E000167; evidence=M22B-EVID-000105 || edge=M22B-E000168; evidence=M22B-EVID-000107 || edge=M22B-E010224; evidence=M22B-EVID-010397 || edge=M22B-E010302; evidence=M22B-EVID-010474 || edge=M22B-E010332; evidence=M22B-EVID-010504 || edge=M22B-E010415; evidence=M22B-EVID-010587 || edge=M22B-E010570; evidence=M22B-EVID-010667
NODE03098	signaling_cascade	module20_24_export	Node participates in at least one evidence-gated exported mechanism edge.
NODE03099	signaling_cascade	module20_24_export	Node participates in at least one evidence-gated exported mechanism edge.
NODE03099	target_gene	register_target_gene_layer	edge=M22B-E007413; evidence=M22B-EVID-007586
NODE03099	transcription_factor	register_target_gene_layer	edge=M22B-E000169; evidence=M22B-EVID-000106 || edge=M22B-E010004; evidence=M22B-EVID-010177 || edge=M22B-E010054; evidence=M22B-EVID-010227 || edge=M22B-E010055; evidence=M22B-EVID-010228
NODE03100	signaling_cascade	module20_24_export	Node participates in at least one evidence-gated exported mechanism edge.
NODE03100	transcription_factor	register_target_gene_layer	edge=M22B-E010366; evidence=M22B-EVID-010538
NODE03101	signaling_cascade	module20_24_export	Node participates in at least one evidence-gated exported mechanism edge.
NODE03102	signaling_cascade	module20_24_export	Node participates in at least one evidence-gated exported mechanism edge.
NODE03103	signaling_cascade	module20_24_export	Node participates in at least one evidence-gated exported mechanism edge.
NODE03103	target_gene	register_target_gene_layer	edge=M22B-E006351; evidence=M22B-EVID-006524 || edge=M22B-E006508; evidence=M22B-EVID-006681 || edge=M22B-E007133; evidence=M22B-EVID-007306 || edge=M22B-E008501; evidence=M22B-EVID-008674 || edge=M22B-E008666; evidence=M22B-EVID-008839
NODE03103	transcription_factor	register_target_gene_layer	edge=M22B-E005745; evidence=M22B-EVID-005918 || edge=M22B-E005979; evidence=M22B-EVID-006152 || edge=M22B-E005980; evidence=M22B-EVID-006153 || edge=M22B-E005981; evidence=M22B-EVID-006154 || edge=M22B-E005982; evidence=M22B-EVID-006155 || edge=M22B-E005983; evidence=M22B-EVID-006156 || edge=M22B-E005984; evidence=M22B-EVID-006157 || edge=M22B-E005985; evidence=M22B-EVID-006158 || edge=M22B-E005986; evidence=M22B-EVID-006159 || edge=M22B-E005987; evidence=M22B-EVID-006160 || edge=M22B-E005988; evidence=M22B-EVID-006161 || edge=M22B-E005989; evidence=M22B-EVID-006162 || edge=M22B-E005990; evidence=M22B-EVID-006163 || edge=M22B-E005991; evidence=M22B-EVID-006164 || edge=M22B-E005992; evidence=M22B-EVID-006165 || edge=M22B-E005993; evidence=M22B-EVID-006166 || edge=M22B-E005994; evidence=M22B-EVID-006167 || edge=M22B-E005995; evidence=M22B-EVID-006168 || edge=M22B-E005996; evidence=M22B-EVID-006169 || edge=M22B-E005997; evidence=M22B-EVID-006170 || edge=M22B-E005998; evidence=M22B-EVID-006171 || edge=M22B-E005999; evidence=M22B-EVID-006172 || edge=M22B-E006000; evidence=M22B-EVID-006173 || edge=M22B-E006001; evidence=M22B-EVID-006174 || edge=M22B-E006002; evidence=M22B-EVID-006175 || edge=M22B-E006003; evidence=M22B-EVID-006176 || edge=M22B-E006004; evidence=M22B-EVID-006177 || edge=M22B-E006005; evidence=M22B-EVID-006178 || edge=M22B-E006006; evidence=M22B-EVID-006179 || edge=M22B-E006007; evidence=M22B-EVID-006180 || edge=M22B-E006008; evidence=M22B-EVID-006181 || edge=M22B-E006009; evidence=M22B-EVID-006182 || edge=M22B-E006010; evidence=M22B-EVID-006183 || edge=M22B-E006011; evidence=M22B-EVID-006184 || edge=M22B-E006012; evidence=M22B-EVID-006185 || edge=M22B-E006013; evidence=M22B-EVID-006186 || edge=M22B-E006014; evidence=M22B-EVID-006187 || edge=M22B-E006015; evidence=M22B-EVID-006188 || edge=M22B-E006016; evidence=M22B-EVID-006189 || edge=M22B-E006017; evidence=M22B-EVID-006190 || edge=M22B-E006018; evidence=M22B-EVID-006191 || edge=M22B-E006019; evidence=M22B-EVID-006192 || edge=M22B-E006020; evidence=M22B-EVID-006193 || edge=M22B-E006021; evidence=M22B-EVID-006194 || edge=M22B-E006022; evidence=M22B-EVID-006195 || edge=M22B-E006023; evidence=M22B-EVID-006196 || edge=M22B-E006024; evidence=M22B-EVID-006197 || edge=M22B-E006025; evidence=M22B-EVID-006198 || edge=M22B-E006026; evidence=M22B-EVID-006199 || edge=M22B-E006027; evidence=M22B-EVID-006200 || edge=M22B-E006028; evidence=M22B-EVID-006201 || edge=M22B-E006029; evidence=M22B-EVID-006202 || edge=M22B-E006030; evidence=M22B-EVID-006203 || edge=M22B-E006031; evidence=M22B-EVID-006204 || edge=M22B-E006032; evidence=M22B-EVID-006205 || edge=M22B-E006033; evidence=M22B-EVID-006206 || edge=M22B-E006034; evidence=M22B-EVID-006207 || edge=M22B-E006035; evidence=M22B-EVID-006208 || edge=M22B-E006036; evidence=M22B-EVID-006209 || edge=M22B-E006037; evidence=M22B-EVID-006210 || edge=M22B-E006038; evidence=M22B-EVID-006211 || edge=M22B-E006039; evidence=M22B-EVID-006212 || edge=M22B-E006040; evidence=M22B-EVID-006213 || edge=M22B-E006041; evidence=M22B-EVID-006214 || edge=M22B-E006042; evidence=M22B-EVID-006215 || edge=M22B-E006043; evidence=M22B-EVID-006216 || edge=M22B-E006044; evidence=M22B-EVID-006217 || edge=M22B-E006045; evidence=M22B-EVID-006218 || edge=M22B-E006046; evidence=M22B-EVID-006219 || edge=M22B-E006047; evidence=M22B-EVID-006220 || edge=M22B-E006048; evidence=M22B-EVID-006221 || edge=M22B-E006049; evidence=M22B-EVID-006222 || edge=M22B-E006050; evidence=M22B-EVID-006223 || edge=M22B-E006051; evidence=M22B-EVID-006224 || edge=M22B-E006052; evidence=M22B-EVID-006225 || edge=M22B-E006053; evidence=M22B-EVID-006226 || edge=M22B-E006054; evidence=M22B-EVID-006227 || edge=M22B-E006055; evidence=M22B-EVID-006228 || edge=M22B-E006056; evidence=M22B-EVID-006229 || edge=M22B-E006057; evidence=M22B-EVID-006230 || edge=M22B-E006058; evidence=M22B-EVID-006231 || edge=M22B-E006059; evidence=M22B-EVID-006232 || edge=M22B-E006060; evidence=M22B-EVID-006233 || edge=M22B-E006061; evidence=M22B-EVID-006234 || edge=M22B-E006062; evidence=M22B-EVID-006235 || edge=M22B-E006063; evidence=M22B-EVID-006236 || edge=M22B-E006064; evidence=M22B-EVID-006237 || edge=M22B-E006065; evidence=M22B-EVID-006238 || edge=M22B-E006066; evidence=M22B-EVID-006239 || edge=M22B-E006067; evidence=M22B-EVID-006240 || edge=M22B-E006068; evidence=M22B-EVID-006241 || edge=M22B-E006069; evidence=M22B-EVID-006242 || edge=M22B-E006070; evidence=M22B-EVID-006243 || edge=M22B-E006071; evidence=M22B-EVID-006244 || edge=M22B-E006072; evidence=M22B-EVID-006245 || edge=M22B-E006073; evidence=M22B-EVID-006246 || edge=M22B-E006074; evidence=M22B-EVID-006247 || edge=M22B-E006075; evidence=M22B-EVID-006248 || edge=M22B-E006076; evidence=M22B-EVID-006249 || edge=M22B-E006077; evidence=M22B-EVID-006250 || edge=M22B-E006078; evidence=M22B-EVID-006251 || edge=M22B-E006079; evidence=M22B-EVID-006252 || edge=M22B-E006080; evidence=M22B-EVID-006253 || edge=M22B-E006081; evidence=M22B-EVID-006254 || edge=M22B-E006082; evidence=M22B-EVID-006255 || edge=M22B-E006083; evidence=M22B-EVID-006256 || edge=M22B-E006084; evidence=M22B-EVID-006257 || edge=M22B-E006085; evidence=M22B-EVID-006258 || edge=M22B-E006086; evidence=M22B-EVID-006259 || edge=M22B-E006087; evidence=M22B-EVID-006260 || edge=M22B-E006088; evidence=M22B-EVID-006261 || edge=M22B-E006089; evidence=M22B-EVID-006262 || edge=M22B-E006090; evidence=M22B-EVID-006263 || edge=M22B-E006091; evidence=M22B-EVID-006264 || edge=M22B-E006092; evidence=M22B-EVID-006265 || edge=M22B-E006093; evidence=M22B-EVID-006266 || edge=M22B-E006094; evidence=M22B-EVID-006267 || edge=M22B-E006095; evidence=M22B-EVID-006268 || edge=M22B-E006096; evidence=M22B-EVID-006269 || edge=M22B-E006097; evidence=M22B-EVID-006270 || edge=M22B-E006098; evidence=M22B-EVID-006271 || edge=M22B-E006099; evidence=M22B-EVID-006272 || edge=M22B-E006100; evidence=M22B-EVID-006273 || edge=M22B-E006101; evidence=M22B-EVID-006274 || edge=M22B-E006102; evidence=M22B-EVID-006275 || edge=M22B-E006103; evidence=M22B-EVID-006276 || edge=M22B-E006104; evidence=M22B-EVID-006277 || edge=M22B-E006105; evidence=M22B-EVID-006278 || edge=M22B-E006106; evidence=M22B-EVID-006279 || edge=M22B-E006107; evidence=M22B-EVID-006280 || edge=M22B-E006108; evidence=M22B-EVID-006281 || edge=M22B-E006109; evidence=M22B-EVID-006282 || edge=M22B-E006110; evidence=M22B-EVID-006283 || edge=M22B-E006111; evidence=M22B-EVID-006284 || edge=M22B-E006112; evidence=M22B-EVID-006285 || edge=M22B-E006113; evidence=M22B-EVID-006286 || edge=M22B-E006114; evidence=M22B-EVID-006287 || edge=M22B-E006115; evidence=M22B-EVID-006288 || edge=M22B-E006116; evidence=M22B-EVID-006289 || edge=M22B-E006117; evidence=M22B-EVID-006290 || edge=M22B-E006118; evidence=M22B-EVID-006291 || edge=M22B-E006119; evidence=M22B-EVID-006292 || edge=M22B-E006120; evidence=M22B-EVID-006293 || edge=M22B-E006121; evidence=M22B-EVID-006294 || edge=M22B-E006122; evidence=M22B-EVID-006295 || edge=M22B-E006123; evidence=M22B-EVID-006296 || edge=M22B-E006124; evidence=M22B-EVID-006297 || edge=M22B-E006125; evidence=M22B-EVID-006298 || edge=M22B-E006126; evidence=M22B-EVID-006299 || edge=M22B-E006127; evidence=M22B-EVID-006300 || edge=M22B-E006128; evidence=M22B-EVID-006301 || edge=M22B-E006129; evidence=M22B-EVID-006302 || edge=M22B-E006130; evidence=M22B-EVID-006303 || edge=M22B-E006131; evidence=M22B-EVID-006304 || edge=M22B-E006132; evidence=M22B-EVID-006305 || edge=M22B-E006133; evidence=M22B-EVID-006306 || edge=M22B-E006134; evidence=M22B-EVID-006307 || edge=M22B-E008140; evidence=M22B-EVID-008313 || edge=M22B-E008141; evidence=M22B-EVID-008314 || edge=M22B-E008142; evidence=M22B-EVID-008315 || edge=M22B-E008143; evidence=M22B-EVID-008316 || edge=M22B-E008144; evidence=M22B-EVID-008317 || edge=M22B-E008145; evidence=M22B-EVID-008318 || edge=M22B-E008146; evidence=M22B-EVID-008319 || edge=M22B-E008147; evidence=M22B-EVID-008320 || edge=M22B-E008148; evidence=M22B-EVID-008321 || edge=M22B-E008149; evidence=M22B-EVID-008322 || edge=M22B-E008150; evidence=M22B-EVID-008323 || edge=M22B-E008151; evidence=M22B-EVID-008324 || edge=M22B-E008152; evidence=M22B-EVID-008325 || edge=M22B-E008153; evidence=M22B-EVID-008326 || edge=M22B-E008154; evidence=M22B-EVID-008327 || edge=M22B-E008155; evidence=M22B-EVID-008328 || edge=M22B-E008156; evidence=M22B-EVID-008329 || edge=M22B-E008157; evidence=M22B-EVID-008330 || edge=M22B-E008158; evidence=M22B-EVID-008331 || edge=M22B-E008159; evidence=M22B-EVID-008332 || edge=M22B-E008160; evidence=M22B-EVID-008333 || edge=M22B-E008161; evidence=M22B-EVID-008334 || edge=M22B-E008162; evidence=M22B-EVID-008335 || edge=M22B-E008163; evidence=M22B-EVID-008336 || edge=M22B-E008164; evidence=M22B-EVID-008337 || edge=M22B-E008165; evidence=M22B-EVID-008338 || edge=M22B-E008166; evidence=M22B-EVID-008339 || edge=M22B-E008167; evidence=M22B-EVID-008340 || edge=M22B-E008168; evidence=M22B-EVID-008341 || edge=M22B-E008169; evidence=M22B-EVID-008342 || edge=M22B-E008170; evidence=M22B-EVID-008343 || edge=M22B-E008171; evidence=M22B-EVID-008344 || edge=M22B-E008172; evidence=M22B-EVID-008345 || edge=M22B-E008173; evidence=M22B-EVID-008346 || edge=M22B-E008174; evidence=M22B-EVID-008347 || edge=M22B-E008175; evidence=M22B-EVID-008348 || edge=M22B-E008176; evidence=M22B-EVID-008349 || edge=M22B-E008177; evidence=M22B-EVID-008350 || edge=M22B-E008178; evidence=M22B-EVID-008351 || edge=M22B-E008179; evidence=M22B-EVID-008352 || edge=M22B-E008180; evidence=M22B-EVID-008353 || edge=M22B-E008181; evidence=M22B-EVID-008354 || edge=M22B-E008182; evidence=M22B-EVID-008355 || edge=M22B-E008183; evidence=M22B-EVID-008356 || edge=M22B-E008184; evidence=M22B-EVID-008357 || edge=M22B-E008185; evidence=M22B-EVID-008358 || edge=M22B-E008186; evidence=M22B-EVID-008359 || edge=M22B-E008187; evidence=M22B-EVID-008360 || edge=M22B-E008188; evidence=M22B-EVID-008361 || edge=M22B-E008189; evidence=M22B-EVID-008362 || edge=M22B-E008190; evidence=M22B-EVID-008363 || edge=M22B-E008191; evidence=M22B-EVID-008364 || edge=M22B-E008192; evidence=M22B-EVID-008365 || edge=M22B-E008193; evidence=M22B-EVID-008366 || edge=M22B-E008194; evidence=M22B-EVID-008367 || edge=M22B-E008195; evidence=M22B-EVID-008368 || edge=M22B-E008196; evidence=M22B-EVID-008369 || edge=M22B-E008197; evidence=M22B-EVID-008370 || edge=M22B-E008198; evidence=M22B-EVID-008371 || edge=M22B-E008199; evidence=M22B-EVID-008372 || edge=M22B-E008200; evidence=M22B-EVID-008373 || edge=M22B-E008201; evidence=M22B-EVID-008374 || edge=M22B-E008202; evidence=M22B-EVID-008375 || edge=M22B-E008203; evidence=M22B-EVID-008376 || edge=M22B-E008204; evidence=M22B-EVID-008377 || edge=M22B-E008205; evidence=M22B-EVID-008378 || edge=M22B-E008206; evidence=M22B-EVID-008379 || edge=M22B-E008207; evidence=M22B-EVID-008380 || edge=M22B-E008208; evidence=M22B-EVID-008381 || edge=M22B-E008209; evidence=M22B-EVID-008382 || edge=M22B-E008210; evidence=M22B-EVID-008383 || edge=M22B-E008211; evidence=M22B-EVID-008384 || edge=M22B-E008212; evidence=M22B-EVID-008385 || edge=M22B-E008213; evidence=M22B-EVID-008386 || edge=M22B-E008214; evidence=M22B-EVID-008387 || edge=M22B-E008215; evidence=M22B-EVID-008388 || edge=M22B-E008216; evidence=M22B-EVID-008389 || edge=M22B-E008217; evidence=M22B-EVID-008390 || edge=M22B-E008218; evidence=M22B-EVID-008391 || edge=M22B-E008219; evidence=M22B-EVID-008392 || edge=M22B-E008220; evidence=M22B-EVID-008393 || edge=M22B-E008221; evidence=M22B-EVID-008394 || edge=M22B-E008222; evidence=M22B-EVID-008395 || edge=M22B-E008223; evidence=M22B-EVID-008396 || edge=M22B-E008224; evidence=M22B-EVID-008397 || edge=M22B-E008225; evidence=M22B-EVID-008398 || edge=M22B-E008226; evidence=M22B-EVID-008399 || edge=M22B-E008227; evidence=M22B-EVID-008400 || edge=M22B-E008228; evidence=M22B-EVID-008401 || edge=M22B-E008229; evidence=M22B-EVID-008402 || edge=M22B-E008230; evidence=M22B-EVID-008403 || edge=M22B-E008231; evidence=M22B-EVID-008404 || edge=M22B-E008232; evidence=M22B-EVID-008405 || edge=M22B-E008233; evidence=M22B-EVID-008406 || edge=M22B-E008234; evidence=M22B-EVID-008407 || edge=M22B-E008235; evidence=M22B-EVID-008408 || edge=M22B-E008236; evidence=M22B-EVID-008409 || edge=M22B-E008237; evidence=M22B-EVID-008410 || edge=M22B-E008238; evidence=M22B-EVID-008411 || edge=M22B-E008239; evidence=M22B-EVID-008412 || edge=M22B-E008240; evidence=M22B-EVID-008413 || edge=M22B-E008241; evidence=M22B-EVID-008414 || edge=M22B-E008242; evidence=M22B-EVID-008415 || edge=M22B-E008243; evidence=M22B-EVID-008416 || edge=M22B-E008244; evidence=M22B-EVID-008417 || edge=M22B-E008245; evidence=M22B-EVID-008418 || edge=M22B-E008246; evidence=M22B-EVID-008419 || edge=M22B-E008247; evidence=M22B-EVID-008420 || edge=M22B-E008248; evidence=M22B-EVID-008421 || edge=M22B-E008249; evidence=M22B-EVID-008422 || edge=M22B-E008250; evidence=M22B-EVID-008423 || edge=M22B-E008251; evidence=M22B-EVID-008424 || edge=M22B-E008252; evidence=M22B-EVID-008425 || edge=M22B-E008253; evidence=M22B-EVID-008426 || edge=M22B-E008254; evidence=M22B-EVID-008427 || edge=M22B-E008255; evidence=M22B-EVID-008428 || edge=M22B-E008256; evidence=M22B-EVID-008429 || edge=M22B-E008257; evidence=M22B-EVID-008430 || edge=M22B-E008258; evidence=M22B-EVID-008431 || edge=M22B-E008259; evidence=M22B-EVID-008432 || edge=M22B-E008260; evidence=M22B-EVID-008433 || edge=M22B-E008261; evidence=M22B-EVID-008434 || edge=M22B-E008262; evidence=M22B-EVID-008435 || edge=M22B-E008263; evidence=M22B-EVID-008436 || edge=M22B-E008264; evidence=M22B-EVID-008437 || edge=M22B-E008265; evidence=M22B-EVID-008438 || edge=M22B-E008266; evidence=M22B-EVID-008439 || edge=M22B-E008267; evidence=M22B-EVID-008440 || edge=M22B-E008268; evidence=M22B-EVID-008441 || edge=M22B-E008269; evidence=M22B-EVID-008442 || edge=M22B-E008270; evidence=M22B-EVID-008443 || edge=M22B-E008271; evidence=M22B-EVID-008444 || edge=M22B-E008272; evidence=M22B-EVID-008445 || edge=M22B-E008273; evidence=M22B-EVID-008446 || edge=M22B-E008274; evidence=M22B-EVID-008447 || edge=M22B-E008275; evidence=M22B-EVID-008448 || edge=M22B-E008276; evidence=M22B-EVID-008449 || edge=M22B-E008277; evidence=M22B-EVID-008450 || edge=M22B-E008278; evidence=M22B-EVID-008451 || edge=M22B-E008279; evidence=M22B-EVID-008452 || edge=M22B-E008280; evidence=M22B-EVID-008453 || edge=M22B-E009376; evidence=M22B-EVID-009549 || edge=M22B-E009377; evidence=M22B-EVID-009550 || edge=M22B-E009378; evidence=M22B-EVID-009551 || edge=M22B-E009379; evidence=M22B-EVID-009552 || edge=M22B-E009380; evidence=M22B-EVID-009553 || edge=M22B-E009381; evidence=M22B-EVID-009554 || edge=M22B-E009670; evidence=M22B-EVID-009843 || edge=M22B-E009671; evidence=M22B-EVID-009844 || edge=M22B-E009672; evidence=M22B-EVID-009845 || edge=M22B-E009673; evidence=M22B-EVID-009846 || edge=M22B-E009674; evidence=M22B-EVID-009847 || edge=M22B-E009675; evidence=M22B-EVID-009848 || edge=M22B-E009676; evidence=M22B-EVID-009849 || edge=M22B-E009677; evidence=M22B-EVID-009850 || edge=M22B-E009678; evidence=M22B-EVID-009851 || edge=M22B-E009679; evidence=M22B-EVID-009852 || edge=M22B-E009680; evidence=M22B-EVID-009853 || edge=M22B-E009681; evidence=M22B-EVID-009854 || edge=M22B-E009682; evidence=M22B-EVID-009855 || edge=M22B-E009683; evidence=M22B-EVID-009856 || edge=M22B-E009684; evidence=M22B-EVID-009857 || edge=M22B-E009685; evidence=M22B-EVID-009858 || edge=M22B-E009686; evidence=M22B-EVID-009859 || edge=M22B-E009687; evidence=M22B-EVID-009860 || edge=M22B-E009688; evidence=M22B-EVID-009861 || edge=M22B-E009689; evidence=M22B-EVID-009862 || edge=M22B-E009690; evidence=M22B-EVID-009863 || edge=M22B-E009691; evidence=M22B-EVID-009864 || edge=M22B-E010173; evidence=M22B-EVID-010346 || edge=M22B-E010178; evidence=M22B-EVID-010351 || edge=M22B-E010190; evidence=M22B-EVID-010363 || edge=M22B-E010201; evidence=M22B-EVID-010374 || edge=M22B-E010336; evidence=M22B-EVID-010508 || edge=M22B-E010552; evidence=M22B-EVID-010655
NODE03104	signaling_cascade	module20_24_export	Node participates in at least one evidence-gated exported mechanism edge.
NODE03104	target_gene	register_target_gene_layer	edge=M22B-E006509; evidence=M22B-EVID-006682 || edge=M22B-E007134; evidence=M22B-EVID-007307 || edge=M22B-E008667; evidence=M22B-EVID-008840
NODE03104	transcription_factor	register_target_gene_layer	edge=M22B-E010213; evidence=M22B-EVID-010386 || edge=M22B-E010551; evidence=M22B-EVID-010655
NODE03105	signaling_cascade	module20_24_export	Node participates in at least one evidence-gated exported mechanism edge.
NODE03105	transcription_factor	register_target_gene_layer	edge=M22B-E010646; evidence=M22B-EVID-010741
NODE03106	signaling_cascade	module20_24_export	Node participates in at least one evidence-gated exported mechanism edge.
NODE03106	transcription_factor	register_target_gene_layer	edge=M22B-E009957; evidence=M22B-EVID-010130 || edge=M22B-E009958; evidence=M22B-EVID-010131 || edge=M22B-E010056; evidence=M22B-EVID-010229
NODE03107	signaling_cascade	module20_24_export	Node participates in at least one evidence-gated exported mechanism edge.
NODE03107	transcription_factor	register_target_gene_layer	edge=M22B-E010058; evidence=M22B-EVID-010231
NODE03108	signaling_cascade	module20_24_export	Node participates in at least one evidence-gated exported mechanism edge.
NODE03108	transcription_factor	register_target_gene_layer	edge=M22B-E000174; evidence=M22B-EVID-000141 || edge=M22B-E009932; evidence=M22B-EVID-010105 || edge=M22B-E009933; evidence=M22B-EVID-010106 || edge=M22B-E009934; evidence=M22B-EVID-010107 || edge=M22B-E010057; evidence=M22B-EVID-010230
NODE03109	signaling_cascade	module20_24_export	Node participates in at least one evidence-gated exported mechanism edge.
NODE03109	target_gene	register_target_gene_layer	edge=M22B-E006993; evidence=M22B-EVID-007166 || edge=M22B-E007756; evidence=M22B-EVID-007929 || edge=M22B-E009204; evidence=M22B-EVID-009377
NODE03110	signaling_cascade	module20_24_export	Node participates in at least one evidence-gated exported mechanism edge.
NODE03110	target_gene	register_target_gene_layer	edge=M22B-E007414; evidence=M22B-EVID-007587
NODE03111	signaling_cascade	module20_24_export	Node participates in at least one evidence-gated exported mechanism edge.
NODE03112	signaling_cascade	module20_24_export	Node participates in at least one evidence-gated exported mechanism edge.
NODE03113	signaling_cascade	module20_24_export	Node participates in at least one evidence-gated exported mechanism edge.
NODE03114	signaling_cascade	module20_24_export	Node participates in at least one evidence-gated exported mechanism edge.
NODE03115	signaling_cascade	module20_24_export	Node participates in at least one evidence-gated exported mechanism edge.
NODE03116	signaling_cascade	module20_24_export	Node participates in at least one evidence-gated exported mechanism edge.
NODE03117	signaling_cascade	module20_24_export	Node participates in at least one evidence-gated exported mechanism edge.
NODE03118	signaling_cascade	module20_24_export	Node participates in at least one evidence-gated exported mechanism edge.
NODE03119	signaling_cascade	module20_24_export	Node participates in at least one evidence-gated exported mechanism edge.
NODE03119	target_gene	register_target_gene_layer	edge=M22B-E006712; evidence=M22B-EVID-006885 || edge=M22B-E008872; evidence=M22B-EVID-009045
NODE03120	signaling_cascade	module20_24_export	Node participates in at least one evidence-gated exported mechanism edge.
NODE03121	signaling_cascade	module20_24_export	Node participates in at least one evidence-gated exported mechanism edge.
NODE03122	signaling_cascade	module20_24_export	Node participates in at least one evidence-gated exported mechanism edge.
NODE03123	signaling_cascade	module20_24_export	Node participates in at least one evidence-gated exported mechanism edge.
NODE03124	signaling_cascade	module20_24_export	Node participates in at least one evidence-gated exported mechanism edge.
NODE03125	signaling_cascade	module20_24_export	Node participates in at least one evidence-gated exported mechanism edge.
NODE03126	signaling_cascade	module20_24_export	Node participates in at least one evidence-gated exported mechanism edge.
NODE03127	signaling_cascade	module20_24_export	Node participates in at least one evidence-gated exported mechanism edge.
NODE03128	signaling_cascade	module20_24_export	Node participates in at least one evidence-gated exported mechanism edge.
NODE03129	signaling_cascade	module20_24_export	Node participates in at least one evidence-gated exported mechanism edge.
NODE03130	signaling_cascade	module20_24_export	Node participates in at least one evidence-gated exported mechanism edge.
NODE03131	signaling_cascade	module20_24_export	Node participates in at least one evidence-gated exported mechanism edge.
NODE03132	signaling_cascade	module20_24_export	Node participates in at least one evidence-gated exported mechanism edge.
NODE03133	signaling_cascade	module20_24_export	Node participates in at least one evidence-gated exported mechanism edge.
NODE03133	target_gene	register_target_gene_layer	edge=M22B-E006158; evidence=M22B-EVID-006331 || edge=M22B-E006510; evidence=M22B-EVID-006683 || edge=M22B-E007135; evidence=M22B-EVID-007308 || edge=M22B-E008307; evidence=M22B-EVID-008480 || edge=M22B-E008668; evidence=M22B-EVID-008841
NODE03134	signaling_cascade	module20_24_export	Node participates in at least one evidence-gated exported mechanism edge.
NODE03135	signaling_cascade	module20_24_export	Node participates in at least one evidence-gated exported mechanism edge.
NODE03136	ligand	register_ligand_receptor_layer	edge=M20B-E003352; evidence=M20B-EVID-003352
NODE03136	signaling_cascade	module20_24_export	Node participates in at least one evidence-gated exported mechanism edge.
NODE03136	target_gene	register_target_gene_layer	edge=M22B-E007136; evidence=M22B-EVID-007309
NODE03137	signaling_cascade	module20_24_export	Node participates in at least one evidence-gated exported mechanism edge.
NODE03138	signaling_cascade	module20_24_export	Node participates in at least one evidence-gated exported mechanism edge.
NODE03139	signaling_cascade	module20_24_export	Node participates in at least one evidence-gated exported mechanism edge.
NODE03140	receptor	register_ligand_receptor_layer	edge=M23B-E001128; evidence=M23B-EVID-EXPAND23A-053
NODE03140	signaling_cascade	module20_24_export	Node participates in at least one evidence-gated exported mechanism edge.
NODE03141	signaling_cascade	module20_24_export	Node participates in at least one evidence-gated exported mechanism edge.
NODE03142	ligand	register_ligand_receptor_layer	edge=M23B-E000504; evidence=M23B-EVID-000687
NODE03142	signaling_cascade	module20_24_export	Node participates in at least one evidence-gated exported mechanism edge.
NODE03143	signaling_cascade	module20_24_export	Node participates in at least one evidence-gated exported mechanism edge.
NODE03144	signaling_cascade	module20_24_export	Node participates in at least one evidence-gated exported mechanism edge.
NODE03145	signaling_cascade	module20_24_export	Node participates in at least one evidence-gated exported mechanism edge.
NODE03145	target_gene	register_target_gene_layer	edge=M22B-E006034; evidence=M22B-EVID-006207 || edge=M22B-E008202; evidence=M22B-EVID-008375
NODE03146	signaling_cascade	module20_24_export	Node participates in at least one evidence-gated exported mechanism edge.
NODE03147	ligand	register_ligand_receptor_layer	edge=M20B-E003365; evidence=M20B-EVID-003365 || edge=M20B-E003366; evidence=M20B-EVID-003366;M20B-EVID-005311-P2-RELAY;M20B-EVID-005312-P2-FUNC || edge=M20B-E003367; evidence=M20B-EVID-003367;M20B-EVID-005313-P2-RELAY;M20B-EVID-005314-P2-FUNC || edge=M20B-E003368; evidence=M20B-EVID-003368 || edge=M20B-E003372; evidence=M20B-EVID-003372
NODE03147	signaling_cascade	module20_24_export	Node participates in at least one evidence-gated exported mechanism edge.
NODE03148	signaling_cascade	module20_24_export	Node participates in at least one evidence-gated exported mechanism edge.
NODE03149	signaling_cascade	module20_24_export	Node participates in at least one evidence-gated exported mechanism edge.
NODE03150	receptor	register_ligand_receptor_layer	edge=M20B-E003365; evidence=M20B-EVID-003365 || edge=M20B-E003739; evidence=M20B-EVID-003739;M20B-EVID-003739-P2-FUNC
NODE03150	signaling_cascade	module20_24_export	Node participates in at least one evidence-gated exported mechanism edge.
NODE03150	target_gene	register_target_gene_layer	edge=M22B-E007137; evidence=M22B-EVID-007310 || edge=M22B-E010564; evidence=M22B-EVID-010662
NODE03151	signaling_cascade	module20_24_export	Node participates in at least one evidence-gated exported mechanism edge.
NODE03152	signaling_cascade	module20_24_export	Node participates in at least one evidence-gated exported mechanism edge.
NODE03153	receptor	register_ligand_receptor_layer	edge=M20B-E003366; evidence=M20B-EVID-003366;M20B-EVID-005311-P2-RELAY;M20B-EVID-005312-P2-FUNC
NODE03153	signaling_cascade	module20_24_export	Node participates in at least one evidence-gated exported mechanism edge.
NODE03153	target_gene	register_target_gene_layer	edge=M22B-E010528; evidence=M22B-EVID-010640
NODE03154	signaling_cascade	module20_24_export	Node participates in at least one evidence-gated exported mechanism edge.
NODE03155	signaling_cascade	module20_24_export	Node participates in at least one evidence-gated exported mechanism edge.
NODE03156	receptor	register_ligand_receptor_layer	edge=M20B-E003367; evidence=M20B-EVID-003367;M20B-EVID-005313-P2-RELAY;M20B-EVID-005314-P2-FUNC
NODE03156	signaling_cascade	module20_24_export	Node participates in at least one evidence-gated exported mechanism edge.
NODE03156	target_gene	register_target_gene_layer	edge=M22B-E010529; evidence=M22B-EVID-010641
NODE03157	signaling_cascade	module20_24_export	Node participates in at least one evidence-gated exported mechanism edge.
NODE03158	signaling_cascade	module20_24_export	Node participates in at least one evidence-gated exported mechanism edge.
NODE03159	receptor	register_ligand_receptor_layer	edge=M20B-E003368; evidence=M20B-EVID-003368
NODE03159	signaling_cascade	module20_24_export	Node participates in at least one evidence-gated exported mechanism edge.
NODE03160	signaling_cascade	module20_24_export	Node participates in at least one evidence-gated exported mechanism edge.
NODE03161	signaling_cascade	module20_24_export	Node participates in at least one evidence-gated exported mechanism edge.
NODE03162	signaling_cascade	module20_24_export	Node participates in at least one evidence-gated exported mechanism edge.
NODE03163	receptor	register_ligand_receptor_layer	edge=M20B-E003352; evidence=M20B-EVID-003352 || edge=M20B-E003373; evidence=M20B-EVID-003373
NODE03163	signaling_cascade	module20_24_export	Node participates in at least one evidence-gated exported mechanism edge.
NODE03163	target_gene	register_target_gene_layer	edge=M22B-E005757; evidence=M22B-EVID-005930 || edge=M22B-E005768; evidence=M22B-EVID-005941 || edge=M22B-E006511; evidence=M22B-EVID-006684 || edge=M22B-E007138; evidence=M22B-EVID-007311
NODE03164	signaling_cascade	module20_24_export	Node participates in at least one evidence-gated exported mechanism edge.
NODE03165	signaling_cascade	module20_24_export	Node participates in at least one evidence-gated exported mechanism edge.
NODE03166	signaling_cascade	module20_24_export	Node participates in at least one evidence-gated exported mechanism edge.
NODE03166	target_gene	register_target_gene_layer	edge=M22B-E009205; evidence=M22B-EVID-009378
NODE03167	signaling_cascade	module20_24_export	Node participates in at least one evidence-gated exported mechanism edge.
NODE03167	target_gene	register_target_gene_layer	edge=M22B-E008057; evidence=M22B-EVID-008230
NODE03168	signaling_cascade	module20_24_export	Node participates in at least one evidence-gated exported mechanism edge.
NODE03168	target_gene	register_target_gene_layer	edge=M22B-E008203; evidence=M22B-EVID-008376
NODE03169	ligand	register_ligand_receptor_layer	edge=M20B-E003373; evidence=M20B-EVID-003373
NODE03169	signaling_cascade	module20_24_export	Node participates in at least one evidence-gated exported mechanism edge.
NODE03169	target_gene	register_target_gene_layer	edge=M22B-E007139; evidence=M22B-EVID-007312
NODE03170	signaling_cascade	module20_24_export	Node participates in at least one evidence-gated exported mechanism edge.
NODE03171	signaling_cascade	module20_24_export	Node participates in at least one evidence-gated exported mechanism edge.
NODE03172	ligand	register_ligand_receptor_layer	edge=M20B-E003375; evidence=M20B-EVID-003375 || edge=M20B-E003376; evidence=M20B-EVID-003376
NODE03172	signaling_cascade	module20_24_export	Node participates in at least one evidence-gated exported mechanism edge.
NODE03172	target_gene	register_target_gene_layer	edge=M22B-E005808; evidence=M22B-EVID-005981 || edge=M22B-E007974; evidence=M22B-EVID-008147
NODE03173	signaling_cascade	module20_24_export	Node participates in at least one evidence-gated exported mechanism edge.
NODE03174	signaling_cascade	module20_24_export	Node participates in at least one evidence-gated exported mechanism edge.
NODE03174	target_gene	register_target_gene_layer	edge=M22B-E008502; evidence=M22B-EVID-008675
NODE03175	signaling_cascade	module20_24_export	Node participates in at least one evidence-gated exported mechanism edge.
NODE03175	target_gene	register_target_gene_layer	edge=M22B-E009206; evidence=M22B-EVID-009379
NODE03176	signaling_cascade	module20_24_export	Node participates in at least one evidence-gated exported mechanism edge.
NODE03176	target_gene	register_target_gene_layer	edge=M22B-E008308; evidence=M22B-EVID-008481
NODE03177	ligand	register_ligand_receptor_layer	edge=M20B-E003379; evidence=M20B-EVID-003379
NODE03177	signaling_cascade	module20_24_export	Node participates in at least one evidence-gated exported mechanism edge.
NODE03178	signaling_cascade	module20_24_export	Node participates in at least one evidence-gated exported mechanism edge.
NODE03179	ligand	register_ligand_receptor_layer	edge=M24B-E000140; evidence=M24B-EVID-000189
NODE03179	signaling_cascade	module20_24_export	Node participates in at least one evidence-gated exported mechanism edge.
NODE03180	signaling_cascade	module20_24_export	Node participates in at least one evidence-gated exported mechanism edge.
NODE03181	signaling_cascade	module20_24_export	Node participates in at least one evidence-gated exported mechanism edge.
NODE03182	signaling_cascade	module20_24_export	Node participates in at least one evidence-gated exported mechanism edge.
NODE03182	target_gene	register_target_gene_layer	edge=M22B-E006713; evidence=M22B-EVID-006886 || edge=M22B-E008873; evidence=M22B-EVID-009046
NODE03183	signaling_cascade	module20_24_export	Node participates in at least one evidence-gated exported mechanism edge.
NODE03184	signaling_cascade	module20_24_export	Node participates in at least one evidence-gated exported mechanism edge.
NODE03185	signaling_cascade	module20_24_export	Node participates in at least one evidence-gated exported mechanism edge.
NODE03186	signaling_cascade	module20_24_export	Node participates in at least one evidence-gated exported mechanism edge.
NODE03187	signaling_cascade	module20_24_export	Node participates in at least one evidence-gated exported mechanism edge.
NODE03188	signaling_cascade	module20_24_export	Node participates in at least one evidence-gated exported mechanism edge.
NODE03189	signaling_cascade	module20_24_export	Node participates in at least one evidence-gated exported mechanism edge.
NODE03190	signaling_cascade	module20_24_export	Node participates in at least one evidence-gated exported mechanism edge.
NODE03191	signaling_cascade	module20_24_export	Node participates in at least one evidence-gated exported mechanism edge.
NODE03192	signaling_cascade	module20_24_export	Node participates in at least one evidence-gated exported mechanism edge.
NODE03193	signaling_cascade	module20_24_export	Node participates in at least one evidence-gated exported mechanism edge.
NODE03193	target_gene	register_target_gene_layer	edge=M22B-E006352; evidence=M22B-EVID-006525 || edge=M22B-E008503; evidence=M22B-EVID-008676
NODE03194	signaling_cascade	module20_24_export	Node participates in at least one evidence-gated exported mechanism edge.
NODE03195	signaling_cascade	module20_24_export	Node participates in at least one evidence-gated exported mechanism edge.
NODE03196	signaling_cascade	module20_24_export	Node participates in at least one evidence-gated exported mechanism edge.
NODE03197	signaling_cascade	module20_24_export	Node participates in at least one evidence-gated exported mechanism edge.
NODE03198	signaling_cascade	module20_24_export	Node participates in at least one evidence-gated exported mechanism edge.
NODE03199	signaling_cascade	module20_24_export	Node participates in at least one evidence-gated exported mechanism edge.
NODE03200	signaling_cascade	module20_24_export	Node participates in at least one evidence-gated exported mechanism edge.
NODE03201	signaling_cascade	module20_24_export	Node participates in at least one evidence-gated exported mechanism edge.
NODE03202	signaling_cascade	module20_24_export	Node participates in at least one evidence-gated exported mechanism edge.
NODE03203	ligand	register_ligand_receptor_layer	edge=M20B-E003389; evidence=M20B-EVID-003389
NODE03203	signaling_cascade	module20_24_export	Node participates in at least one evidence-gated exported mechanism edge.
NODE03204	signaling_cascade	module20_24_export	Node participates in at least one evidence-gated exported mechanism edge.
NODE03205	ligand	register_ligand_receptor_layer	edge=M24B-E000064; evidence=M24B-EVID-000085 || edge=M24B-E000065; evidence=M24B-EVID-000086
NODE03205	signaling_cascade	module20_24_export	Node participates in at least one evidence-gated exported mechanism edge.
NODE03206	signaling_cascade	module20_24_export	Node participates in at least one evidence-gated exported mechanism edge.
NODE03207	signaling_cascade	module20_24_export	Node participates in at least one evidence-gated exported mechanism edge.
NODE03208	signaling_cascade	module20_24_export	Node participates in at least one evidence-gated exported mechanism edge.
NODE03208	target_gene	register_target_gene_layer	edge=M22B-E007757; evidence=M22B-EVID-007930
NODE03209	signaling_cascade	module20_24_export	Node participates in at least one evidence-gated exported mechanism edge.
NODE03210	signaling_cascade	module20_24_export	Node participates in at least one evidence-gated exported mechanism edge.
NODE03211	signaling_cascade	module20_24_export	Node participates in at least one evidence-gated exported mechanism edge.
NODE03212	signaling_cascade	module20_24_export	Node participates in at least one evidence-gated exported mechanism edge.
NODE03212	target_gene	register_target_gene_layer	edge=M22B-E010387; evidence=M22B-EVID-010559 || edge=M22B-E010388; evidence=M22B-EVID-010560 || edge=M22B-E010442; evidence=M22B-EVID-010609
NODE03213	receptor	register_ligand_receptor_layer	edge=M20B-E005111; evidence=M20B-EVID-005111;M20B-EVID-005111-P2-DIRECT;M20B-EVID-005111-P2-DIRECT-296;M20B-EVID-005111-P2-FUNC;M20B-EVID-005111-P2-FUNC-296;M20B-EVID-005111-P2-RELAY-296
NODE03213	signaling_cascade	module20_24_export	Node participates in at least one evidence-gated exported mechanism edge.
NODE03213	target_gene	register_target_gene_layer	edge=M22B-E005885; evidence=M22B-EVID-006058 || edge=M22B-E006035; evidence=M22B-EVID-006208 || edge=M22B-E006159; evidence=M22B-EVID-006332 || edge=M22B-E006512; evidence=M22B-EVID-006685 || edge=M22B-E007140; evidence=M22B-EVID-007313 || edge=M22B-E007415; evidence=M22B-EVID-007588 || edge=M22B-E007758; evidence=M22B-EVID-007931 || edge=M22B-E008058; evidence=M22B-EVID-008231 || edge=M22B-E008204; evidence=M22B-EVID-008377 || edge=M22B-E008309; evidence=M22B-EVID-008482 || edge=M22B-E008669; evidence=M22B-EVID-008842 || edge=M22B-E009207; evidence=M22B-EVID-009380
NODE03214	signaling_cascade	module20_24_export	Node participates in at least one evidence-gated exported mechanism edge.
NODE03214	target_gene	register_target_gene_layer	edge=M22B-E000310; evidence=M22B-EVID-000271
NODE03215	signaling_cascade	module20_24_export	Node participates in at least one evidence-gated exported mechanism edge.
NODE03216	signaling_cascade	module20_24_export	Node participates in at least one evidence-gated exported mechanism edge.
NODE03217	signaling_cascade	module20_24_export	Node participates in at least one evidence-gated exported mechanism edge.
NODE03217	target_gene	register_target_gene_layer	edge=M22B-E009786; evidence=M22B-EVID-009959
NODE03218	signaling_cascade	module20_24_export	Node participates in at least one evidence-gated exported mechanism edge.
NODE03219	signaling_cascade	module20_24_export	Node participates in at least one evidence-gated exported mechanism edge.
NODE03219	target_gene	register_target_gene_layer	edge=M22B-E005809; evidence=M22B-EVID-005982 || edge=M22B-E005886; evidence=M22B-EVID-006059 || edge=M22B-E006036; evidence=M22B-EVID-006209 || edge=M22B-E006160; evidence=M22B-EVID-006333 || edge=M22B-E006513; evidence=M22B-EVID-006686 || edge=M22B-E006714; evidence=M22B-EVID-006887 || edge=M22B-E007141; evidence=M22B-EVID-007314 || edge=M22B-E007975; evidence=M22B-EVID-008148 || edge=M22B-E008059; evidence=M22B-EVID-008232 || edge=M22B-E008205; evidence=M22B-EVID-008378 || edge=M22B-E008310; evidence=M22B-EVID-008483 || edge=M22B-E008670; evidence=M22B-EVID-008843 || edge=M22B-E008874; evidence=M22B-EVID-009047
NODE03220	signaling_cascade	module20_24_export	Node participates in at least one evidence-gated exported mechanism edge.
NODE03221	signaling_cascade	module20_24_export	Node participates in at least one evidence-gated exported mechanism edge.
NODE03222	signaling_cascade	module20_24_export	Node participates in at least one evidence-gated exported mechanism edge.
NODE03222	target_gene	register_target_gene_layer	edge=M22B-E005887; evidence=M22B-EVID-006060 || edge=M22B-E006161; evidence=M22B-EVID-006334 || edge=M22B-E006715; evidence=M22B-EVID-006888 || edge=M22B-E008060; evidence=M22B-EVID-008233 || edge=M22B-E008311; evidence=M22B-EVID-008484 || edge=M22B-E008875; evidence=M22B-EVID-009048
NODE03223	signaling_cascade	module20_24_export	Node participates in at least one evidence-gated exported mechanism edge.
NODE03223	target_gene	register_target_gene_layer	edge=M22B-E007759; evidence=M22B-EVID-007932
NODE03224	ligand	register_ligand_receptor_layer	edge=M20B-E003396; evidence=M20B-EVID-003396 || edge=M23B-E000136; evidence=M23B-EVID-000204
NODE03224	signaling_cascade	module20_24_export	Node participates in at least one evidence-gated exported mechanism edge.
NODE03225	signaling_cascade	module20_24_export	Node participates in at least one evidence-gated exported mechanism edge.
NODE03226	signaling_cascade	module20_24_export	Node participates in at least one evidence-gated exported mechanism edge.
NODE03227	signaling_cascade	module20_24_export	Node participates in at least one evidence-gated exported mechanism edge.
NODE03228	signaling_cascade	module20_24_export	Node participates in at least one evidence-gated exported mechanism edge.
NODE03228	target_gene	register_target_gene_layer	edge=M22B-E007760; evidence=M22B-EVID-007933 || edge=M22B-E009208; evidence=M22B-EVID-009381
NODE03229	signaling_cascade	module20_24_export	Node participates in at least one evidence-gated exported mechanism edge.
NODE03230	signaling_cascade	module20_24_export	Node participates in at least one evidence-gated exported mechanism edge.
NODE03230	target_gene	register_target_gene_layer	edge=M22B-E007761; evidence=M22B-EVID-007934 || edge=M22B-E009209; evidence=M22B-EVID-009382
NODE03231	signaling_cascade	module20_24_export	Node participates in at least one evidence-gated exported mechanism edge.
NODE03232	signaling_cascade	module20_24_export	Node participates in at least one evidence-gated exported mechanism edge.
NODE03233	ligand	register_ligand_receptor_layer	edge=M23B-E000507; evidence=M23B-EVID-000693
NODE03233	signaling_cascade	module20_24_export	Node participates in at least one evidence-gated exported mechanism edge.
NODE03234	signaling_cascade	module20_24_export	Node participates in at least one evidence-gated exported mechanism edge.
NODE03235	signaling_cascade	module20_24_export	Node participates in at least one evidence-gated exported mechanism edge.
NODE03236	signaling_cascade	module20_24_export	Node participates in at least one evidence-gated exported mechanism edge.
NODE03237	signaling_cascade	module20_24_export	Node participates in at least one evidence-gated exported mechanism edge.
NODE03238	signaling_cascade	module20_24_export	Node participates in at least one evidence-gated exported mechanism edge.
NODE03239	signaling_cascade	module20_24_export	Node participates in at least one evidence-gated exported mechanism edge.
NODE03239	target_gene	register_target_gene_layer	edge=M22B-E006249; evidence=M22B-EVID-006422 || edge=M22B-E008403; evidence=M22B-EVID-008576
NODE03240	signaling_cascade	module20_24_export	Node participates in at least one evidence-gated exported mechanism edge.
NODE03240	target_gene	register_target_gene_layer	edge=M22B-E007416; evidence=M22B-EVID-007589
NODE03241	signaling_cascade	module20_24_export	Node participates in at least one evidence-gated exported mechanism edge.
NODE03241	target_gene	register_target_gene_layer	edge=M22B-E007762; evidence=M22B-EVID-007935
NODE03242	signaling_cascade	module20_24_export	Node participates in at least one evidence-gated exported mechanism edge.
NODE03243	signaling_cascade	module20_24_export	Node participates in at least one evidence-gated exported mechanism edge.
NODE03244	signaling_cascade	module20_24_export	Node participates in at least one evidence-gated exported mechanism edge.
NODE03245	signaling_cascade	module20_24_export	Node participates in at least one evidence-gated exported mechanism edge.
NODE03246	signaling_cascade	module20_24_export	Node participates in at least one evidence-gated exported mechanism edge.
NODE03247	signaling_cascade	module20_24_export	Node participates in at least one evidence-gated exported mechanism edge.
NODE03248	signaling_cascade	module20_24_export	Node participates in at least one evidence-gated exported mechanism edge.
NODE03249	signaling_cascade	module20_24_export	Node participates in at least one evidence-gated exported mechanism edge.
NODE03250	signaling_cascade	module20_24_export	Node participates in at least one evidence-gated exported mechanism edge.
NODE03250	target_gene	register_target_gene_layer	edge=M22B-E005888; evidence=M22B-EVID-006061 || edge=M22B-E008061; evidence=M22B-EVID-008234
NODE03251	signaling_cascade	module20_24_export	Node participates in at least one evidence-gated exported mechanism edge.
NODE03252	signaling_cascade	module20_24_export	Node participates in at least one evidence-gated exported mechanism edge.
NODE03253	signaling_cascade	module20_24_export	Node participates in at least one evidence-gated exported mechanism edge.
NODE03254	ligand	register_ligand_receptor_layer	edge=M20B-E002114; evidence=M20B-EVID-002114 || edge=M23B-E000510; evidence=M23B-EVID-000696
NODE03254	signaling_cascade	module20_24_export	Node participates in at least one evidence-gated exported mechanism edge.
NODE03255	ligand	register_ligand_receptor_layer	edge=M23B-E000955; evidence=M23B-EVID-001300
NODE03255	signaling_cascade	module20_24_export	Node participates in at least one evidence-gated exported mechanism edge.
NODE03256	signaling_cascade	module20_24_export	Node participates in at least one evidence-gated exported mechanism edge.
NODE03256	target_gene	register_target_gene_layer	edge=M22B-E009901; evidence=M22B-EVID-010074
NODE03257	signaling_cascade	module20_24_export	Node participates in at least one evidence-gated exported mechanism edge.
NODE03257	target_gene	register_target_gene_layer	edge=M22B-E007417; evidence=M22B-EVID-007590
NODE03258	signaling_cascade	module20_24_export	Node participates in at least one evidence-gated exported mechanism edge.
NODE03259	signaling_cascade	module20_24_export	Node participates in at least one evidence-gated exported mechanism edge.
NODE03260	signaling_cascade	module20_24_export	Node participates in at least one evidence-gated exported mechanism edge.
NODE03261	signaling_cascade	module20_24_export	Node participates in at least one evidence-gated exported mechanism edge.
NODE03262	signaling_cascade	module20_24_export	Node participates in at least one evidence-gated exported mechanism edge.
NODE03263	signaling_cascade	module20_24_export	Node participates in at least one evidence-gated exported mechanism edge.
NODE03264	signaling_cascade	module20_24_export	Node participates in at least one evidence-gated exported mechanism edge.
NODE03265	signaling_cascade	module20_24_export	Node participates in at least one evidence-gated exported mechanism edge.
NODE03266	signaling_cascade	module20_24_export	Node participates in at least one evidence-gated exported mechanism edge.
NODE03266	target_gene	register_target_gene_layer	edge=M22B-E010592; evidence=M22B-EVID-010688
NODE03267	signaling_cascade	module20_24_export	Node participates in at least one evidence-gated exported mechanism edge.
NODE03268	signaling_cascade	module20_24_export	Node participates in at least one evidence-gated exported mechanism edge.
NODE03268	target_gene	register_target_gene_layer	edge=M22B-E007418; evidence=M22B-EVID-007591
NODE03269	signaling_cascade	module20_24_export	Node participates in at least one evidence-gated exported mechanism edge.
NODE03270	signaling_cascade	module20_24_export	Node participates in at least one evidence-gated exported mechanism edge.
NODE03271	signaling_cascade	module20_24_export	Node participates in at least one evidence-gated exported mechanism edge.
NODE03272	signaling_cascade	module20_24_export	Node participates in at least one evidence-gated exported mechanism edge.
NODE03272	target_gene	register_target_gene_layer	edge=M22B-E007419; evidence=M22B-EVID-007592
NODE03273	signaling_cascade	module20_24_export	Node participates in at least one evidence-gated exported mechanism edge.
NODE03274	signaling_cascade	module20_24_export	Node participates in at least one evidence-gated exported mechanism edge.
NODE03275	signaling_cascade	module20_24_export	Node participates in at least one evidence-gated exported mechanism edge.
NODE03276	signaling_cascade	module20_24_export	Node participates in at least one evidence-gated exported mechanism edge.
NODE03277	signaling_cascade	module20_24_export	Node participates in at least one evidence-gated exported mechanism edge.
NODE03278	signaling_cascade	module20_24_export	Node participates in at least one evidence-gated exported mechanism edge.
NODE03279	signaling_cascade	module20_24_export	Node participates in at least one evidence-gated exported mechanism edge.
NODE03280	signaling_cascade	module20_24_export	Node participates in at least one evidence-gated exported mechanism edge.
NODE03281	signaling_cascade	module20_24_export	Node participates in at least one evidence-gated exported mechanism edge.
NODE03282	signaling_cascade	module20_24_export	Node participates in at least one evidence-gated exported mechanism edge.
NODE03283	signaling_cascade	module20_24_export	Node participates in at least one evidence-gated exported mechanism edge.
NODE03284	signaling_cascade	module20_24_export	Node participates in at least one evidence-gated exported mechanism edge.
NODE03284	target_gene	register_target_gene_layer	edge=M22B-E007763; evidence=M22B-EVID-007936
NODE03285	signaling_cascade	module20_24_export	Node participates in at least one evidence-gated exported mechanism edge.
NODE03285	target_gene	register_target_gene_layer	edge=M22B-E006353; evidence=M22B-EVID-006526 || edge=M22B-E006716; evidence=M22B-EVID-006889 || edge=M22B-E008504; evidence=M22B-EVID-008677 || edge=M22B-E008876; evidence=M22B-EVID-009049
NODE03286	signaling_cascade	module20_24_export	Node participates in at least one evidence-gated exported mechanism edge.
NODE03287	signaling_cascade	module20_24_export	Node participates in at least one evidence-gated exported mechanism edge.
NODE03288	signaling_cascade	module20_24_export	Node participates in at least one evidence-gated exported mechanism edge.
NODE03289	signaling_cascade	module20_24_export	Node participates in at least one evidence-gated exported mechanism edge.
NODE03290	signaling_cascade	module20_24_export	Node participates in at least one evidence-gated exported mechanism edge.
NODE03290	target_gene	register_target_gene_layer	edge=M22B-E007142; evidence=M22B-EVID-007315
NODE03291	signaling_cascade	module20_24_export	Node participates in at least one evidence-gated exported mechanism edge.
NODE03292	signaling_cascade	module20_24_export	Node participates in at least one evidence-gated exported mechanism edge.
NODE03292	transcription_factor	register_target_gene_layer	edge=M22B-E010242; evidence=M22B-EVID-010415 || edge=M22B-E010243; evidence=M22B-EVID-010416
NODE03293	signaling_cascade	module20_24_export	Node participates in at least one evidence-gated exported mechanism edge.
NODE03294	signaling_cascade	module20_24_export	Node participates in at least one evidence-gated exported mechanism edge.
NODE03295	signaling_cascade	module20_24_export	Node participates in at least one evidence-gated exported mechanism edge.
NODE03296	signaling_cascade	module20_24_export	Node participates in at least one evidence-gated exported mechanism edge.
NODE03297	ligand	register_ligand_receptor_layer	edge=M23B-E000513; evidence=M23B-EVID-000699 || edge=M23B-E000515; evidence=M23B-EVID-000702
NODE03297	signaling_cascade	module20_24_export	Node participates in at least one evidence-gated exported mechanism edge.
NODE03298	signaling_cascade	module20_24_export	Node participates in at least one evidence-gated exported mechanism edge.
NODE03299	ligand	register_ligand_receptor_layer	edge=M23B-E001042; evidence=M23B-EVID-001406
NODE03299	signaling_cascade	module20_24_export	Node participates in at least one evidence-gated exported mechanism edge.
NODE03300	ligand	register_ligand_receptor_layer	edge=M23B-E000517; evidence=M23B-EVID-000705
NODE03300	signaling_cascade	module20_24_export	Node participates in at least one evidence-gated exported mechanism edge.
NODE03301	ligand	register_ligand_receptor_layer	edge=M20B-E001858; evidence=M20B-EVID-001858;M20B-EVID-PROMO-20260826-020 || edge=M20B-E001859; evidence=M20B-EVID-001859;M20B-EVID-PROMO-20260826-021 || edge=M20B-E003418; evidence=M20B-EVID-003418
NODE03301	signaling_cascade	module20_24_export	Node participates in at least one evidence-gated exported mechanism edge.
NODE03302	signaling_cascade	module20_24_export	Node participates in at least one evidence-gated exported mechanism edge.
NODE03303	signaling_cascade	module20_24_export	Node participates in at least one evidence-gated exported mechanism edge.
NODE03304	ligand	register_ligand_receptor_layer	edge=M20B-E001860; evidence=M20B-EVID-001860 || edge=M20B-E001861; evidence=M20B-EVID-001861;M20B-EVID-PROMO-20260826-022 || edge=M20B-E003425; evidence=M20B-EVID-003425
NODE03304	signaling_cascade	module20_24_export	Node participates in at least one evidence-gated exported mechanism edge.
NODE03304	target_gene	register_target_gene_layer	edge=M22B-E009707; evidence=M22B-EVID-009880
NODE03305	signaling_cascade	module20_24_export	Node participates in at least one evidence-gated exported mechanism edge.
NODE03306	signaling_cascade	module20_24_export	Node participates in at least one evidence-gated exported mechanism edge.
NODE03307	ligand	register_ligand_receptor_layer	edge=M20B-E003426; evidence=M20B-EVID-003426
NODE03307	signaling_cascade	module20_24_export	Node participates in at least one evidence-gated exported mechanism edge.
NODE03308	ligand	register_ligand_receptor_layer	edge=M20B-E003428; evidence=M20B-EVID-003428
NODE03308	signaling_cascade	module20_24_export	Node participates in at least one evidence-gated exported mechanism edge.
NODE03309	signaling_cascade	module20_24_export	Node participates in at least one evidence-gated exported mechanism edge.
NODE03310	ligand	register_ligand_receptor_layer	edge=M20B-E003431; evidence=M20B-EVID-003431
NODE03310	signaling_cascade	module20_24_export	Node participates in at least one evidence-gated exported mechanism edge.
NODE03310	target_gene	register_target_gene_layer	edge=M22B-E005889; evidence=M22B-EVID-006062 || edge=M22B-E008062; evidence=M22B-EVID-008235
NODE03311	signaling_cascade	module20_24_export	Node participates in at least one evidence-gated exported mechanism edge.
NODE03312	ligand	register_ligand_receptor_layer	edge=M20B-E003437; evidence=M20B-EVID-003437
NODE03312	signaling_cascade	module20_24_export	Node participates in at least one evidence-gated exported mechanism edge.
NODE03313	signaling_cascade	module20_24_export	Node participates in at least one evidence-gated exported mechanism edge.
NODE03314	ligand	register_ligand_receptor_layer	edge=M20B-E001862; evidence=M20B-EVID-001862 || edge=M20B-E001863; evidence=M20B-EVID-001863 || edge=M20B-E001864; evidence=M20B-EVID-001864 || edge=M20B-E001865; evidence=M20B-EVID-001865;M20B-EVID-005265-P2-RELAY;M20B-EVID-005266-P2-FUNC
NODE03314	signaling_cascade	module20_24_export	Node participates in at least one evidence-gated exported mechanism edge.
NODE03315	signaling_cascade	module20_24_export	Node participates in at least one evidence-gated exported mechanism edge.
NODE03316	ligand	register_ligand_receptor_layer	edge=M20B-E001866; evidence=M20B-EVID-001866 || edge=M20B-E001867; evidence=M20B-EVID-001867 || edge=M20B-E001868; evidence=M20B-EVID-001868 || edge=M20B-E001869; evidence=M20B-EVID-001869
NODE03316	signaling_cascade	module20_24_export	Node participates in at least one evidence-gated exported mechanism edge.
NODE03317	ligand	register_ligand_receptor_layer	edge=M20B-E001870; evidence=M20B-EVID-001870 || edge=M20B-E001871; evidence=M20B-EVID-001871
NODE03317	signaling_cascade	module20_24_export	Node participates in at least one evidence-gated exported mechanism edge.
NODE03318	signaling_cascade	module20_24_export	Node participates in at least one evidence-gated exported mechanism edge.
NODE03319	signaling_cascade	module20_24_export	Node participates in at least one evidence-gated exported mechanism edge.
NODE03320	signaling_cascade	module20_24_export	Node participates in at least one evidence-gated exported mechanism edge.
NODE03321	signaling_cascade	module20_24_export	Node participates in at least one evidence-gated exported mechanism edge.
NODE03322	ligand	register_ligand_receptor_layer	edge=M20B-E001872; evidence=M20B-EVID-001872 || edge=M20B-E001873; evidence=M20B-EVID-001873 || edge=M20B-E001874; evidence=M20B-EVID-001874;M20B-EVID-005263-P2-RELAY;M20B-EVID-005264-P2-FUNC || edge=M23B-E000957; evidence=M23B-EVID-001302
NODE03322	signaling_cascade	module20_24_export	Node participates in at least one evidence-gated exported mechanism edge.
NODE03323	signaling_cascade	module20_24_export	Node participates in at least one evidence-gated exported mechanism edge.
NODE03324	signaling_cascade	module20_24_export	Node participates in at least one evidence-gated exported mechanism edge.
NODE03325	signaling_cascade	module20_24_export	Node participates in at least one evidence-gated exported mechanism edge.
NODE03326	signaling_cascade	module20_24_export	Node participates in at least one evidence-gated exported mechanism edge.
NODE03327	ligand	register_ligand_receptor_layer	edge=M20B-E001875; evidence=M20B-EVID-001875;M20B-EVID-PROMO-20260826-023 || edge=M20B-E001876; evidence=M20B-EVID-001876;M20B-EVID-005257-P2-RELAY;M20B-EVID-005258-P2-FUNC;M20B-EVID-PROMO-20260826-024 || edge=M20B-E001877; evidence=M20B-EVID-001877;M20B-EVID-005267-P2-RELAY;M20B-EVID-005268-P2-FUNC;M20B-EVID-PROMO-20260826-025 || edge=M20B-E001878; evidence=M20B-EVID-001878;M20B-EVID-005247-P2-DIRECT;M20B-EVID-PROMO-20260826-026 || edge=M20B-E003441; evidence=M20B-EVID-003441 || edge=M20B-E003442; evidence=M20B-EVID-003442 || edge=M20B-E003444; evidence=M20B-EVID-003444 || edge=M20B-E003447; evidence=M20B-EVID-003447 || edge=M23B-E000519; evidence=M23B-EVID-000708
NODE03327	signaling_cascade	module20_24_export	Node participates in at least one evidence-gated exported mechanism edge.
NODE03327	target_gene	register_target_gene_layer	edge=M22B-E005890; evidence=M22B-EVID-006063 || edge=M22B-E006354; evidence=M22B-EVID-006527 || edge=M22B-E007764; evidence=M22B-EVID-007937 || edge=M22B-E008063; evidence=M22B-EVID-008236 || edge=M22B-E008505; evidence=M22B-EVID-008678
NODE03328	signaling_cascade	module20_24_export	Node participates in at least one evidence-gated exported mechanism edge.
NODE03329	signaling_cascade	module20_24_export	Node participates in at least one evidence-gated exported mechanism edge.
NODE03330	signaling_cascade	module20_24_export	Node participates in at least one evidence-gated exported mechanism edge.
NODE03331	ligand	register_ligand_receptor_layer	edge=M20B-E001879; evidence=M20B-EVID-001879 || edge=M20B-E001880; evidence=M20B-EVID-001880
NODE03331	signaling_cascade	module20_24_export	Node participates in at least one evidence-gated exported mechanism edge.
NODE03332	signaling_cascade	module20_24_export	Node participates in at least one evidence-gated exported mechanism edge.
NODE03333	signaling_cascade	module20_24_export	Node participates in at least one evidence-gated exported mechanism edge.
NODE03334	ligand	register_ligand_receptor_layer	edge=M20B-E001881; evidence=M20B-EVID-001881;M20B-EVID-005244-P2-FUNC;M20B-EVID-005244-P2-RELAY || edge=M20B-E001882; evidence=M20B-EVID-001882 || edge=M20B-E003449; evidence=M20B-EVID-003449 || edge=M20B-E003450; evidence=M20B-EVID-003450
NODE03334	signaling_cascade	module20_24_export	Node participates in at least one evidence-gated exported mechanism edge.
NODE03334	target_gene	register_target_gene_layer	edge=M22B-E009623; evidence=M22B-EVID-009796
NODE03335	signaling_cascade	module20_24_export	Node participates in at least one evidence-gated exported mechanism edge.
NODE03336	signaling_cascade	module20_24_export	Node participates in at least one evidence-gated exported mechanism edge.
NODE03337	ligand	register_ligand_receptor_layer	edge=M20B-E001883; evidence=M20B-EVID-001883 || edge=M20B-E003451; evidence=M20B-EVID-003451 || edge=M20B-E003452; evidence=M20B-EVID-003452
NODE03337	signaling_cascade	module20_24_export	Node participates in at least one evidence-gated exported mechanism edge.
NODE03338	ligand	register_ligand_receptor_layer	edge=M20B-E001884; evidence=M20B-EVID-001884;M20B-EVID-005260-P2-DIRECT;M20B-EVID-005261-P2-RELAY;M20B-EVID-005262-P2-FUNC || edge=M20B-E001885; evidence=M20B-EVID-001885;M20B-EVID-005245-P2-FUNC;M20B-EVID-005245-P2-RELAY || edge=M20B-E003453; evidence=M20B-EVID-003453 || edge=M23B-E000522; evidence=M23B-EVID-000711
NODE03338	signaling_cascade	module20_24_export	Node participates in at least one evidence-gated exported mechanism edge.
NODE03339	signaling_cascade	module20_24_export	Node participates in at least one evidence-gated exported mechanism edge.
NODE03340	signaling_cascade	module20_24_export	Node participates in at least one evidence-gated exported mechanism edge.
NODE03341	signaling_cascade	module20_24_export	Node participates in at least one evidence-gated exported mechanism edge.
NODE03342	ligand	register_ligand_receptor_layer	edge=M20B-E003455; evidence=M20B-EVID-003455 || edge=M20B-E003456; evidence=M20B-EVID-003456 || edge=M20B-E003457; evidence=M20B-EVID-003457
NODE03342	signaling_cascade	module20_24_export	Node participates in at least one evidence-gated exported mechanism edge.
NODE03343	ligand	register_ligand_receptor_layer	edge=M20B-E001886; evidence=M20B-EVID-001886;M20B-EVID-005246-P2-FUNC;M20B-EVID-005246-P2-RELAY;M20B-EVID-PROMO-20260826-027 || edge=M20B-E001887; evidence=M20B-EVID-001887;M20B-EVID-PROMO-20260826-028 || edge=M20B-E001888; evidence=M20B-EVID-001888;M20B-EVID-PROMO-20260826-029 || edge=M20B-E001889; evidence=M20B-EVID-001889 || edge=M20B-E003458; evidence=M20B-EVID-003458
NODE03343	signaling_cascade	module20_24_export	Node participates in at least one evidence-gated exported mechanism edge.
NODE03344	signaling_cascade	module20_24_export	Node participates in at least one evidence-gated exported mechanism edge.
NODE03345	ligand	register_ligand_receptor_layer	edge=M20B-E001890; evidence=M20B-EVID-001890;M20B-EVID-005269-P2-DIRECT || edge=M20B-E001891; evidence=M20B-EVID-001891;M20B-EVID-005270-P2-DIRECT || edge=M20B-E001892; evidence=M20B-EVID-001892 || edge=M20B-E001893; evidence=M20B-EVID-001893
NODE03345	signaling_cascade	module20_24_export	Node participates in at least one evidence-gated exported mechanism edge.
NODE03346	ligand	register_ligand_receptor_layer	edge=M20B-E001894; evidence=M20B-EVID-001894;M20B-EVID-005271-P2-RELAY;M20B-EVID-005272-P2-FUNC || edge=M20B-E001895; evidence=M20B-EVID-001895 || edge=M20B-E001896; evidence=M20B-EVID-001896 || edge=M20B-E001897; evidence=M20B-EVID-001897
NODE03346	signaling_cascade	module20_24_export	Node participates in at least one evidence-gated exported mechanism edge.
NODE03347	signaling_cascade	module20_24_export	Node participates in at least one evidence-gated exported mechanism edge.
NODE03348	signaling_cascade	module20_24_export	Node participates in at least one evidence-gated exported mechanism edge.
NODE03349	signaling_cascade	module20_24_export	Node participates in at least one evidence-gated exported mechanism edge.
NODE03350	ligand	register_ligand_receptor_layer	edge=M20B-E001898; evidence=M20B-EVID-001898 || edge=M20B-E001899; evidence=M20B-EVID-001899;M20B-EVID-005273-P2-DIRECT;M20B-EVID-PROMO-20260826-030
NODE03350	signaling_cascade	module20_24_export	Node participates in at least one evidence-gated exported mechanism edge.
NODE03351	signaling_cascade	module20_24_export	Node participates in at least one evidence-gated exported mechanism edge.
NODE03352	ligand	register_ligand_receptor_layer	edge=M20B-E001900; evidence=M20B-EVID-001900 || edge=M20B-E001901; evidence=M20B-EVID-001901;M20B-EVID-005274-P2-RELAY || edge=M20B-E001902; evidence=M20B-EVID-001902 || edge=M20B-E003464; evidence=M20B-EVID-003464
NODE03352	signaling_cascade	module20_24_export	Node participates in at least one evidence-gated exported mechanism edge.
NODE03353	signaling_cascade	module20_24_export	Node participates in at least one evidence-gated exported mechanism edge.
NODE03354	signaling_cascade	module20_24_export	Node participates in at least one evidence-gated exported mechanism edge.
NODE03355	signaling_cascade	module20_24_export	Node participates in at least one evidence-gated exported mechanism edge.
NODE03356	ligand	register_ligand_receptor_layer	edge=M20B-E001903; evidence=M20B-EVID-001903;M20B-EVID-005275-P2-DIRECT;M20B-EVID-005276-P2-RELAY || edge=M20B-E001904; evidence=M20B-EVID-001904
NODE03356	signaling_cascade	module20_24_export	Node participates in at least one evidence-gated exported mechanism edge.
NODE03356	target_gene	register_target_gene_layer	edge=M22B-E006717; evidence=M22B-EVID-006890 || edge=M22B-E008877; evidence=M22B-EVID-009050
NODE03357	signaling_cascade	module20_24_export	Node participates in at least one evidence-gated exported mechanism edge.
NODE03357	target_gene	register_target_gene_layer	edge=M22B-E006037; evidence=M22B-EVID-006210 || edge=M22B-E008206; evidence=M22B-EVID-008379
NODE03358	signaling_cascade	module20_24_export	Node participates in at least one evidence-gated exported mechanism edge.
NODE03359	receptor	register_ligand_receptor_layer	edge=M20B-E001860; evidence=M20B-EVID-001860 || edge=M20B-E001862; evidence=M20B-EVID-001862 || edge=M20B-E001866; evidence=M20B-EVID-001866 || edge=M20B-E001872; evidence=M20B-EVID-001872 || edge=M20B-E001875; evidence=M20B-EVID-001875;M20B-EVID-PROMO-20260826-023 || edge=M20B-E001881; evidence=M20B-EVID-001881;M20B-EVID-005244-P2-FUNC;M20B-EVID-005244-P2-RELAY || edge=M20B-E001884; evidence=M20B-EVID-001884;M20B-EVID-005260-P2-DIRECT;M20B-EVID-005261-P2-RELAY;M20B-EVID-005262-P2-FUNC || edge=M20B-E001886; evidence=M20B-EVID-001886;M20B-EVID-005246-P2-FUNC;M20B-EVID-005246-P2-RELAY;M20B-EVID-PROMO-20260826-027 || edge=M20B-E001890; evidence=M20B-EVID-001890;M20B-EVID-005269-P2-DIRECT || edge=M20B-E001894; evidence=M20B-EVID-001894;M20B-EVID-005271-P2-RELAY;M20B-EVID-005272-P2-FUNC || edge=M20B-E001898; evidence=M20B-EVID-001898 || edge=M20B-E001903; evidence=M20B-EVID-001903;M20B-EVID-005275-P2-DIRECT;M20B-EVID-005276-P2-RELAY || edge=M20B-E002230; evidence=M20B-EVID-002230 || edge=M20B-E003426; evidence=M20B-EVID-003426 || edge=M20B-E003428; evidence=M20B-EVID-003428 || edge=M20B-E003431; evidence=M20B-EVID-003431 || edge=M20B-E003437; evidence=M20B-EVID-003437 || edge=M20B-E003451; evidence=M20B-EVID-003451 || edge=M20B-E003831; evidence=M20B-EVID-003831;M20B-EVID-003831-P2-FUNC;M20B-EVID-003831-P2-RELAY
NODE03359	signaling_cascade	module20_24_export	Node participates in at least one evidence-gated exported mechanism edge.
NODE03359	target_gene	register_target_gene_layer	edge=M22B-E010330; evidence=M22B-EVID-010502 || edge=M22B-E010359; evidence=M22B-EVID-010531
NODE03360	signaling_cascade	module20_24_export	Node participates in at least one evidence-gated exported mechanism edge.
NODE03361	signaling_cascade	module20_24_export	Node participates in at least one evidence-gated exported mechanism edge.
NODE03362	signaling_cascade	module20_24_export	Node participates in at least one evidence-gated exported mechanism edge.
NODE03363	signaling_cascade	module20_24_export	Node participates in at least one evidence-gated exported mechanism edge.
NODE03364	signaling_cascade	module20_24_export	Node participates in at least one evidence-gated exported mechanism edge.
NODE03365	signaling_cascade	module20_24_export	Node participates in at least one evidence-gated exported mechanism edge.
NODE03366	signaling_cascade	module20_24_export	Node participates in at least one evidence-gated exported mechanism edge.
NODE03367	receptor	register_ligand_receptor_layer	edge=M20B-E001858; evidence=M20B-EVID-001858;M20B-EVID-PROMO-20260826-020 || edge=M20B-E001861; evidence=M20B-EVID-001861;M20B-EVID-PROMO-20260826-022 || edge=M20B-E001863; evidence=M20B-EVID-001863 || edge=M20B-E001867; evidence=M20B-EVID-001867 || edge=M20B-E001873; evidence=M20B-EVID-001873 || edge=M20B-E001876; evidence=M20B-EVID-001876;M20B-EVID-005257-P2-RELAY;M20B-EVID-005258-P2-FUNC;M20B-EVID-PROMO-20260826-024 || edge=M20B-E001883; evidence=M20B-EVID-001883 || edge=M20B-E001887; evidence=M20B-EVID-001887;M20B-EVID-PROMO-20260826-028 || edge=M20B-E001891; evidence=M20B-EVID-001891;M20B-EVID-005270-P2-DIRECT || edge=M20B-E001895; evidence=M20B-EVID-001895 || edge=M20B-E001899; evidence=M20B-EVID-001899;M20B-EVID-005273-P2-DIRECT;M20B-EVID-PROMO-20260826-030 || edge=M20B-E001900; evidence=M20B-EVID-001900 || edge=M20B-E003449; evidence=M20B-EVID-003449 || edge=M20B-E003453; evidence=M20B-EVID-003453 || edge=M20B-E004289; evidence=M20B-EVID-004289;M20B-EVID-004289-P2-DIRECT;M20B-EVID-004289-P2-FUNC;M20B-EVID-004289-P2-RELAY || edge=M23B-E000522; evidence=M23B-EVID-000711
NODE03367	signaling_cascade	module20_24_export	Node participates in at least one evidence-gated exported mechanism edge.
NODE03367	target_gene	register_target_gene_layer	edge=M22B-E010360; evidence=M22B-EVID-010532
NODE03368	signaling_cascade	module20_24_export	Node participates in at least one evidence-gated exported mechanism edge.
NODE03369	signaling_cascade	module20_24_export	Node participates in at least one evidence-gated exported mechanism edge.
NODE03370	signaling_cascade	module20_24_export	Node participates in at least one evidence-gated exported mechanism edge.
NODE03371	signaling_cascade	module20_24_export	Node participates in at least one evidence-gated exported mechanism edge.
NODE03372	receptor	register_ligand_receptor_layer	edge=M20B-E001859; evidence=M20B-EVID-001859;M20B-EVID-PROMO-20260826-021 || edge=M20B-E001864; evidence=M20B-EVID-001864 || edge=M20B-E001868; evidence=M20B-EVID-001868 || edge=M20B-E001870; evidence=M20B-EVID-001870 || edge=M20B-E001877; evidence=M20B-EVID-001877;M20B-EVID-005267-P2-RELAY;M20B-EVID-005268-P2-FUNC;M20B-EVID-PROMO-20260826-025 || edge=M20B-E001879; evidence=M20B-EVID-001879 || edge=M20B-E001882; evidence=M20B-EVID-001882 || edge=M20B-E001888; evidence=M20B-EVID-001888;M20B-EVID-PROMO-20260826-029 || edge=M20B-E001892; evidence=M20B-EVID-001892 || edge=M20B-E001896; evidence=M20B-EVID-001896 || edge=M20B-E001901; evidence=M20B-EVID-001901;M20B-EVID-005274-P2-RELAY || edge=M20B-E003455; evidence=M20B-EVID-003455
NODE03372	signaling_cascade	module20_24_export	Node participates in at least one evidence-gated exported mechanism edge.
NODE03372	target_gene	register_target_gene_layer	edge=M22B-E005891; evidence=M22B-EVID-006064 || edge=M22B-E007420; evidence=M22B-EVID-007593
NODE03373	signaling_cascade	module20_24_export	Node participates in at least one evidence-gated exported mechanism edge.
NODE03374	signaling_cascade	module20_24_export	Node participates in at least one evidence-gated exported mechanism edge.
NODE03375	receptor	register_ligand_receptor_layer	edge=M23B-E000957; evidence=M23B-EVID-001302
NODE03375	signaling_cascade	module20_24_export	Node participates in at least one evidence-gated exported mechanism edge.
NODE03376	signaling_cascade	module20_24_export	Node participates in at least one evidence-gated exported mechanism edge.
NODE03377	signaling_cascade	module20_24_export	Node participates in at least one evidence-gated exported mechanism edge.
NODE03378	receptor	register_ligand_receptor_layer	edge=M20B-E001865; evidence=M20B-EVID-001865;M20B-EVID-005265-P2-RELAY;M20B-EVID-005266-P2-FUNC || edge=M20B-E001869; evidence=M20B-EVID-001869 || edge=M20B-E001871; evidence=M20B-EVID-001871 || edge=M20B-E001874; evidence=M20B-EVID-001874;M20B-EVID-005263-P2-RELAY;M20B-EVID-005264-P2-FUNC || edge=M20B-E001878; evidence=M20B-EVID-001878;M20B-EVID-005247-P2-DIRECT;M20B-EVID-PROMO-20260826-026 || edge=M20B-E001880; evidence=M20B-EVID-001880 || edge=M20B-E001885; evidence=M20B-EVID-001885;M20B-EVID-005245-P2-FUNC;M20B-EVID-005245-P2-RELAY || edge=M20B-E001889; evidence=M20B-EVID-001889 || edge=M20B-E001893; evidence=M20B-EVID-001893 || edge=M20B-E001897; evidence=M20B-EVID-001897 || edge=M20B-E001902; evidence=M20B-EVID-001902 || edge=M20B-E001904; evidence=M20B-EVID-001904 || edge=M20B-E003450; evidence=M20B-EVID-003450 || edge=M20B-E003456; evidence=M20B-EVID-003456
NODE03378	signaling_cascade	module20_24_export	Node participates in at least one evidence-gated exported mechanism edge.
NODE03378	target_gene	register_target_gene_layer	edge=M22B-E006718; evidence=M22B-EVID-006891
NODE03379	signaling_cascade	module20_24_export	Node participates in at least one evidence-gated exported mechanism edge.
NODE03380	receptor	register_ligand_receptor_layer	edge=M20B-E003425; evidence=M20B-EVID-003425 || edge=M20B-E003441; evidence=M20B-EVID-003441 || edge=M20B-E003452; evidence=M20B-EVID-003452 || edge=M20B-E003457; evidence=M20B-EVID-003457 || edge=M20B-E003458; evidence=M20B-EVID-003458 || edge=M20B-E003464; evidence=M20B-EVID-003464
NODE03380	signaling_cascade	module20_24_export	Node participates in at least one evidence-gated exported mechanism edge.
NODE03380	target_gene	register_target_gene_layer	edge=M22B-E010393; evidence=M22B-EVID-010565
NODE03381	signaling_cascade	module20_24_export	Node participates in at least one evidence-gated exported mechanism edge.
NODE03382	signaling_cascade	module20_24_export	Node participates in at least one evidence-gated exported mechanism edge.
NODE03383	ligand	register_ligand_receptor_layer	edge=M23B-E001043; evidence=M23B-EVID-001412
NODE03383	signaling_cascade	module20_24_export	Node participates in at least one evidence-gated exported mechanism edge.
NODE03384	ligand	register_ligand_receptor_layer	edge=M20B-E003473; evidence=M20B-EVID-003473
NODE03384	signaling_cascade	module20_24_export	Node participates in at least one evidence-gated exported mechanism edge.
NODE03385	signaling_cascade	module20_24_export	Node participates in at least one evidence-gated exported mechanism edge.
NODE03386	signaling_cascade	module20_24_export	Node participates in at least one evidence-gated exported mechanism edge.
NODE03386	target_gene	register_target_gene_layer	edge=M22B-E007143; evidence=M22B-EVID-007316
NODE03387	signaling_cascade	module20_24_export	Node participates in at least one evidence-gated exported mechanism edge.
NODE03388	signaling_cascade	module20_24_export	Node participates in at least one evidence-gated exported mechanism edge.
NODE03389	signaling_cascade	module20_24_export	Node participates in at least one evidence-gated exported mechanism edge.
NODE03390	signaling_cascade	module20_24_export	Node participates in at least one evidence-gated exported mechanism edge.
NODE03391	signaling_cascade	module20_24_export	Node participates in at least one evidence-gated exported mechanism edge.
NODE03392	signaling_cascade	module20_24_export	Node participates in at least one evidence-gated exported mechanism edge.
NODE03393	signaling_cascade	module20_24_export	Node participates in at least one evidence-gated exported mechanism edge.
NODE03393	target_gene	register_target_gene_layer	edge=M22B-E006355; evidence=M22B-EVID-006528 || edge=M22B-E008506; evidence=M22B-EVID-008679
NODE03394	signaling_cascade	module20_24_export	Node participates in at least one evidence-gated exported mechanism edge.
NODE03395	signaling_cascade	module20_24_export	Node participates in at least one evidence-gated exported mechanism edge.
NODE03395	target_gene	register_target_gene_layer	edge=M22B-E007765; evidence=M22B-EVID-007938 || edge=M22B-E009210; evidence=M22B-EVID-009383
NODE03396	signaling_cascade	module20_24_export	Node participates in at least one evidence-gated exported mechanism edge.
NODE03397	signaling_cascade	module20_24_export	Node participates in at least one evidence-gated exported mechanism edge.
NODE03398	signaling_cascade	module20_24_export	Node participates in at least one evidence-gated exported mechanism edge.
NODE03399	signaling_cascade	module20_24_export	Node participates in at least one evidence-gated exported mechanism edge.
NODE03400	ligand	register_ligand_receptor_layer	edge=M23B-E000180; evidence=M23B-EVID-000254
NODE03400	signaling_cascade	module20_24_export	Node participates in at least one evidence-gated exported mechanism edge.
NODE03401	signaling_cascade	module20_24_export	Node participates in at least one evidence-gated exported mechanism edge.
NODE03402	signaling_cascade	module20_24_export	Node participates in at least one evidence-gated exported mechanism edge.
NODE03403	signaling_cascade	module20_24_export	Node participates in at least one evidence-gated exported mechanism edge.
NODE03404	signaling_cascade	module20_24_export	Node participates in at least one evidence-gated exported mechanism edge.
NODE03405	signaling_cascade	module20_24_export	Node participates in at least one evidence-gated exported mechanism edge.
NODE03406	signaling_cascade	module20_24_export	Node participates in at least one evidence-gated exported mechanism edge.
NODE03407	signaling_cascade	module20_24_export	Node participates in at least one evidence-gated exported mechanism edge.
NODE03408	signaling_cascade	module20_24_export	Node participates in at least one evidence-gated exported mechanism edge.
NODE03409	signaling_cascade	module20_24_export	Node participates in at least one evidence-gated exported mechanism edge.
NODE03410	signaling_cascade	module20_24_export	Node participates in at least one evidence-gated exported mechanism edge.
NODE03411	signaling_cascade	module20_24_export	Node participates in at least one evidence-gated exported mechanism edge.
NODE03412	signaling_cascade	module20_24_export	Node participates in at least one evidence-gated exported mechanism edge.
NODE03413	signaling_cascade	module20_24_export	Node participates in at least one evidence-gated exported mechanism edge.
NODE03414	signaling_cascade	module20_24_export	Node participates in at least one evidence-gated exported mechanism edge.
NODE03415	signaling_cascade	module20_24_export	Node participates in at least one evidence-gated exported mechanism edge.
NODE03416	signaling_cascade	module20_24_export	Node participates in at least one evidence-gated exported mechanism edge.
NODE03417	signaling_cascade	module20_24_export	Node participates in at least one evidence-gated exported mechanism edge.
NODE03418	signaling_cascade	module20_24_export	Node participates in at least one evidence-gated exported mechanism edge.
NODE03419	signaling_cascade	module20_24_export	Node participates in at least one evidence-gated exported mechanism edge.
NODE03420	signaling_cascade	module20_24_export	Node participates in at least one evidence-gated exported mechanism edge.
NODE03421	signaling_cascade	module20_24_export	Node participates in at least one evidence-gated exported mechanism edge.
NODE03422	signaling_cascade	module20_24_export	Node participates in at least one evidence-gated exported mechanism edge.
NODE03423	signaling_cascade	module20_24_export	Node participates in at least one evidence-gated exported mechanism edge.
NODE03424	signaling_cascade	module20_24_export	Node participates in at least one evidence-gated exported mechanism edge.
NODE03425	signaling_cascade	module20_24_export	Node participates in at least one evidence-gated exported mechanism edge.
NODE03425	target_gene	register_target_gene_layer	edge=M22B-E010081; evidence=M22B-EVID-010254 || edge=M22B-E010130; evidence=M22B-EVID-010303 || edge=M22B-E010131; evidence=M22B-EVID-010304
NODE03426	signaling_cascade	module20_24_export	Node participates in at least one evidence-gated exported mechanism edge.
NODE03427	signaling_cascade	module20_24_export	Node participates in at least one evidence-gated exported mechanism edge.
NODE03428	signaling_cascade	module20_24_export	Node participates in at least one evidence-gated exported mechanism edge.
NODE03428	target_gene	register_target_gene_layer	edge=M22B-E006038; evidence=M22B-EVID-006211 || edge=M22B-E008207; evidence=M22B-EVID-008380
NODE03428	transcription_factor	register_target_gene_layer	edge=M22B-E010153; evidence=M22B-EVID-010326 || edge=M22B-E010192; evidence=M22B-EVID-010365 || edge=M22B-E010195; evidence=M22B-EVID-010368
NODE03429	signaling_cascade	module20_24_export	Node participates in at least one evidence-gated exported mechanism edge.
NODE03430	ligand	register_ligand_receptor_layer	edge=M20B-E000472; evidence=M20B-EVID-000472 || edge=M23B-E000527; evidence=M23B-EVID-000717
NODE03430	signaling_cascade	module20_24_export	Node participates in at least one evidence-gated exported mechanism edge.
NODE03431	signaling_cascade	module20_24_export	Node participates in at least one evidence-gated exported mechanism edge.
NODE03432	ligand	register_ligand_receptor_layer	edge=M20B-E000475; evidence=M20B-EVID-000475 || edge=M20B-E000478; evidence=M20B-EVID-000478 || edge=M23B-E000529; evidence=M23B-EVID-000720 || edge=M23B-E000531; evidence=M23B-EVID-000723
NODE03432	signaling_cascade	module20_24_export	Node participates in at least one evidence-gated exported mechanism edge.
NODE03433	signaling_cascade	module20_24_export	Node participates in at least one evidence-gated exported mechanism edge.
NODE03434	receptor	register_ligand_receptor_layer	edge=M20B-E004506; evidence=M20B-EVID-004506;M20B-EVID-004506-P2-DIRECT;M20B-EVID-004506-P2-FUNC;M20B-EVID-004506-P2-RELAY
NODE03434	signaling_cascade	module20_24_export	Node participates in at least one evidence-gated exported mechanism edge.
NODE03434	target_gene	register_target_gene_layer	edge=M22B-E005892; evidence=M22B-EVID-006065 || edge=M22B-E006039; evidence=M22B-EVID-006212 || edge=M22B-E006356; evidence=M22B-EVID-006529 || edge=M22B-E007766; evidence=M22B-EVID-007939
NODE03435	receptor	register_ligand_receptor_layer	edge=M23B-E000230; evidence=M23B-EVID-000316
NODE03435	signaling_cascade	module20_24_export	Node participates in at least one evidence-gated exported mechanism edge.
NODE03436	signaling_cascade	module20_24_export	Node participates in at least one evidence-gated exported mechanism edge.
NODE03437	receptor	register_ligand_receptor_layer	edge=M20B-E003474; evidence=M20B-EVID-003474
NODE03437	signaling_cascade	module20_24_export	Node participates in at least one evidence-gated exported mechanism edge.
NODE03438	signaling_cascade	module20_24_export	Node participates in at least one evidence-gated exported mechanism edge.
NODE03439	signaling_cascade	module20_24_export	Node participates in at least one evidence-gated exported mechanism edge.
NODE03440	signaling_cascade	module20_24_export	Node participates in at least one evidence-gated exported mechanism edge.
NODE03441	signaling_cascade	module20_24_export	Node participates in at least one evidence-gated exported mechanism edge.
NODE03442	signaling_cascade	module20_24_export	Node participates in at least one evidence-gated exported mechanism edge.
NODE03443	signaling_cascade	module20_24_export	Node participates in at least one evidence-gated exported mechanism edge.
NODE03444	signaling_cascade	module20_24_export	Node participates in at least one evidence-gated exported mechanism edge.
NODE03445	signaling_cascade	module20_24_export	Node participates in at least one evidence-gated exported mechanism edge.
NODE03446	signaling_cascade	module20_24_export	Node participates in at least one evidence-gated exported mechanism edge.
NODE03447	signaling_cascade	module20_24_export	Node participates in at least one evidence-gated exported mechanism edge.
NODE03448	signaling_cascade	module20_24_export	Node participates in at least one evidence-gated exported mechanism edge.
NODE03449	signaling_cascade	module20_24_export	Node participates in at least one evidence-gated exported mechanism edge.
NODE03450	signaling_cascade	module20_24_export	Node participates in at least one evidence-gated exported mechanism edge.
NODE03451	ligand	register_ligand_receptor_layer	edge=M20B-E003474; evidence=M20B-EVID-003474
NODE03451	signaling_cascade	module20_24_export	Node participates in at least one evidence-gated exported mechanism edge.
NODE03452	signaling_cascade	module20_24_export	Node participates in at least one evidence-gated exported mechanism edge.
NODE03453	signaling_cascade	module20_24_export	Node participates in at least one evidence-gated exported mechanism edge.
NODE03453	target_gene	register_target_gene_layer	edge=M22B-E010505; evidence=M22B-EVID-010623
NODE03454	signaling_cascade	module20_24_export	Node participates in at least one evidence-gated exported mechanism edge.
NODE03455	signaling_cascade	module20_24_export	Node participates in at least one evidence-gated exported mechanism edge.
NODE03455	target_gene	register_target_gene_layer	edge=M22B-E009384; evidence=M22B-EVID-009557
NODE03456	signaling_cascade	module20_24_export	Node participates in at least one evidence-gated exported mechanism edge.
NODE03456	target_gene	register_target_gene_layer	edge=M22B-E007144; evidence=M22B-EVID-007317
NODE03457	signaling_cascade	module20_24_export	Node participates in at least one evidence-gated exported mechanism edge.
NODE03457	target_gene	register_target_gene_layer	edge=M22B-E000049; evidence=M22B-EVID-000830;M22B-EVID-000831;M22B-EVID-000832;M22B-EVID-000833;M22B-EVID-000870;M22B-EVID-000873 || edge=M22B-E000050; evidence=M22B-EVID-000127
NODE03458	ligand	register_ligand_receptor_layer	edge=M20B-E002115; evidence=M20B-EVID-002115 || edge=M20B-E002116; evidence=M20B-EVID-002116 || edge=M20B-E002117; evidence=M20B-EVID-002117 || edge=M20B-E002118; evidence=M20B-EVID-002118 || edge=M20B-E002119; evidence=M20B-EVID-002119 || edge=M20B-E002120; evidence=M20B-EVID-002120 || edge=M20B-E002121; evidence=M20B-EVID-002121 || edge=M20B-E002122; evidence=M20B-EVID-002122 || edge=M20B-E002123; evidence=M20B-EVID-002123 || edge=M20B-E002124; evidence=M20B-EVID-002124 || edge=M20B-E002125; evidence=M20B-EVID-002125 || edge=M20B-E002126; evidence=M20B-EVID-002126 || edge=M20B-E002328; evidence=M20B-EVID-002328 || edge=M20B-E003482; evidence=M20B-EVID-003482 || edge=M23B-E000139; evidence=M23B-EVID-000207 || edge=M23B-E000533; evidence=M23B-EVID-000726 || edge=M23B-E000535; evidence=M23B-EVID-000729 || edge=M23B-E000537; evidence=M23B-EVID-000732 || edge=M23B-E000539; evidence=M23B-EVID-000735 || edge=M23B-E000541; evidence=M23B-EVID-000738 || edge=M23B-E000543; evidence=M23B-EVID-000741 || edge=M23B-E000546; evidence=M23B-EVID-000744
NODE03458	signaling_cascade	module20_24_export	Node participates in at least one evidence-gated exported mechanism edge.
NODE03458	target_gene	register_target_gene_layer	edge=M22B-E005779; evidence=M22B-EVID-005952 || edge=M22B-E005893; evidence=M22B-EVID-006066 || edge=M22B-E006250; evidence=M22B-EVID-006423 || edge=M22B-E007145; evidence=M22B-EVID-007318 || edge=M22B-E007946; evidence=M22B-EVID-008119 || edge=M22B-E008064; evidence=M22B-EVID-008237 || edge=M22B-E008404; evidence=M22B-EVID-008577
NODE03459	ligand	register_ligand_receptor_layer	edge=M23B-E000960; evidence=M23B-EVID-001305
NODE03459	signaling_cascade	module20_24_export	Node participates in at least one evidence-gated exported mechanism edge.
NODE03460	ligand	register_ligand_receptor_layer	edge=M23B-E000142; evidence=M23B-EVID-000210
NODE03460	signaling_cascade	module20_24_export	Node participates in at least one evidence-gated exported mechanism edge.
NODE03461	ligand	register_ligand_receptor_layer	edge=M23B-E001094; evidence=M23B-EVID-EXPAND23A-019
NODE03461	signaling_cascade	module20_24_export	Node participates in at least one evidence-gated exported mechanism edge.
NODE03462	signaling_cascade	module20_24_export	Node participates in at least one evidence-gated exported mechanism edge.
NODE03463	signaling_cascade	module20_24_export	Node participates in at least one evidence-gated exported mechanism edge.
NODE03464	signaling_cascade	module20_24_export	Node participates in at least one evidence-gated exported mechanism edge.
NODE03465	signaling_cascade	module20_24_export	Node participates in at least one evidence-gated exported mechanism edge.
NODE03466	signaling_cascade	module20_24_export	Node participates in at least one evidence-gated exported mechanism edge.
NODE03466	target_gene	register_target_gene_layer	edge=M22B-E006251; evidence=M22B-EVID-006424 || edge=M22B-E006994; evidence=M22B-EVID-007167
NODE03467	signaling_cascade	module20_24_export	Node participates in at least one evidence-gated exported mechanism edge.
NODE03468	signaling_cascade	module20_24_export	Node participates in at least one evidence-gated exported mechanism edge.
NODE03469	signaling_cascade	module20_24_export	Node participates in at least one evidence-gated exported mechanism edge.
NODE03470	signaling_cascade	module20_24_export	Node participates in at least one evidence-gated exported mechanism edge.
NODE03471	signaling_cascade	module20_24_export	Node participates in at least one evidence-gated exported mechanism edge.
NODE03472	signaling_cascade	module20_24_export	Node participates in at least one evidence-gated exported mechanism edge.
NODE03473	signaling_cascade	module20_24_export	Node participates in at least one evidence-gated exported mechanism edge.
NODE03474	signaling_cascade	module20_24_export	Node participates in at least one evidence-gated exported mechanism edge.
NODE03475	signaling_cascade	module20_24_export	Node participates in at least one evidence-gated exported mechanism edge.
NODE03475	target_gene	register_target_gene_layer	edge=M22B-E005780; evidence=M22B-EVID-005953 || edge=M22B-E005810; evidence=M22B-EVID-005983 || edge=M22B-E006040; evidence=M22B-EVID-006213 || edge=M22B-E006514; evidence=M22B-EVID-006687 || edge=M22B-E007146; evidence=M22B-EVID-007319 || edge=M22B-E007421; evidence=M22B-EVID-007594 || edge=M22B-E007767; evidence=M22B-EVID-007940 || edge=M22B-E007947; evidence=M22B-EVID-008120 || edge=M22B-E007976; evidence=M22B-EVID-008149 || edge=M22B-E008208; evidence=M22B-EVID-008381 || edge=M22B-E009211; evidence=M22B-EVID-009384 || edge=M22B-E009921; evidence=M22B-EVID-010094 || edge=M22B-E010037; evidence=M22B-EVID-010210 || edge=M22B-E010042; evidence=M22B-EVID-010215 || edge=M22B-E010045; evidence=M22B-EVID-010218
NODE03475	transcription_factor	register_target_gene_layer	edge=M22B-E005734; evidence=M22B-EVID-005907 || edge=M22B-E005735; evidence=M22B-EVID-005908 || edge=M22B-E006135; evidence=M22B-EVID-006308 || edge=M22B-E006136; evidence=M22B-EVID-006309 || edge=M22B-E006137; evidence=M22B-EVID-006310 || edge=M22B-E006138; evidence=M22B-EVID-006311 || edge=M22B-E006139; evidence=M22B-EVID-006312 || edge=M22B-E006140; evidence=M22B-EVID-006313 || edge=M22B-E006141; evidence=M22B-EVID-006314 || edge=M22B-E006142; evidence=M22B-EVID-006315 || edge=M22B-E006143; evidence=M22B-EVID-006316 || edge=M22B-E006144; evidence=M22B-EVID-006317 || edge=M22B-E006145; evidence=M22B-EVID-006318 || edge=M22B-E006146; evidence=M22B-EVID-006319 || edge=M22B-E006147; evidence=M22B-EVID-006320 || edge=M22B-E006148; evidence=M22B-EVID-006321 || edge=M22B-E006149; evidence=M22B-EVID-006322 || edge=M22B-E006150; evidence=M22B-EVID-006323 || edge=M22B-E006151; evidence=M22B-EVID-006324 || edge=M22B-E006152; evidence=M22B-EVID-006325 || edge=M22B-E006153; evidence=M22B-EVID-006326 || edge=M22B-E006154; evidence=M22B-EVID-006327 || edge=M22B-E006155; evidence=M22B-EVID-006328 || edge=M22B-E006156; evidence=M22B-EVID-006329 || edge=M22B-E006157; evidence=M22B-EVID-006330 || edge=M22B-E006158; evidence=M22B-EVID-006331 || edge=M22B-E006159; evidence=M22B-EVID-006332 || edge=M22B-E006160; evidence=M22B-EVID-006333 || edge=M22B-E006161; evidence=M22B-EVID-006334 || edge=M22B-E006162; evidence=M22B-EVID-006335 || edge=M22B-E006163; evidence=M22B-EVID-006336 || edge=M22B-E006164; evidence=M22B-EVID-006337 || edge=M22B-E006165; evidence=M22B-EVID-006338 || edge=M22B-E006166; evidence=M22B-EVID-006339 || edge=M22B-E006167; evidence=M22B-EVID-006340 || edge=M22B-E006168; evidence=M22B-EVID-006341 || edge=M22B-E006169; evidence=M22B-EVID-006342 || edge=M22B-E006170; evidence=M22B-EVID-006343 || edge=M22B-E006171; evidence=M22B-EVID-006344 || edge=M22B-E006172; evidence=M22B-EVID-006345 || edge=M22B-E006173; evidence=M22B-EVID-006346 || edge=M22B-E006174; evidence=M22B-EVID-006347 || edge=M22B-E006175; evidence=M22B-EVID-006348 || edge=M22B-E006176; evidence=M22B-EVID-006349 || edge=M22B-E006177; evidence=M22B-EVID-006350 || edge=M22B-E006178; evidence=M22B-EVID-006351 || edge=M22B-E006179; evidence=M22B-EVID-006352 || edge=M22B-E006180; evidence=M22B-EVID-006353 || edge=M22B-E006181; evidence=M22B-EVID-006354 || edge=M22B-E006182; evidence=M22B-EVID-006355 || edge=M22B-E006183; evidence=M22B-EVID-006356 || edge=M22B-E006184; evidence=M22B-EVID-006357 || edge=M22B-E006185; evidence=M22B-EVID-006358 || edge=M22B-E006186; evidence=M22B-EVID-006359 || edge=M22B-E006187; evidence=M22B-EVID-006360 || edge=M22B-E006188; evidence=M22B-EVID-006361 || edge=M22B-E006189; evidence=M22B-EVID-006362 || edge=M22B-E006190; evidence=M22B-EVID-006363 || edge=M22B-E006191; evidence=M22B-EVID-006364 || edge=M22B-E006192; evidence=M22B-EVID-006365 || edge=M22B-E006193; evidence=M22B-EVID-006366 || edge=M22B-E006194; evidence=M22B-EVID-006367 || edge=M22B-E006195; evidence=M22B-EVID-006368 || edge=M22B-E006196; evidence=M22B-EVID-006369 || edge=M22B-E006197; evidence=M22B-EVID-006370 || edge=M22B-E006198; evidence=M22B-EVID-006371 || edge=M22B-E006199; evidence=M22B-EVID-006372 || edge=M22B-E006200; evidence=M22B-EVID-006373 || edge=M22B-E006201; evidence=M22B-EVID-006374 || edge=M22B-E006202; evidence=M22B-EVID-006375 || edge=M22B-E006203; evidence=M22B-EVID-006376 || edge=M22B-E006204; evidence=M22B-EVID-006377 || edge=M22B-E006205; evidence=M22B-EVID-006378 || edge=M22B-E006206; evidence=M22B-EVID-006379 || edge=M22B-E006207; evidence=M22B-EVID-006380 || edge=M22B-E006208; evidence=M22B-EVID-006381 || edge=M22B-E006209; evidence=M22B-EVID-006382 || edge=M22B-E006210; evidence=M22B-EVID-006383 || edge=M22B-E006211; evidence=M22B-EVID-006384 || edge=M22B-E006212; evidence=M22B-EVID-006385 || edge=M22B-E006213; evidence=M22B-EVID-006386 || edge=M22B-E006214; evidence=M22B-EVID-006387 || edge=M22B-E006215; evidence=M22B-EVID-006388 || edge=M22B-E006216; evidence=M22B-EVID-006389 || edge=M22B-E006217; evidence=M22B-EVID-006390 || edge=M22B-E006218; evidence=M22B-EVID-006391 || edge=M22B-E006219; evidence=M22B-EVID-006392 || edge=M22B-E006220; evidence=M22B-EVID-006393 || edge=M22B-E006221; evidence=M22B-EVID-006394 || edge=M22B-E006222; evidence=M22B-EVID-006395 || edge=M22B-E006223; evidence=M22B-EVID-006396 || edge=M22B-E006224; evidence=M22B-EVID-006397 || edge=M22B-E008281; evidence=M22B-EVID-008454 || edge=M22B-E008282; evidence=M22B-EVID-008455 || edge=M22B-E008283; evidence=M22B-EVID-008456 || edge=M22B-E008284; evidence=M22B-EVID-008457 || edge=M22B-E008285; evidence=M22B-EVID-008458 || edge=M22B-E008286; evidence=M22B-EVID-008459 || edge=M22B-E008287; evidence=M22B-EVID-008460 || edge=M22B-E008288; evidence=M22B-EVID-008461 || edge=M22B-E008289; evidence=M22B-EVID-008462 || edge=M22B-E008290; evidence=M22B-EVID-008463 || edge=M22B-E008291; evidence=M22B-EVID-008464 || edge=M22B-E008292; evidence=M22B-EVID-008465 || edge=M22B-E008293; evidence=M22B-EVID-008466 || edge=M22B-E008294; evidence=M22B-EVID-008467 || edge=M22B-E008295; evidence=M22B-EVID-008468 || edge=M22B-E008296; evidence=M22B-EVID-008469 || edge=M22B-E008297; evidence=M22B-EVID-008470 || edge=M22B-E008298; evidence=M22B-EVID-008471 || edge=M22B-E008299; evidence=M22B-EVID-008472 || edge=M22B-E008300; evidence=M22B-EVID-008473 || edge=M22B-E008301; evidence=M22B-EVID-008474 || edge=M22B-E008302; evidence=M22B-EVID-008475 || edge=M22B-E008303; evidence=M22B-EVID-008476 || edge=M22B-E008304; evidence=M22B-EVID-008477 || edge=M22B-E008305; evidence=M22B-EVID-008478 || edge=M22B-E008306; evidence=M22B-EVID-008479 || edge=M22B-E008307; evidence=M22B-EVID-008480 || edge=M22B-E008308; evidence=M22B-EVID-008481 || edge=M22B-E008309; evidence=M22B-EVID-008482 || edge=M22B-E008310; evidence=M22B-EVID-008483 || edge=M22B-E008311; evidence=M22B-EVID-008484 || edge=M22B-E008312; evidence=M22B-EVID-008485 || edge=M22B-E008313; evidence=M22B-EVID-008486 || edge=M22B-E008314; evidence=M22B-EVID-008487 || edge=M22B-E008315; evidence=M22B-EVID-008488 || edge=M22B-E008316; evidence=M22B-EVID-008489 || edge=M22B-E008317; evidence=M22B-EVID-008490 || edge=M22B-E008318; evidence=M22B-EVID-008491 || edge=M22B-E008319; evidence=M22B-EVID-008492 || edge=M22B-E008320; evidence=M22B-EVID-008493 || edge=M22B-E008321; evidence=M22B-EVID-008494 || edge=M22B-E008322; evidence=M22B-EVID-008495 || edge=M22B-E008323; evidence=M22B-EVID-008496 || edge=M22B-E008324; evidence=M22B-EVID-008497 || edge=M22B-E008325; evidence=M22B-EVID-008498 || edge=M22B-E008326; evidence=M22B-EVID-008499 || edge=M22B-E008327; evidence=M22B-EVID-008500 || edge=M22B-E008328; evidence=M22B-EVID-008501 || edge=M22B-E008329; evidence=M22B-EVID-008502 || edge=M22B-E008330; evidence=M22B-EVID-008503 || edge=M22B-E008331; evidence=M22B-EVID-008504 || edge=M22B-E008332; evidence=M22B-EVID-008505 || edge=M22B-E008333; evidence=M22B-EVID-008506 || edge=M22B-E008334; evidence=M22B-EVID-008507 || edge=M22B-E008335; evidence=M22B-EVID-008508 || edge=M22B-E008336; evidence=M22B-EVID-008509 || edge=M22B-E008337; evidence=M22B-EVID-008510 || edge=M22B-E008338; evidence=M22B-EVID-008511 || edge=M22B-E008339; evidence=M22B-EVID-008512 || edge=M22B-E008340; evidence=M22B-EVID-008513 || edge=M22B-E008341; evidence=M22B-EVID-008514 || edge=M22B-E008342; evidence=M22B-EVID-008515 || edge=M22B-E008343; evidence=M22B-EVID-008516 || edge=M22B-E008344; evidence=M22B-EVID-008517 || edge=M22B-E008345; evidence=M22B-EVID-008518 || edge=M22B-E008346; evidence=M22B-EVID-008519 || edge=M22B-E008347; evidence=M22B-EVID-008520 || edge=M22B-E008348; evidence=M22B-EVID-008521 || edge=M22B-E008349; evidence=M22B-EVID-008522 || edge=M22B-E008350; evidence=M22B-EVID-008523 || edge=M22B-E008351; evidence=M22B-EVID-008524 || edge=M22B-E008352; evidence=M22B-EVID-008525 || edge=M22B-E008353; evidence=M22B-EVID-008526 || edge=M22B-E008354; evidence=M22B-EVID-008527 || edge=M22B-E008355; evidence=M22B-EVID-008528 || edge=M22B-E008356; evidence=M22B-EVID-008529 || edge=M22B-E008357; evidence=M22B-EVID-008530 || edge=M22B-E008358; evidence=M22B-EVID-008531 || edge=M22B-E008359; evidence=M22B-EVID-008532 || edge=M22B-E008360; evidence=M22B-EVID-008533 || edge=M22B-E008361; evidence=M22B-EVID-008534 || edge=M22B-E008362; evidence=M22B-EVID-008535 || edge=M22B-E008363; evidence=M22B-EVID-008536 || edge=M22B-E008364; evidence=M22B-EVID-008537 || edge=M22B-E008365; evidence=M22B-EVID-008538 || edge=M22B-E008366; evidence=M22B-EVID-008539 || edge=M22B-E008367; evidence=M22B-EVID-008540 || edge=M22B-E008368; evidence=M22B-EVID-008541 || edge=M22B-E008369; evidence=M22B-EVID-008542 || edge=M22B-E008370; evidence=M22B-EVID-008543 || edge=M22B-E008371; evidence=M22B-EVID-008544 || edge=M22B-E008372; evidence=M22B-EVID-008545 || edge=M22B-E009382; evidence=M22B-EVID-009555 || edge=M22B-E009383; evidence=M22B-EVID-009556 || edge=M22B-E009384; evidence=M22B-EVID-009557 || edge=M22B-E009385; evidence=M22B-EVID-009558 || edge=M22B-E009386; evidence=M22B-EVID-009559 || edge=M22B-E009387; evidence=M22B-EVID-009560 || edge=M22B-E009692; evidence=M22B-EVID-009865 || edge=M22B-E009693; evidence=M22B-EVID-009866 || edge=M22B-E009694; evidence=M22B-EVID-009867 || edge=M22B-E009695; evidence=M22B-EVID-009868 || edge=M22B-E009696; evidence=M22B-EVID-009869 || edge=M22B-E009697; evidence=M22B-EVID-009870 || edge=M22B-E009698; evidence=M22B-EVID-009871 || edge=M22B-E009699; evidence=M22B-EVID-009872 || edge=M22B-E009700; evidence=M22B-EVID-009873 || edge=M22B-E009701; evidence=M22B-EVID-009874 || edge=M22B-E009702; evidence=M22B-EVID-009875 || edge=M22B-E009703; evidence=M22B-EVID-009876 || edge=M22B-E009704; evidence=M22B-EVID-009877 || edge=M22B-E009705; evidence=M22B-EVID-009878 || edge=M22B-E010508; evidence=M22B-EVID-010625 || edge=M22B-E010515; evidence=M22B-EVID-010630
NODE03476	signaling_cascade	module20_24_export	Node participates in at least one evidence-gated exported mechanism edge.
NODE03476	target_gene	register_target_gene_layer	edge=M22B-E006041; evidence=M22B-EVID-006214 || edge=M22B-E006162; evidence=M22B-EVID-006335 || edge=M22B-E006515; evidence=M22B-EVID-006688 || edge=M22B-E006719; evidence=M22B-EVID-006892 || edge=M22B-E007147; evidence=M22B-EVID-007320 || edge=M22B-E008209; evidence=M22B-EVID-008382 || edge=M22B-E008312; evidence=M22B-EVID-008485 || edge=M22B-E008671; evidence=M22B-EVID-008844 || edge=M22B-E008878; evidence=M22B-EVID-009051
NODE03477	signaling_cascade	module20_24_export	Node participates in at least one evidence-gated exported mechanism edge.
NODE03477	target_gene	register_target_gene_layer	edge=M22B-E006163; evidence=M22B-EVID-006336 || edge=M22B-E008313; evidence=M22B-EVID-008486
NODE03477	transcription_factor	register_target_gene_layer	edge=M22B-E010301; evidence=M22B-EVID-010473
NODE03478	signaling_cascade	module20_24_export	Node participates in at least one evidence-gated exported mechanism edge.
NODE03478	transcription_factor	register_target_gene_layer	edge=M22B-E010511; evidence=M22B-EVID-010627
NODE03479	signaling_cascade	module20_24_export	Node participates in at least one evidence-gated exported mechanism edge.
NODE03479	target_gene	register_target_gene_layer	edge=M22B-E005753; evidence=M22B-EVID-005926
NODE03480	signaling_cascade	module20_24_export	Node participates in at least one evidence-gated exported mechanism edge.
NODE03480	target_gene	register_target_gene_layer	edge=M22B-E009392; evidence=M22B-EVID-009565
NODE03481	signaling_cascade	module20_24_export	Node participates in at least one evidence-gated exported mechanism edge.
NODE03481	target_gene	register_target_gene_layer	edge=M22B-E006042; evidence=M22B-EVID-006215 || edge=M22B-E008210; evidence=M22B-EVID-008383
NODE03482	signaling_cascade	module20_24_export	Node participates in at least one evidence-gated exported mechanism edge.
NODE03482	transcription_factor	register_target_gene_layer	edge=M22B-E010324; evidence=M22B-EVID-010496
NODE03483	signaling_cascade	module20_24_export	Node participates in at least one evidence-gated exported mechanism edge.
NODE03483	target_gene	register_target_gene_layer	edge=M22B-E009635; evidence=M22B-EVID-009808
NODE03483	transcription_factor	register_target_gene_layer	edge=M22B-E010664; evidence=M22B-EVID-010758
NODE03484	signaling_cascade	module20_24_export	Node participates in at least one evidence-gated exported mechanism edge.
NODE03485	signaling_cascade	module20_24_export	Node participates in at least one evidence-gated exported mechanism edge.
NODE03486	signaling_cascade	module20_24_export	Node participates in at least one evidence-gated exported mechanism edge.
NODE03486	transcription_factor	register_target_gene_layer	edge=M22B-E010391; evidence=M22B-EVID-010563 || edge=M22B-E010546; evidence=M22B-EVID-010653
NODE03487	signaling_cascade	module20_24_export	Node participates in at least one evidence-gated exported mechanism edge.
NODE03487	transcription_factor	register_target_gene_layer	edge=M22B-E010569; evidence=M22B-EVID-010666
NODE03488	signaling_cascade	module20_24_export	Node participates in at least one evidence-gated exported mechanism edge.
NODE03488	transcription_factor	register_target_gene_layer	edge=M22B-E010534; evidence=M22B-EVID-010646
NODE03489	signaling_cascade	module20_24_export	Node participates in at least one evidence-gated exported mechanism edge.
NODE03489	target_gene	register_target_gene_layer	edge=M22B-E006357; evidence=M22B-EVID-006530 || edge=M22B-E006720; evidence=M22B-EVID-006893 || edge=M22B-E009549; evidence=M22B-EVID-009722 || edge=M22B-E009611; evidence=M22B-EVID-009784 || edge=M22B-E010070; evidence=M22B-EVID-010243
NODE03489	transcription_factor	register_target_gene_layer	edge=M22B-E010303; evidence=M22B-EVID-010475
NODE03490	signaling_cascade	module20_24_export	Node participates in at least one evidence-gated exported mechanism edge.
NODE03491	signaling_cascade	module20_24_export	Node participates in at least one evidence-gated exported mechanism edge.
NODE03491	transcription_factor	register_target_gene_layer	edge=M22B-E009937; evidence=M22B-EVID-010110 || edge=M22B-E009938; evidence=M22B-EVID-010111 || edge=M22B-E010024; evidence=M22B-EVID-010197 || edge=M22B-E010025; evidence=M22B-EVID-010198 || edge=M22B-E010059; evidence=M22B-EVID-010232 || edge=M22B-E010328; evidence=M22B-EVID-010500 || edge=M22B-E010357; evidence=M22B-EVID-010529 || edge=M22B-E010422; evidence=M22B-EVID-010594 || edge=M22B-E010429; evidence=M22B-EVID-010599 || edge=M22B-E010503; evidence=M22B-EVID-010622 || edge=M22B-E010627; evidence=M22B-EVID-010723 || edge=M22B-E010643; evidence=M22B-EVID-010739
NODE03492	signaling_cascade	module20_24_export	Node participates in at least one evidence-gated exported mechanism edge.
NODE03493	signaling_cascade	module20_24_export	Node participates in at least one evidence-gated exported mechanism edge.
NODE03494	signaling_cascade	module20_24_export	Node participates in at least one evidence-gated exported mechanism edge.
NODE03495	signaling_cascade	module20_24_export	Node participates in at least one evidence-gated exported mechanism edge.
NODE03496	signaling_cascade	module20_24_export	Node participates in at least one evidence-gated exported mechanism edge.
NODE03497	signaling_cascade	module20_24_export	Node participates in at least one evidence-gated exported mechanism edge.
NODE03498	signaling_cascade	module20_24_export	Node participates in at least one evidence-gated exported mechanism edge.
NODE03498	target_gene	register_target_gene_layer	edge=M22B-E006164; evidence=M22B-EVID-006337 || edge=M22B-E007422; evidence=M22B-EVID-007595 || edge=M22B-E008314; evidence=M22B-EVID-008487
NODE03498	transcription_factor	register_target_gene_layer	edge=M22B-E010504; evidence=M22B-EVID-010622
NODE03499	signaling_cascade	module20_24_export	Node participates in at least one evidence-gated exported mechanism edge.
NODE03500	signaling_cascade	module20_24_export	Node participates in at least one evidence-gated exported mechanism edge.
NODE03501	signaling_cascade	module20_24_export	Node participates in at least one evidence-gated exported mechanism edge.
NODE03502	signaling_cascade	module20_24_export	Node participates in at least one evidence-gated exported mechanism edge.
NODE03503	signaling_cascade	module20_24_export	Node participates in at least one evidence-gated exported mechanism edge.
NODE03504	signaling_cascade	module20_24_export	Node participates in at least one evidence-gated exported mechanism edge.
NODE03505	signaling_cascade	module20_24_export	Node participates in at least one evidence-gated exported mechanism edge.
NODE03506	signaling_cascade	module20_24_export	Node participates in at least one evidence-gated exported mechanism edge.
NODE03507	signaling_cascade	module20_24_export	Node participates in at least one evidence-gated exported mechanism edge.
NODE03508	signaling_cascade	module20_24_export	Node participates in at least one evidence-gated exported mechanism edge.
NODE03509	signaling_cascade	module20_24_export	Node participates in at least one evidence-gated exported mechanism edge.
NODE03510	signaling_cascade	module20_24_export	Node participates in at least one evidence-gated exported mechanism edge.
NODE03511	signaling_cascade	module20_24_export	Node participates in at least one evidence-gated exported mechanism edge.
NODE03512	signaling_cascade	module20_24_export	Node participates in at least one evidence-gated exported mechanism edge.
NODE03513	signaling_cascade	module20_24_export	Node participates in at least one evidence-gated exported mechanism edge.
NODE03514	signaling_cascade	module20_24_export	Node participates in at least one evidence-gated exported mechanism edge.
NODE03515	signaling_cascade	module20_24_export	Node participates in at least one evidence-gated exported mechanism edge.
NODE03516	signaling_cascade	module20_24_export	Node participates in at least one evidence-gated exported mechanism edge.
NODE03517	signaling_cascade	module20_24_export	Node participates in at least one evidence-gated exported mechanism edge.
NODE03518	signaling_cascade	module20_24_export	Node participates in at least one evidence-gated exported mechanism edge.
NODE03519	signaling_cascade	module20_24_export	Node participates in at least one evidence-gated exported mechanism edge.
NODE03519	transcription_factor	register_target_gene_layer	edge=M22B-E010590; evidence=M22B-EVID-010686
NODE03520	signaling_cascade	module20_24_export	Node participates in at least one evidence-gated exported mechanism edge.
NODE03520	target_gene	register_target_gene_layer	edge=M22B-E006165; evidence=M22B-EVID-006338 || edge=M22B-E006995; evidence=M22B-EVID-007168 || edge=M22B-E007768; evidence=M22B-EVID-007941
NODE03520	transcription_factor	register_target_gene_layer	edge=M22B-E010279; evidence=M22B-EVID-010452
NODE03521	signaling_cascade	module20_24_export	Node participates in at least one evidence-gated exported mechanism edge.
NODE03521	transcription_factor	register_target_gene_layer	edge=M22B-E010196; evidence=M22B-EVID-010369 || edge=M22B-E010197; evidence=M22B-EVID-010370
NODE03522	signaling_cascade	module20_24_export	Node participates in at least one evidence-gated exported mechanism edge.
NODE03522	target_gene	register_target_gene_layer	edge=M22B-E006457; evidence=M22B-EVID-006630 || edge=M22B-E007423; evidence=M22B-EVID-007596 || edge=M22B-E008607; evidence=M22B-EVID-008780
NODE03522	transcription_factor	register_target_gene_layer	edge=M22B-E010385; evidence=M22B-EVID-010557
NODE03523	signaling_cascade	module20_24_export	Node participates in at least one evidence-gated exported mechanism edge.
NODE03524	signaling_cascade	module20_24_export	Node participates in at least one evidence-gated exported mechanism edge.
NODE03524	transcription_factor	register_target_gene_layer	edge=M22B-E010617; evidence=M22B-EVID-010713
NODE03525	signaling_cascade	module20_24_export	Node participates in at least one evidence-gated exported mechanism edge.
NODE03525	transcription_factor	register_target_gene_layer	edge=M22B-E010544; evidence=M22B-EVID-010652
NODE03526	signaling_cascade	module20_24_export	Node participates in at least one evidence-gated exported mechanism edge.
NODE03526	target_gene	register_target_gene_layer	edge=M22B-E006721; evidence=M22B-EVID-006894 || edge=M22B-E008879; evidence=M22B-EVID-009052
NODE03527	receptor	register_ligand_receptor_layer	edge=M20B-E002578; evidence=M20B-EVID-002578;M20B-EVID-005289-P2-RELAY;M20B-EVID-005290-P2-FUNC || edge=M24B-E000064; evidence=M24B-EVID-000085
NODE03527	signaling_cascade	module20_24_export	Node participates in at least one evidence-gated exported mechanism edge.
NODE03527	target_gene	register_target_gene_layer	edge=M22B-E010214; evidence=M22B-EVID-010387
NODE03528	signaling_cascade	module20_24_export	Node participates in at least one evidence-gated exported mechanism edge.
NODE03529	receptor	register_ligand_receptor_layer	edge=M20B-E004783; evidence=M20B-EVID-004783;M20B-EVID-004783-P2-FUNC;M20B-EVID-004783-P2-FUNC-FT;M20B-EVID-004783-P2-RELAY;M20B-EVID-004783-P2-RELAY-FT || edge=M20B-E004790; evidence=M20B-EVID-004790;M20B-EVID-004790-P2-FUNC;M20B-EVID-004790-P2-RELAY || edge=M24B-E000065; evidence=M24B-EVID-000086
NODE03529	signaling_cascade	module20_24_export	Node participates in at least one evidence-gated exported mechanism edge.
NODE03529	target_gene	register_target_gene_layer	edge=M22B-E010425; evidence=M22B-EVID-010596 || edge=M22B-E010426; evidence=M22B-EVID-010596
NODE03530	receptor	register_ligand_receptor_layer	edge=M24B-E000069; evidence=M24B-EVID-000105
NODE03530	signaling_cascade	module20_24_export	Node participates in at least one evidence-gated exported mechanism edge.
NODE03531	signaling_cascade	module20_24_export	Node participates in at least one evidence-gated exported mechanism edge.
NODE03532	signaling_cascade	module20_24_export	Node participates in at least one evidence-gated exported mechanism edge.
NODE03533	signaling_cascade	module20_24_export	Node participates in at least one evidence-gated exported mechanism edge.
NODE03534	signaling_cascade	module20_24_export	Node participates in at least one evidence-gated exported mechanism edge.
NODE03534	target_gene	register_target_gene_layer	edge=M22B-E007769; evidence=M22B-EVID-007942 || edge=M22B-E009212; evidence=M22B-EVID-009385
NODE03535	signaling_cascade	module20_24_export	Node participates in at least one evidence-gated exported mechanism edge.
NODE03536	signaling_cascade	module20_24_export	Node participates in at least one evidence-gated exported mechanism edge.
NODE03537	signaling_cascade	module20_24_export	Node participates in at least one evidence-gated exported mechanism edge.
NODE03538	signaling_cascade	module20_24_export	Node participates in at least one evidence-gated exported mechanism edge.
NODE03539	signaling_cascade	module20_24_export	Node participates in at least one evidence-gated exported mechanism edge.
NODE03540	signaling_cascade	module20_24_export	Node participates in at least one evidence-gated exported mechanism edge.
NODE03541	ligand	register_ligand_receptor_layer	edge=M20B-E003496; evidence=M20B-EVID-003496;M20B-EVID-005315-P2-RELAY;M20B-EVID-005316-P2-FUNC
NODE03541	signaling_cascade	module20_24_export	Node participates in at least one evidence-gated exported mechanism edge.
NODE03542	receptor	register_ligand_receptor_layer	edge=M20B-E003496; evidence=M20B-EVID-003496;M20B-EVID-005315-P2-RELAY;M20B-EVID-005316-P2-FUNC
NODE03542	signaling_cascade	module20_24_export	Node participates in at least one evidence-gated exported mechanism edge.
NODE03543	signaling_cascade	module20_24_export	Node participates in at least one evidence-gated exported mechanism edge.
NODE03544	signaling_cascade	module20_24_export	Node participates in at least one evidence-gated exported mechanism edge.
NODE03544	target_gene	register_target_gene_layer	edge=M22B-E000378; evidence=M22B-EVID-000378
NODE03545	ligand	register_ligand_receptor_layer	edge=M20B-E003506; evidence=M20B-EVID-003506
NODE03545	signaling_cascade	module20_24_export	Node participates in at least one evidence-gated exported mechanism edge.
NODE03546	signaling_cascade	module20_24_export	Node participates in at least one evidence-gated exported mechanism edge.
NODE03547	signaling_cascade	module20_24_export	Node participates in at least one evidence-gated exported mechanism edge.
NODE03547	target_gene	register_target_gene_layer	edge=M22B-E010132; evidence=M22B-EVID-010305
NODE03548	signaling_cascade	module20_24_export	Node participates in at least one evidence-gated exported mechanism edge.
NODE03549	signaling_cascade	module20_24_export	Node participates in at least one evidence-gated exported mechanism edge.
NODE03550	signaling_cascade	module20_24_export	Node participates in at least one evidence-gated exported mechanism edge.
NODE03551	signaling_cascade	module20_24_export	Node participates in at least one evidence-gated exported mechanism edge.
NODE03551	target_gene	register_target_gene_layer	edge=M22B-E009484; evidence=M22B-EVID-009657
NODE03552	signaling_cascade	module20_24_export	Node participates in at least one evidence-gated exported mechanism edge.
NODE03553	signaling_cascade	module20_24_export	Node participates in at least one evidence-gated exported mechanism edge.
NODE03554	signaling_cascade	module20_24_export	Node participates in at least one evidence-gated exported mechanism edge.
NODE03555	signaling_cascade	module20_24_export	Node participates in at least one evidence-gated exported mechanism edge.
NODE03556	signaling_cascade	module20_24_export	Node participates in at least one evidence-gated exported mechanism edge.
NODE03557	signaling_cascade	module20_24_export	Node participates in at least one evidence-gated exported mechanism edge.
NODE03557	target_gene	register_target_gene_layer	edge=M22B-E005811; evidence=M22B-EVID-005984 || edge=M22B-E006358; evidence=M22B-EVID-006531 || edge=M22B-E007148; evidence=M22B-EVID-007321 || edge=M22B-E007977; evidence=M22B-EVID-008150 || edge=M22B-E008507; evidence=M22B-EVID-008680
NODE03558	signaling_cascade	module20_24_export	Node participates in at least one evidence-gated exported mechanism edge.
NODE03558	transcription_factor	register_target_gene_layer	edge=M22B-E010610; evidence=M22B-EVID-010706 || edge=M22B-E010611; evidence=M22B-EVID-010707
NODE03559	signaling_cascade	module20_24_export	Node participates in at least one evidence-gated exported mechanism edge.
NODE03559	target_gene	register_target_gene_layer	edge=M22B-E006722; evidence=M22B-EVID-006895 || edge=M22B-E008880; evidence=M22B-EVID-009053
NODE03560	signaling_cascade	module20_24_export	Node participates in at least one evidence-gated exported mechanism edge.
NODE03560	target_gene	register_target_gene_layer	edge=M22B-E009485; evidence=M22B-EVID-009658
NODE03561	signaling_cascade	module20_24_export	Node participates in at least one evidence-gated exported mechanism edge.
NODE03561	target_gene	register_target_gene_layer	edge=M22B-E006723; evidence=M22B-EVID-006896 || edge=M22B-E008881; evidence=M22B-EVID-009054
NODE03562	signaling_cascade	module20_24_export	Node participates in at least one evidence-gated exported mechanism edge.
NODE03563	signaling_cascade	module20_24_export	Node participates in at least one evidence-gated exported mechanism edge.
NODE03563	target_gene	register_target_gene_layer	edge=M22B-E006724; evidence=M22B-EVID-006897 || edge=M22B-E008882; evidence=M22B-EVID-009055
NODE03564	signaling_cascade	module20_24_export	Node participates in at least one evidence-gated exported mechanism edge.
NODE03564	target_gene	register_target_gene_layer	edge=M22B-E007149; evidence=M22B-EVID-007322
NODE03565	signaling_cascade	module20_24_export	Node participates in at least one evidence-gated exported mechanism edge.
NODE03565	target_gene	register_target_gene_layer	edge=M22B-E009804; evidence=M22B-EVID-009977
NODE03566	signaling_cascade	module20_24_export	Node participates in at least one evidence-gated exported mechanism edge.
NODE03567	signaling_cascade	module20_24_export	Node participates in at least one evidence-gated exported mechanism edge.
NODE03567	target_gene	register_target_gene_layer	edge=M22B-E005894; evidence=M22B-EVID-006067 || edge=M22B-E008065; evidence=M22B-EVID-008238
NODE03568	signaling_cascade	module20_24_export	Node participates in at least one evidence-gated exported mechanism edge.
NODE03569	signaling_cascade	module20_24_export	Node participates in at least one evidence-gated exported mechanism edge.
NODE03570	signaling_cascade	module20_24_export	Node participates in at least one evidence-gated exported mechanism edge.
NODE03571	signaling_cascade	module20_24_export	Node participates in at least one evidence-gated exported mechanism edge.
NODE03572	signaling_cascade	module20_24_export	Node participates in at least one evidence-gated exported mechanism edge.
NODE03573	signaling_cascade	module20_24_export	Node participates in at least one evidence-gated exported mechanism edge.
NODE03574	signaling_cascade	module20_24_export	Node participates in at least one evidence-gated exported mechanism edge.
NODE03575	signaling_cascade	module20_24_export	Node participates in at least one evidence-gated exported mechanism edge.
NODE03575	target_gene	register_target_gene_layer	edge=M22B-E010342; evidence=M22B-EVID-010514 || edge=M22B-E010343; evidence=M22B-EVID-010515 || edge=M22B-E010670; evidence=M22B-EVID-010763
NODE03576	signaling_cascade	module20_24_export	Node participates in at least one evidence-gated exported mechanism edge.
NODE03577	signaling_cascade	module20_24_export	Node participates in at least one evidence-gated exported mechanism edge.
NODE03578	receptor	register_ligand_receptor_layer	edge=M20B-E001919; evidence=M20B-EVID-001919
NODE03578	signaling_cascade	module20_24_export	Node participates in at least one evidence-gated exported mechanism edge.
NODE03578	target_gene	register_target_gene_layer	edge=M22B-E010344; evidence=M22B-EVID-010516 || edge=M22B-E010671; evidence=M22B-EVID-010764
NODE03579	signaling_cascade	module20_24_export	Node participates in at least one evidence-gated exported mechanism edge.
NODE03580	receptor	register_ligand_receptor_layer	edge=M20B-E005282; evidence=M20B-EVID-005282
NODE03580	signaling_cascade	module20_24_export	Node participates in at least one evidence-gated exported mechanism edge.
NODE03581	signaling_cascade	module20_24_export	Node participates in at least one evidence-gated exported mechanism edge.
NODE03581	target_gene	register_target_gene_layer	edge=M22B-E010597; evidence=M22B-EVID-010693 || edge=M22B-E010655; evidence=M22B-EVID-010750
NODE03582	signaling_cascade	module20_24_export	Node participates in at least one evidence-gated exported mechanism edge.
NODE03583	signaling_cascade	module20_24_export	Node participates in at least one evidence-gated exported mechanism edge.
NODE03584	receptor	register_ligand_receptor_layer	edge=M20B-E001920; evidence=M20B-EVID-001920 || edge=M20B-E003179; evidence=M20B-EVID-003179 || edge=M23B-E000895; evidence=M23B-EVID-001205
NODE03584	signaling_cascade	module20_24_export	Node participates in at least one evidence-gated exported mechanism edge.
NODE03584	target_gene	register_target_gene_layer	edge=M22B-E010345; evidence=M22B-EVID-010517
NODE03585	signaling_cascade	module20_24_export	Node participates in at least one evidence-gated exported mechanism edge.
NODE03585	target_gene	register_target_gene_layer	edge=M22B-E010346; evidence=M22B-EVID-010518 || edge=M22B-E010664; evidence=M22B-EVID-010758
NODE03586	signaling_cascade	module20_24_export	Node participates in at least one evidence-gated exported mechanism edge.
NODE03587	signaling_cascade	module20_24_export	Node participates in at least one evidence-gated exported mechanism edge.
NODE03588	signaling_cascade	module20_24_export	Node participates in at least one evidence-gated exported mechanism edge.
NODE03589	receptor	register_ligand_receptor_layer	edge=M20B-E003180; evidence=M20B-EVID-003180 || edge=M20B-E004899; evidence=M20B-EVID-004899;M20B-EVID-004899-P2-DIRECT;M20B-EVID-004899-P2-FUNC;M20B-EVID-004899-P2-RELAY
NODE03589	signaling_cascade	module20_24_export	Node participates in at least one evidence-gated exported mechanism edge.
NODE03589	target_gene	register_target_gene_layer	edge=M22B-E010651; evidence=M22B-EVID-010746
NODE03590	signaling_cascade	module20_24_export	Node participates in at least one evidence-gated exported mechanism edge.
NODE03591	signaling_cascade	module20_24_export	Node participates in at least one evidence-gated exported mechanism edge.
NODE03592	receptor	register_ligand_receptor_layer	edge=M20B-E001921; evidence=M20B-EVID-001921;M20B-EVID-PROMO-20260826-035 || edge=M20B-E003181; evidence=M20B-EVID-003181
NODE03592	signaling_cascade	module20_24_export	Node participates in at least one evidence-gated exported mechanism edge.
NODE03592	target_gene	register_target_gene_layer	edge=M22B-E010652; evidence=M22B-EVID-010747
NODE03593	signaling_cascade	module20_24_export	Node participates in at least one evidence-gated exported mechanism edge.
NODE03594	signaling_cascade	module20_24_export	Node participates in at least one evidence-gated exported mechanism edge.
NODE03595	signaling_cascade	module20_24_export	Node participates in at least one evidence-gated exported mechanism edge.
NODE03595	target_gene	register_target_gene_layer	edge=M22B-E010347; evidence=M22B-EVID-010519 || edge=M22B-E010348; evidence=M22B-EVID-010520
NODE03596	signaling_cascade	module20_24_export	Node participates in at least one evidence-gated exported mechanism edge.
NODE03597	signaling_cascade	module20_24_export	Node participates in at least one evidence-gated exported mechanism edge.
NODE03598	signaling_cascade	module20_24_export	Node participates in at least one evidence-gated exported mechanism edge.
NODE03598	target_gene	register_target_gene_layer	edge=M22B-E010653; evidence=M22B-EVID-010748
NODE03599	signaling_cascade	module20_24_export	Node participates in at least one evidence-gated exported mechanism edge.
NODE03600	signaling_cascade	module20_24_export	Node participates in at least one evidence-gated exported mechanism edge.
NODE03601	signaling_cascade	module20_24_export	Node participates in at least one evidence-gated exported mechanism edge.
NODE03602	signaling_cascade	module20_24_export	Node participates in at least one evidence-gated exported mechanism edge.
NODE03602	target_gene	register_target_gene_layer	edge=M22B-E010654; evidence=M22B-EVID-010749
NODE03603	signaling_cascade	module20_24_export	Node participates in at least one evidence-gated exported mechanism edge.
NODE03604	signaling_cascade	module20_24_export	Node participates in at least one evidence-gated exported mechanism edge.
NODE03605	signaling_cascade	module20_24_export	Node participates in at least one evidence-gated exported mechanism edge.
NODE03606	signaling_cascade	module20_24_export	Node participates in at least one evidence-gated exported mechanism edge.
NODE03607	signaling_cascade	module20_24_export	Node participates in at least one evidence-gated exported mechanism edge.
NODE03607	target_gene	register_target_gene_layer	edge=M22B-E009213; evidence=M22B-EVID-009386
NODE03608	signaling_cascade	module20_24_export	Node participates in at least one evidence-gated exported mechanism edge.
NODE03608	target_gene	register_target_gene_layer	edge=M22B-E008066; evidence=M22B-EVID-008239
NODE03609	signaling_cascade	module20_24_export	Node participates in at least one evidence-gated exported mechanism edge.
NODE03609	target_gene	register_target_gene_layer	edge=M22B-E008508; evidence=M22B-EVID-008681
NODE03610	signaling_cascade	module20_24_export	Node participates in at least one evidence-gated exported mechanism edge.
NODE03610	target_gene	register_target_gene_layer	edge=M22B-E008672; evidence=M22B-EVID-008845
NODE03611	signaling_cascade	module20_24_export	Node participates in at least one evidence-gated exported mechanism edge.
NODE03611	target_gene	register_target_gene_layer	edge=M22B-E008067; evidence=M22B-EVID-008240
NODE03612	signaling_cascade	module20_24_export	Node participates in at least one evidence-gated exported mechanism edge.
NODE03612	target_gene	register_target_gene_layer	edge=M22B-E009214; evidence=M22B-EVID-009387
NODE03613	signaling_cascade	module20_24_export	Node participates in at least one evidence-gated exported mechanism edge.
NODE03613	target_gene	register_target_gene_layer	edge=M22B-E008068; evidence=M22B-EVID-008241 || edge=M22B-E008211; evidence=M22B-EVID-008384 || edge=M22B-E008509; evidence=M22B-EVID-008682 || edge=M22B-E008673; evidence=M22B-EVID-008846 || edge=M22B-E009215; evidence=M22B-EVID-009388
NODE03614	signaling_cascade	module20_24_export	Node participates in at least one evidence-gated exported mechanism edge.
NODE03614	target_gene	register_target_gene_layer	edge=M22B-E008212; evidence=M22B-EVID-008385 || edge=M22B-E008315; evidence=M22B-EVID-008488 || edge=M22B-E008674; evidence=M22B-EVID-008847
NODE03615	signaling_cascade	module20_24_export	Node participates in at least one evidence-gated exported mechanism edge.
NODE03615	target_gene	register_target_gene_layer	edge=M22B-E009216; evidence=M22B-EVID-009389
NODE03616	signaling_cascade	module20_24_export	Node participates in at least one evidence-gated exported mechanism edge.
NODE03616	target_gene	register_target_gene_layer	edge=M22B-E008405; evidence=M22B-EVID-008578
NODE03617	signaling_cascade	module20_24_export	Node participates in at least one evidence-gated exported mechanism edge.
NODE03617	target_gene	register_target_gene_layer	edge=M22B-E009217; evidence=M22B-EVID-009390
NODE03618	signaling_cascade	module20_24_export	Node participates in at least one evidence-gated exported mechanism edge.
NODE03619	signaling_cascade	module20_24_export	Node participates in at least one evidence-gated exported mechanism edge.
NODE03619	target_gene	register_target_gene_layer	edge=M22B-E009937; evidence=M22B-EVID-010110
NODE03620	signaling_cascade	module20_24_export	Node participates in at least one evidence-gated exported mechanism edge.
NODE03621	signaling_cascade	module20_24_export	Node participates in at least one evidence-gated exported mechanism edge.
NODE03622	signaling_cascade	module20_24_export	Node participates in at least one evidence-gated exported mechanism edge.
NODE03623	signaling_cascade	module20_24_export	Node participates in at least one evidence-gated exported mechanism edge.
NODE03624	signaling_cascade	module20_24_export	Node participates in at least one evidence-gated exported mechanism edge.
NODE03625	signaling_cascade	module20_24_export	Node participates in at least one evidence-gated exported mechanism edge.
NODE03626	signaling_cascade	module20_24_export	Node participates in at least one evidence-gated exported mechanism edge.
NODE03627	signaling_cascade	module20_24_export	Node participates in at least one evidence-gated exported mechanism edge.
NODE03628	signaling_cascade	module20_24_export	Node participates in at least one evidence-gated exported mechanism edge.
NODE03629	signaling_cascade	module20_24_export	Node participates in at least one evidence-gated exported mechanism edge.
NODE03630	signaling_cascade	module20_24_export	Node participates in at least one evidence-gated exported mechanism edge.
NODE03631	signaling_cascade	module20_24_export	Node participates in at least one evidence-gated exported mechanism edge.
NODE03631	target_gene	register_target_gene_layer	edge=M22B-E010038; evidence=M22B-EVID-010211 || edge=M22B-E010047; evidence=M22B-EVID-010220
NODE03632	signaling_cascade	module20_24_export	Node participates in at least one evidence-gated exported mechanism edge.
NODE03633	signaling_cascade	module20_24_export	Node participates in at least one evidence-gated exported mechanism edge.
NODE03634	signaling_cascade	module20_24_export	Node participates in at least one evidence-gated exported mechanism edge.
NODE03635	signaling_cascade	module20_24_export	Node participates in at least one evidence-gated exported mechanism edge.
NODE03636	signaling_cascade	module20_24_export	Node participates in at least one evidence-gated exported mechanism edge.
NODE03637	signaling_cascade	module20_24_export	Node participates in at least one evidence-gated exported mechanism edge.
NODE03637	target_gene	register_target_gene_layer	edge=M22B-E006043; evidence=M22B-EVID-006216 || edge=M22B-E008213; evidence=M22B-EVID-008386
NODE03638	signaling_cascade	module20_24_export	Node participates in at least one evidence-gated exported mechanism edge.
NODE03638	transcription_factor	register_target_gene_layer	edge=M22B-E010612; evidence=M22B-EVID-010708
NODE03639	signaling_cascade	module20_24_export	Node participates in at least one evidence-gated exported mechanism edge.
NODE03640	signaling_cascade	module20_24_export	Node participates in at least one evidence-gated exported mechanism edge.
NODE03641	signaling_cascade	module20_24_export	Node participates in at least one evidence-gated exported mechanism edge.
NODE03642	signaling_cascade	module20_24_export	Node participates in at least one evidence-gated exported mechanism edge.
NODE03643	signaling_cascade	module20_24_export	Node participates in at least one evidence-gated exported mechanism edge.
NODE03644	signaling_cascade	module20_24_export	Node participates in at least one evidence-gated exported mechanism edge.
NODE03645	signaling_cascade	module20_24_export	Node participates in at least one evidence-gated exported mechanism edge.
NODE03646	signaling_cascade	module20_24_export	Node participates in at least one evidence-gated exported mechanism edge.
NODE03647	signaling_cascade	module20_24_export	Node participates in at least one evidence-gated exported mechanism edge.
NODE03648	signaling_cascade	module20_24_export	Node participates in at least one evidence-gated exported mechanism edge.
NODE03649	signaling_cascade	module20_24_export	Node participates in at least one evidence-gated exported mechanism edge.
NODE03650	signaling_cascade	module20_24_export	Node participates in at least one evidence-gated exported mechanism edge.
NODE03651	signaling_cascade	module20_24_export	Node participates in at least one evidence-gated exported mechanism edge.
NODE03652	signaling_cascade	module20_24_export	Node participates in at least one evidence-gated exported mechanism edge.
NODE03653	signaling_cascade	module20_24_export	Node participates in at least one evidence-gated exported mechanism edge.
NODE03654	signaling_cascade	module20_24_export	Node participates in at least one evidence-gated exported mechanism edge.
NODE03655	signaling_cascade	module20_24_export	Node participates in at least one evidence-gated exported mechanism edge.
NODE03656	signaling_cascade	module20_24_export	Node participates in at least one evidence-gated exported mechanism edge.
NODE03657	signaling_cascade	module20_24_export	Node participates in at least one evidence-gated exported mechanism edge.
NODE03658	signaling_cascade	module20_24_export	Node participates in at least one evidence-gated exported mechanism edge.
NODE03659	signaling_cascade	module20_24_export	Node participates in at least one evidence-gated exported mechanism edge.
NODE03660	signaling_cascade	module20_24_export	Node participates in at least one evidence-gated exported mechanism edge.
NODE03661	signaling_cascade	module20_24_export	Node participates in at least one evidence-gated exported mechanism edge.
NODE03662	signaling_cascade	module20_24_export	Node participates in at least one evidence-gated exported mechanism edge.
NODE03663	signaling_cascade	module20_24_export	Node participates in at least one evidence-gated exported mechanism edge.
NODE03664	signaling_cascade	module20_24_export	Node participates in at least one evidence-gated exported mechanism edge.
NODE03665	signaling_cascade	module20_24_export	Node participates in at least one evidence-gated exported mechanism edge.
NODE03666	signaling_cascade	module20_24_export	Node participates in at least one evidence-gated exported mechanism edge.
NODE03667	signaling_cascade	module20_24_export	Node participates in at least one evidence-gated exported mechanism edge.
NODE03668	signaling_cascade	module20_24_export	Node participates in at least one evidence-gated exported mechanism edge.
NODE03669	signaling_cascade	module20_24_export	Node participates in at least one evidence-gated exported mechanism edge.
NODE03670	signaling_cascade	module20_24_export	Node participates in at least one evidence-gated exported mechanism edge.
NODE03671	signaling_cascade	module20_24_export	Node participates in at least one evidence-gated exported mechanism edge.
NODE03672	signaling_cascade	module20_24_export	Node participates in at least one evidence-gated exported mechanism edge.
NODE03672	target_gene	register_target_gene_layer	edge=M22B-E009624; evidence=M22B-EVID-009797
NODE03673	signaling_cascade	module20_24_export	Node participates in at least one evidence-gated exported mechanism edge.
NODE03674	signaling_cascade	module20_24_export	Node participates in at least one evidence-gated exported mechanism edge.
NODE03675	signaling_cascade	module20_24_export	Node participates in at least one evidence-gated exported mechanism edge.
NODE03676	signaling_cascade	module20_24_export	Node participates in at least one evidence-gated exported mechanism edge.
NODE03677	signaling_cascade	module20_24_export	Node participates in at least one evidence-gated exported mechanism edge.
NODE03678	signaling_cascade	module20_24_export	Node participates in at least one evidence-gated exported mechanism edge.
NODE03679	signaling_cascade	module20_24_export	Node participates in at least one evidence-gated exported mechanism edge.
NODE03680	signaling_cascade	module20_24_export	Node participates in at least one evidence-gated exported mechanism edge.
NODE03681	signaling_cascade	module20_24_export	Node participates in at least one evidence-gated exported mechanism edge.
NODE03682	signaling_cascade	module20_24_export	Node participates in at least one evidence-gated exported mechanism edge.
NODE03682	target_gene	register_target_gene_layer	edge=M22B-E006725; evidence=M22B-EVID-006898 || edge=M22B-E008883; evidence=M22B-EVID-009056 || edge=M22B-E009218; evidence=M22B-EVID-009391
NODE03683	signaling_cascade	module20_24_export	Node participates in at least one evidence-gated exported mechanism edge.
NODE03683	target_gene	register_target_gene_layer	edge=M22B-E005895; evidence=M22B-EVID-006068 || edge=M22B-E008069; evidence=M22B-EVID-008242 || edge=M22B-E010044; evidence=M22B-EVID-010217
NODE03684	signaling_cascade	module20_24_export	Node participates in at least one evidence-gated exported mechanism edge.
NODE03684	target_gene	register_target_gene_layer	edge=M22B-E005812; evidence=M22B-EVID-005985 || edge=M22B-E007770; evidence=M22B-EVID-007943
NODE03685	ligand	register_ligand_receptor_layer	edge=M20B-E003515; evidence=M20B-EVID-003515 || edge=M20B-E003516; evidence=M20B-EVID-003516 || edge=M20B-E003517; evidence=M20B-EVID-003517
NODE03685	signaling_cascade	module20_24_export	Node participates in at least one evidence-gated exported mechanism edge.
NODE03686	signaling_cascade	module20_24_export	Node participates in at least one evidence-gated exported mechanism edge.
NODE03687	signaling_cascade	module20_24_export	Node participates in at least one evidence-gated exported mechanism edge.
NODE03688	signaling_cascade	module20_24_export	Node participates in at least one evidence-gated exported mechanism edge.
NODE03689	signaling_cascade	module20_24_export	Node participates in at least one evidence-gated exported mechanism edge.
NODE03690	signaling_cascade	module20_24_export	Node participates in at least one evidence-gated exported mechanism edge.
NODE03690	target_gene	register_target_gene_layer	edge=M22B-E006252; evidence=M22B-EVID-006425 || edge=M22B-E008406; evidence=M22B-EVID-008579
NODE03691	signaling_cascade	module20_24_export	Node participates in at least one evidence-gated exported mechanism edge.
NODE03691	target_gene	register_target_gene_layer	edge=M22B-E010101; evidence=M22B-EVID-010274
NODE03692	ligand	register_ligand_receptor_layer	edge=M20B-E003521; evidence=M20B-EVID-003521 || edge=M20B-E003522; evidence=M20B-EVID-003522 || edge=M20B-E003523; evidence=M20B-EVID-003523
NODE03692	signaling_cascade	module20_24_export	Node participates in at least one evidence-gated exported mechanism edge.
NODE03693	signaling_cascade	module20_24_export	Node participates in at least one evidence-gated exported mechanism edge.
NODE03694	receptor	register_ligand_receptor_layer	edge=M20B-E003515; evidence=M20B-EVID-003515 || edge=M20B-E003521; evidence=M20B-EVID-003521
NODE03694	signaling_cascade	module20_24_export	Node participates in at least one evidence-gated exported mechanism edge.
NODE03695	signaling_cascade	module20_24_export	Node participates in at least one evidence-gated exported mechanism edge.
NODE03696	receptor	register_ligand_receptor_layer	edge=M20B-E003516; evidence=M20B-EVID-003516 || edge=M20B-E003522; evidence=M20B-EVID-003522
NODE03696	signaling_cascade	module20_24_export	Node participates in at least one evidence-gated exported mechanism edge.
NODE03697	signaling_cascade	module20_24_export	Node participates in at least one evidence-gated exported mechanism edge.
NODE03698	receptor	register_ligand_receptor_layer	edge=M20B-E003517; evidence=M20B-EVID-003517 || edge=M20B-E003523; evidence=M20B-EVID-003523
NODE03698	signaling_cascade	module20_24_export	Node participates in at least one evidence-gated exported mechanism edge.
NODE03699	signaling_cascade	module20_24_export	Node participates in at least one evidence-gated exported mechanism edge.
NODE03700	signaling_cascade	module20_24_export	Node participates in at least one evidence-gated exported mechanism edge.
NODE03700	target_gene	register_target_gene_layer	edge=M22B-E006726; evidence=M22B-EVID-006899
NODE03701	signaling_cascade	module20_24_export	Node participates in at least one evidence-gated exported mechanism edge.
NODE03701	target_gene	register_target_gene_layer	edge=M22B-E006359; evidence=M22B-EVID-006532 || edge=M22B-E006727; evidence=M22B-EVID-006900 || edge=M22B-E008510; evidence=M22B-EVID-008683 || edge=M22B-E008884; evidence=M22B-EVID-009057
NODE03702	signaling_cascade	module20_24_export	Node participates in at least one evidence-gated exported mechanism edge.
NODE03703	receptor	register_ligand_receptor_layer	edge=M20B-E004912; evidence=M20B-EVID-004912;M20B-EVID-004912-P2-DIRECT;M20B-EVID-004912-P2-FUNC;M20B-EVID-004912-P2-RELAY
NODE03703	signaling_cascade	module20_24_export	Node participates in at least one evidence-gated exported mechanism edge.
NODE03704	signaling_cascade	module20_24_export	Node participates in at least one evidence-gated exported mechanism edge.
NODE03705	ligand	register_ligand_receptor_layer	edge=M20B-E003524; evidence=M20B-EVID-003524;M20B-EVID-005317-P2-RELAY;M20B-EVID-005320-P2-FUNC || edge=M20B-E003525; evidence=M20B-EVID-003525;M20B-EVID-005318-P2-RELAY;M20B-EVID-005321-P2-FUNC || edge=M20B-E003526; evidence=M20B-EVID-003526;M20B-EVID-005319-P2-RELAY;M20B-EVID-005322-P2-FUNC
NODE03705	signaling_cascade	module20_24_export	Node participates in at least one evidence-gated exported mechanism edge.
NODE03705	target_gene	register_target_gene_layer	edge=M22B-E007771; evidence=M22B-EVID-007944 || edge=M22B-E009219; evidence=M22B-EVID-009392
NODE03706	signaling_cascade	module20_24_export	Node participates in at least one evidence-gated exported mechanism edge.
NODE03707	signaling_cascade	module20_24_export	Node participates in at least one evidence-gated exported mechanism edge.
NODE03708	signaling_cascade	module20_24_export	Node participates in at least one evidence-gated exported mechanism edge.
NODE03708	target_gene	register_target_gene_layer	edge=M22B-E007772; evidence=M22B-EVID-007945
NODE03709	signaling_cascade	module20_24_export	Node participates in at least one evidence-gated exported mechanism edge.
NODE03709	target_gene	register_target_gene_layer	edge=M22B-E006728; evidence=M22B-EVID-006901 || edge=M22B-E008885; evidence=M22B-EVID-009058
NODE03710	ligand	register_ligand_receptor_layer	edge=M20B-E003527; evidence=M20B-EVID-003527
NODE03710	signaling_cascade	module20_24_export	Node participates in at least one evidence-gated exported mechanism edge.
NODE03710	target_gene	register_target_gene_layer	edge=M22B-E007150; evidence=M22B-EVID-007323 || edge=M22B-E009605; evidence=M22B-EVID-009778 || edge=M22B-E009742; evidence=M22B-EVID-009915
NODE03711	signaling_cascade	module20_24_export	Node participates in at least one evidence-gated exported mechanism edge.
NODE03712	signaling_cascade	module20_24_export	Node participates in at least one evidence-gated exported mechanism edge.
NODE03713	signaling_cascade	module20_24_export	Node participates in at least one evidence-gated exported mechanism edge.
NODE03713	target_gene	register_target_gene_layer	edge=M22B-E000053; evidence=M22B-EVID-000213
NODE03714	signaling_cascade	module20_24_export	Node participates in at least one evidence-gated exported mechanism edge.
NODE03715	signaling_cascade	module20_24_export	Node participates in at least one evidence-gated exported mechanism edge.
NODE03715	target_gene	register_target_gene_layer	edge=M22B-E009486; evidence=M22B-EVID-009659
NODE03715	transcription_factor	register_target_gene_layer	edge=M22B-E010182; evidence=M22B-EVID-010355 || edge=M22B-E010191; evidence=M22B-EVID-010364 || edge=M22B-E010217; evidence=M22B-EVID-010390 || edge=M22B-E010218; evidence=M22B-EVID-010391 || edge=M22B-E010581; evidence=M22B-EVID-010677
NODE03716	signaling_cascade	module20_24_export	Node participates in at least one evidence-gated exported mechanism edge.
NODE03717	signaling_cascade	module20_24_export	Node participates in at least one evidence-gated exported mechanism edge.
NODE03717	target_gene	register_target_gene_layer	edge=M22B-E010251; evidence=M22B-EVID-010424
NODE03717	transcription_factor	register_target_gene_layer	edge=M22B-E010184; evidence=M22B-EVID-010357
NODE03718	signaling_cascade	module20_24_export	Node participates in at least one evidence-gated exported mechanism edge.
NODE03718	target_gene	register_target_gene_layer	edge=M22B-E006044; evidence=M22B-EVID-006217 || edge=M22B-E007424; evidence=M22B-EVID-007597 || edge=M22B-E008214; evidence=M22B-EVID-008387
NODE03718	transcription_factor	register_target_gene_layer	edge=M22B-E005753; evidence=M22B-EVID-005926 || edge=M22B-E006225; evidence=M22B-EVID-006398 || edge=M22B-E006226; evidence=M22B-EVID-006399 || edge=M22B-E006227; evidence=M22B-EVID-006400 || edge=M22B-E006228; evidence=M22B-EVID-006401 || edge=M22B-E006229; evidence=M22B-EVID-006402 || edge=M22B-E006230; evidence=M22B-EVID-006403 || edge=M22B-E006231; evidence=M22B-EVID-006404 || edge=M22B-E006232; evidence=M22B-EVID-006405 || edge=M22B-E006233; evidence=M22B-EVID-006406 || edge=M22B-E006234; evidence=M22B-EVID-006407 || edge=M22B-E006235; evidence=M22B-EVID-006408 || edge=M22B-E006236; evidence=M22B-EVID-006409 || edge=M22B-E006237; evidence=M22B-EVID-006410 || edge=M22B-E006238; evidence=M22B-EVID-006411 || edge=M22B-E006239; evidence=M22B-EVID-006412 || edge=M22B-E006240; evidence=M22B-EVID-006413 || edge=M22B-E006241; evidence=M22B-EVID-006414 || edge=M22B-E006242; evidence=M22B-EVID-006415 || edge=M22B-E006243; evidence=M22B-EVID-006416 || edge=M22B-E006244; evidence=M22B-EVID-006417 || edge=M22B-E006245; evidence=M22B-EVID-006418 || edge=M22B-E006246; evidence=M22B-EVID-006419 || edge=M22B-E006247; evidence=M22B-EVID-006420 || edge=M22B-E006248; evidence=M22B-EVID-006421 || edge=M22B-E006249; evidence=M22B-EVID-006422 || edge=M22B-E006250; evidence=M22B-EVID-006423 || edge=M22B-E006251; evidence=M22B-EVID-006424 || edge=M22B-E006252; evidence=M22B-EVID-006425 || edge=M22B-E006253; evidence=M22B-EVID-006426 || edge=M22B-E006254; evidence=M22B-EVID-006427 || edge=M22B-E006255; evidence=M22B-EVID-006428 || edge=M22B-E006256; evidence=M22B-EVID-006429 || edge=M22B-E006257; evidence=M22B-EVID-006430 || edge=M22B-E006258; evidence=M22B-EVID-006431 || edge=M22B-E006259; evidence=M22B-EVID-006432 || edge=M22B-E006260; evidence=M22B-EVID-006433 || edge=M22B-E006261; evidence=M22B-EVID-006434 || edge=M22B-E006262; evidence=M22B-EVID-006435 || edge=M22B-E006263; evidence=M22B-EVID-006436 || edge=M22B-E006264; evidence=M22B-EVID-006437 || edge=M22B-E006265; evidence=M22B-EVID-006438 || edge=M22B-E006266; evidence=M22B-EVID-006439 || edge=M22B-E006267; evidence=M22B-EVID-006440 || edge=M22B-E006268; evidence=M22B-EVID-006441 || edge=M22B-E006269; evidence=M22B-EVID-006442 || edge=M22B-E006270; evidence=M22B-EVID-006443 || edge=M22B-E006271; evidence=M22B-EVID-006444 || edge=M22B-E006272; evidence=M22B-EVID-006445 || edge=M22B-E006273; evidence=M22B-EVID-006446 || edge=M22B-E006274; evidence=M22B-EVID-006447 || edge=M22B-E006275; evidence=M22B-EVID-006448 || edge=M22B-E006276; evidence=M22B-EVID-006449 || edge=M22B-E006277; evidence=M22B-EVID-006450 || edge=M22B-E006278; evidence=M22B-EVID-006451 || edge=M22B-E006279; evidence=M22B-EVID-006452 || edge=M22B-E006280; evidence=M22B-EVID-006453 || edge=M22B-E006281; evidence=M22B-EVID-006454 || edge=M22B-E006282; evidence=M22B-EVID-006455 || edge=M22B-E006283; evidence=M22B-EVID-006456 || edge=M22B-E006284; evidence=M22B-EVID-006457 || edge=M22B-E006285; evidence=M22B-EVID-006458 || edge=M22B-E006286; evidence=M22B-EVID-006459 || edge=M22B-E006287; evidence=M22B-EVID-006460 || edge=M22B-E006288; evidence=M22B-EVID-006461 || edge=M22B-E006289; evidence=M22B-EVID-006462 || edge=M22B-E006290; evidence=M22B-EVID-006463 || edge=M22B-E006291; evidence=M22B-EVID-006464 || edge=M22B-E006292; evidence=M22B-EVID-006465 || edge=M22B-E006293; evidence=M22B-EVID-006466 || edge=M22B-E006294; evidence=M22B-EVID-006467 || edge=M22B-E006295; evidence=M22B-EVID-006468 || edge=M22B-E006296; evidence=M22B-EVID-006469 || edge=M22B-E006297; evidence=M22B-EVID-006470 || edge=M22B-E006298; evidence=M22B-EVID-006471 || edge=M22B-E006299; evidence=M22B-EVID-006472 || edge=M22B-E006300; evidence=M22B-EVID-006473 || edge=M22B-E006301; evidence=M22B-EVID-006474 || edge=M22B-E006302; evidence=M22B-EVID-006475 || edge=M22B-E006303; evidence=M22B-EVID-006476 || edge=M22B-E008373; evidence=M22B-EVID-008546 || edge=M22B-E008374; evidence=M22B-EVID-008547 || edge=M22B-E008375; evidence=M22B-EVID-008548 || edge=M22B-E008376; evidence=M22B-EVID-008549 || edge=M22B-E008377; evidence=M22B-EVID-008550 || edge=M22B-E008378; evidence=M22B-EVID-008551 || edge=M22B-E008379; evidence=M22B-EVID-008552 || edge=M22B-E008380; evidence=M22B-EVID-008553 || edge=M22B-E008381; evidence=M22B-EVID-008554 || edge=M22B-E008382; evidence=M22B-EVID-008555 || edge=M22B-E008383; evidence=M22B-EVID-008556 || edge=M22B-E008384; evidence=M22B-EVID-008557 || edge=M22B-E008385; evidence=M22B-EVID-008558 || edge=M22B-E008386; evidence=M22B-EVID-008559 || edge=M22B-E008387; evidence=M22B-EVID-008560 || edge=M22B-E008388; evidence=M22B-EVID-008561 || edge=M22B-E008389; evidence=M22B-EVID-008562 || edge=M22B-E008390; evidence=M22B-EVID-008563 || edge=M22B-E008391; evidence=M22B-EVID-008564 || edge=M22B-E008392; evidence=M22B-EVID-008565 || edge=M22B-E008393; evidence=M22B-EVID-008566 || edge=M22B-E008394; evidence=M22B-EVID-008567 || edge=M22B-E008395; evidence=M22B-EVID-008568 || edge=M22B-E008396; evidence=M22B-EVID-008569 || edge=M22B-E008397; evidence=M22B-EVID-008570 || edge=M22B-E008398; evidence=M22B-EVID-008571 || edge=M22B-E008399; evidence=M22B-EVID-008572 || edge=M22B-E008400; evidence=M22B-EVID-008573 || edge=M22B-E008401; evidence=M22B-EVID-008574 || edge=M22B-E008402; evidence=M22B-EVID-008575 || edge=M22B-E008403; evidence=M22B-EVID-008576 || edge=M22B-E008404; evidence=M22B-EVID-008577 || edge=M22B-E008405; evidence=M22B-EVID-008578 || edge=M22B-E008406; evidence=M22B-EVID-008579 || edge=M22B-E008407; evidence=M22B-EVID-008580 || edge=M22B-E008408; evidence=M22B-EVID-008581 || edge=M22B-E008409; evidence=M22B-EVID-008582 || edge=M22B-E008410; evidence=M22B-EVID-008583 || edge=M22B-E008411; evidence=M22B-EVID-008584 || edge=M22B-E008412; evidence=M22B-EVID-008585 || edge=M22B-E008413; evidence=M22B-EVID-008586 || edge=M22B-E008414; evidence=M22B-EVID-008587 || edge=M22B-E008415; evidence=M22B-EVID-008588 || edge=M22B-E008416; evidence=M22B-EVID-008589 || edge=M22B-E008417; evidence=M22B-EVID-008590 || edge=M22B-E008418; evidence=M22B-EVID-008591 || edge=M22B-E008419; evidence=M22B-EVID-008592 || edge=M22B-E008420; evidence=M22B-EVID-008593 || edge=M22B-E008421; evidence=M22B-EVID-008594 || edge=M22B-E008422; evidence=M22B-EVID-008595 || edge=M22B-E008423; evidence=M22B-EVID-008596 || edge=M22B-E008424; evidence=M22B-EVID-008597 || edge=M22B-E008425; evidence=M22B-EVID-008598 || edge=M22B-E008426; evidence=M22B-EVID-008599 || edge=M22B-E008427; evidence=M22B-EVID-008600 || edge=M22B-E008428; evidence=M22B-EVID-008601 || edge=M22B-E008429; evidence=M22B-EVID-008602 || edge=M22B-E008430; evidence=M22B-EVID-008603 || edge=M22B-E008431; evidence=M22B-EVID-008604 || edge=M22B-E008432; evidence=M22B-EVID-008605 || edge=M22B-E008433; evidence=M22B-EVID-008606 || edge=M22B-E008434; evidence=M22B-EVID-008607 || edge=M22B-E008435; evidence=M22B-EVID-008608 || edge=M22B-E008436; evidence=M22B-EVID-008609 || edge=M22B-E008437; evidence=M22B-EVID-008610 || edge=M22B-E008438; evidence=M22B-EVID-008611 || edge=M22B-E008439; evidence=M22B-EVID-008612 || edge=M22B-E008440; evidence=M22B-EVID-008613 || edge=M22B-E008441; evidence=M22B-EVID-008614 || edge=M22B-E008442; evidence=M22B-EVID-008615 || edge=M22B-E008443; evidence=M22B-EVID-008616 || edge=M22B-E008444; evidence=M22B-EVID-008617 || edge=M22B-E009388; evidence=M22B-EVID-009561 || edge=M22B-E009389; evidence=M22B-EVID-009562 || edge=M22B-E009390; evidence=M22B-EVID-009563 || edge=M22B-E009391; evidence=M22B-EVID-009564 || edge=M22B-E009392; evidence=M22B-EVID-009565 || edge=M22B-E009393; evidence=M22B-EVID-009566 || edge=M22B-E009394; evidence=M22B-EVID-009567 || edge=M22B-E009395; evidence=M22B-EVID-009568 || edge=M22B-E009396; evidence=M22B-EVID-009569 || edge=M22B-E009397; evidence=M22B-EVID-009570 || edge=M22B-E009706; evidence=M22B-EVID-009879 || edge=M22B-E009707; evidence=M22B-EVID-009880 || edge=M22B-E009708; evidence=M22B-EVID-009881 || edge=M22B-E009709; evidence=M22B-EVID-009882 || edge=M22B-E009710; evidence=M22B-EVID-009883 || edge=M22B-E009711; evidence=M22B-EVID-009884 || edge=M22B-E009712; evidence=M22B-EVID-009885 || edge=M22B-E009713; evidence=M22B-EVID-009886 || edge=M22B-E010433; evidence=M22B-EVID-010603
NODE03719	signaling_cascade	module20_24_export	Node participates in at least one evidence-gated exported mechanism edge.
NODE03719	target_gene	register_target_gene_layer	edge=M22B-E009487; evidence=M22B-EVID-009660
NODE03719	transcription_factor	register_target_gene_layer	edge=M22B-E010652; evidence=M22B-EVID-010747 || edge=M22B-E010673; evidence=M22B-EVID-010766
NODE03720	signaling_cascade	module20_24_export	Node participates in at least one evidence-gated exported mechanism edge.
NODE03720	transcription_factor	register_target_gene_layer	edge=M22B-E010674; evidence=M22B-EVID-010767
NODE03721	signaling_cascade	module20_24_export	Node participates in at least one evidence-gated exported mechanism edge.
NODE03721	transcription_factor	register_target_gene_layer	edge=M22B-E010597; evidence=M22B-EVID-010693 || edge=M22B-E010658; evidence=M22B-EVID-010753
NODE03722	signaling_cascade	module20_24_export	Node participates in at least one evidence-gated exported mechanism edge.
NODE03723	signaling_cascade	module20_24_export	Node participates in at least one evidence-gated exported mechanism edge.
NODE03724	signaling_cascade	module20_24_export	Node participates in at least one evidence-gated exported mechanism edge.
NODE03725	signaling_cascade	module20_24_export	Node participates in at least one evidence-gated exported mechanism edge.
NODE03726	signaling_cascade	module20_24_export	Node participates in at least one evidence-gated exported mechanism edge.
NODE03726	target_gene	register_target_gene_layer	edge=M22B-E006360; evidence=M22B-EVID-006533 || edge=M22B-E008511; evidence=M22B-EVID-008684
NODE03727	signaling_cascade	module20_24_export	Node participates in at least one evidence-gated exported mechanism edge.
NODE03728	signaling_cascade	module20_24_export	Node participates in at least one evidence-gated exported mechanism edge.
NODE03728	target_gene	register_target_gene_layer	edge=M22B-E007425; evidence=M22B-EVID-007598
NODE03729	signaling_cascade	module20_24_export	Node participates in at least one evidence-gated exported mechanism edge.
NODE03729	target_gene	register_target_gene_layer	edge=M22B-E009724; evidence=M22B-EVID-009897 || edge=M22B-E009902; evidence=M22B-EVID-010075
NODE03730	signaling_cascade	module20_24_export	Node participates in at least one evidence-gated exported mechanism edge.
NODE03731	signaling_cascade	module20_24_export	Node participates in at least one evidence-gated exported mechanism edge.
NODE03732	ligand	register_ligand_receptor_layer	edge=M20B-E003529; evidence=M20B-EVID-003529
NODE03732	signaling_cascade	module20_24_export	Node participates in at least one evidence-gated exported mechanism edge.
NODE03733	signaling_cascade	module20_24_export	Node participates in at least one evidence-gated exported mechanism edge.
NODE03734	signaling_cascade	module20_24_export	Node participates in at least one evidence-gated exported mechanism edge.
NODE03735	signaling_cascade	module20_24_export	Node participates in at least one evidence-gated exported mechanism edge.
NODE03736	signaling_cascade	module20_24_export	Node participates in at least one evidence-gated exported mechanism edge.
NODE03737	signaling_cascade	module20_24_export	Node participates in at least one evidence-gated exported mechanism edge.
NODE03738	signaling_cascade	module20_24_export	Node participates in at least one evidence-gated exported mechanism edge.
NODE03739	signaling_cascade	module20_24_export	Node participates in at least one evidence-gated exported mechanism edge.
NODE03739	target_gene	register_target_gene_layer	edge=M22B-E006361; evidence=M22B-EVID-006534 || edge=M22B-E007426; evidence=M22B-EVID-007599
NODE03740	signaling_cascade	module20_24_export	Node participates in at least one evidence-gated exported mechanism edge.
NODE03740	target_gene	register_target_gene_layer	edge=M22B-E005896; evidence=M22B-EVID-006069 || edge=M22B-E006516; evidence=M22B-EVID-006689 || edge=M22B-E007151; evidence=M22B-EVID-007324 || edge=M22B-E008070; evidence=M22B-EVID-008243 || edge=M22B-E008675; evidence=M22B-EVID-008848
NODE03741	signaling_cascade	module20_24_export	Node participates in at least one evidence-gated exported mechanism edge.
NODE03742	signaling_cascade	module20_24_export	Node participates in at least one evidence-gated exported mechanism edge.
NODE03743	signaling_cascade	module20_24_export	Node participates in at least one evidence-gated exported mechanism edge.
NODE03743	target_gene	register_target_gene_layer	edge=M22B-E006253; evidence=M22B-EVID-006426 || edge=M22B-E008407; evidence=M22B-EVID-008580
NODE03744	signaling_cascade	module20_24_export	Node participates in at least one evidence-gated exported mechanism edge.
NODE03745	signaling_cascade	module20_24_export	Node participates in at least one evidence-gated exported mechanism edge.
NODE03746	signaling_cascade	module20_24_export	Node participates in at least one evidence-gated exported mechanism edge.
NODE03747	ligand	register_ligand_receptor_layer	edge=M20B-E003530; evidence=M20B-EVID-003530 || edge=M20B-E003532; evidence=M20B-EVID-003532 || edge=M20B-E003533; evidence=M20B-EVID-003533 || edge=M20B-E003534; evidence=M20B-EVID-003534 || edge=M20B-E003535; evidence=M20B-EVID-003535
NODE03747	signaling_cascade	module20_24_export	Node participates in at least one evidence-gated exported mechanism edge.
NODE03748	signaling_cascade	module20_24_export	Node participates in at least one evidence-gated exported mechanism edge.
NODE03749	signaling_cascade	module20_24_export	Node participates in at least one evidence-gated exported mechanism edge.
NODE03750	ligand	register_ligand_receptor_layer	edge=M20B-E003540; evidence=M20B-EVID-003540
NODE03750	signaling_cascade	module20_24_export	Node participates in at least one evidence-gated exported mechanism edge.
NODE03751	signaling_cascade	module20_24_export	Node participates in at least one evidence-gated exported mechanism edge.
NODE03752	ligand	register_ligand_receptor_layer	edge=M20B-E000726; evidence=M20B-EVID-000726 || edge=M20B-E003541; evidence=M20B-EVID-003541 || edge=M20B-E003542; evidence=M20B-EVID-003542 || edge=M20B-E003543; evidence=M20B-EVID-003543 || edge=M20B-E003545; evidence=M20B-EVID-003545
NODE03752	signaling_cascade	module20_24_export	Node participates in at least one evidence-gated exported mechanism edge.
NODE03753	signaling_cascade	module20_24_export	Node participates in at least one evidence-gated exported mechanism edge.
NODE03754	ligand	register_ligand_receptor_layer	edge=M20B-E001789; evidence=M20B-EVID-001789
NODE03754	signaling_cascade	module20_24_export	Node participates in at least one evidence-gated exported mechanism edge.
NODE03754	target_gene	register_target_gene_layer	edge=M22B-E005897; evidence=M22B-EVID-006070 || edge=M22B-E007773; evidence=M22B-EVID-007946 || edge=M22B-E008071; evidence=M22B-EVID-008244 || edge=M22B-E009220; evidence=M22B-EVID-009393 || edge=M22B-E009365; evidence=M22B-EVID-009538 || edge=M22B-E009462; evidence=M22B-EVID-009635
NODE03755	signaling_cascade	module20_24_export	Node participates in at least one evidence-gated exported mechanism edge.
NODE03756	ligand	register_ligand_receptor_layer	edge=M20B-E003552; evidence=M20B-EVID-003552 || edge=M20B-E003553; evidence=M20B-EVID-003553;M20B-EVID-PROMO-20260826-044 || edge=M20B-E003554; evidence=M20B-EVID-003554
NODE03756	signaling_cascade	module20_24_export	Node participates in at least one evidence-gated exported mechanism edge.
NODE03757	signaling_cascade	module20_24_export	Node participates in at least one evidence-gated exported mechanism edge.
NODE03758	ligand	register_ligand_receptor_layer	edge=M20B-E003555; evidence=M20B-EVID-003555 || edge=M20B-E003556; evidence=M20B-EVID-003556 || edge=M20B-E003557; evidence=M20B-EVID-003557 || edge=M20B-E003558; evidence=M20B-EVID-003558
NODE03758	signaling_cascade	module20_24_export	Node participates in at least one evidence-gated exported mechanism edge.
NODE03759	signaling_cascade	module20_24_export	Node participates in at least one evidence-gated exported mechanism edge.
NODE03760	signaling_cascade	module20_24_export	Node participates in at least one evidence-gated exported mechanism edge.
NODE03761	ligand	register_ligand_receptor_layer	edge=M20B-E000731; evidence=M20B-EVID-000731 || edge=M20B-E003560; evidence=M20B-EVID-003560 || edge=M20B-E003561; evidence=M20B-EVID-003561 || edge=M20B-E003562; evidence=M20B-EVID-003562 || edge=M20B-E003563; evidence=M20B-EVID-003563 || edge=M20B-E005450; evidence=M20B-EVID-005450
NODE03761	signaling_cascade	module20_24_export	Node participates in at least one evidence-gated exported mechanism edge.
NODE03762	signaling_cascade	module20_24_export	Node participates in at least one evidence-gated exported mechanism edge.
NODE03763	signaling_cascade	module20_24_export	Node participates in at least one evidence-gated exported mechanism edge.
NODE03764	signaling_cascade	module20_24_export	Node participates in at least one evidence-gated exported mechanism edge.
NODE03765	signaling_cascade	module20_24_export	Node participates in at least one evidence-gated exported mechanism edge.
NODE03766	signaling_cascade	module20_24_export	Node participates in at least one evidence-gated exported mechanism edge.
NODE03767	ligand	register_ligand_receptor_layer	edge=M20B-E003564; evidence=M20B-EVID-003564 || edge=M20B-E003565; evidence=M20B-EVID-003565 || edge=M20B-E003566; evidence=M20B-EVID-003566 || edge=M20B-E003567; evidence=M20B-EVID-003567
NODE03767	signaling_cascade	module20_24_export	Node participates in at least one evidence-gated exported mechanism edge.
NODE03768	signaling_cascade	module20_24_export	Node participates in at least one evidence-gated exported mechanism edge.
NODE03769	signaling_cascade	module20_24_export	Node participates in at least one evidence-gated exported mechanism edge.
NODE03770	signaling_cascade	module20_24_export	Node participates in at least one evidence-gated exported mechanism edge.
NODE03771	signaling_cascade	module20_24_export	Node participates in at least one evidence-gated exported mechanism edge.
NODE03772	ligand	register_ligand_receptor_layer	edge=M20B-E003568; evidence=M20B-EVID-003568 || edge=M20B-E003569; evidence=M20B-EVID-003569 || edge=M20B-E003570; evidence=M20B-EVID-003570 || edge=M20B-E003571; evidence=M20B-EVID-003571
NODE03772	signaling_cascade	module20_24_export	Node participates in at least one evidence-gated exported mechanism edge.
NODE03773	signaling_cascade	module20_24_export	Node participates in at least one evidence-gated exported mechanism edge.
NODE03774	signaling_cascade	module20_24_export	Node participates in at least one evidence-gated exported mechanism edge.
NODE03775	signaling_cascade	module20_24_export	Node participates in at least one evidence-gated exported mechanism edge.
NODE03776	signaling_cascade	module20_24_export	Node participates in at least one evidence-gated exported mechanism edge.
NODE03777	signaling_cascade	module20_24_export	Node participates in at least one evidence-gated exported mechanism edge.
NODE03778	ligand	register_ligand_receptor_layer	edge=M20B-E003575; evidence=M20B-EVID-003575
NODE03778	signaling_cascade	module20_24_export	Node participates in at least one evidence-gated exported mechanism edge.
NODE03779	signaling_cascade	module20_24_export	Node participates in at least one evidence-gated exported mechanism edge.
NODE03780	ligand	register_ligand_receptor_layer	edge=M20B-E001905; evidence=M20B-EVID-001905 || edge=M20B-E003579; evidence=M20B-EVID-003579
NODE03780	signaling_cascade	module20_24_export	Node participates in at least one evidence-gated exported mechanism edge.
NODE03780	target_gene	register_target_gene_layer	edge=M22B-E005898; evidence=M22B-EVID-006071 || edge=M22B-E007774; evidence=M22B-EVID-007947 || edge=M22B-E008072; evidence=M22B-EVID-008245 || edge=M22B-E009221; evidence=M22B-EVID-009394
NODE03781	signaling_cascade	module20_24_export	Node participates in at least one evidence-gated exported mechanism edge.
NODE03782	signaling_cascade	module20_24_export	Node participates in at least one evidence-gated exported mechanism edge.
NODE03783	signaling_cascade	module20_24_export	Node participates in at least one evidence-gated exported mechanism edge.
NODE03784	signaling_cascade	module20_24_export	Node participates in at least one evidence-gated exported mechanism edge.
NODE03785	signaling_cascade	module20_24_export	Node participates in at least one evidence-gated exported mechanism edge.
NODE03786	signaling_cascade	module20_24_export	Node participates in at least one evidence-gated exported mechanism edge.
NODE03786	target_gene	register_target_gene_layer	edge=M22B-E005813; evidence=M22B-EVID-005986 || edge=M22B-E007152; evidence=M22B-EVID-007325 || edge=M22B-E007978; evidence=M22B-EVID-008151
NODE03787	signaling_cascade	module20_24_export	Node participates in at least one evidence-gated exported mechanism edge.
NODE03787	target_gene	register_target_gene_layer	edge=M22B-E009903; evidence=M22B-EVID-010076
NODE03788	signaling_cascade	module20_24_export	Node participates in at least one evidence-gated exported mechanism edge.
NODE03788	target_gene	register_target_gene_layer	edge=M22B-E006362; evidence=M22B-EVID-006535 || edge=M22B-E008512; evidence=M22B-EVID-008685
NODE03789	signaling_cascade	module20_24_export	Node participates in at least one evidence-gated exported mechanism edge.
NODE03790	receptor	register_ligand_receptor_layer	edge=M20B-E004290; evidence=M20B-EVID-004290;M20B-EVID-004290-P2-DIRECT;M20B-EVID-004290-P2-FUNC;M20B-EVID-004290-P2-RELAY
NODE03790	signaling_cascade	module20_24_export	Node participates in at least one evidence-gated exported mechanism edge.
NODE03790	target_gene	register_target_gene_layer	edge=M22B-E010361; evidence=M22B-EVID-010533
NODE03791	signaling_cascade	module20_24_export	Node participates in at least one evidence-gated exported mechanism edge.
NODE03792	signaling_cascade	module20_24_export	Node participates in at least one evidence-gated exported mechanism edge.
NODE03793	signaling_cascade	module20_24_export	Node participates in at least one evidence-gated exported mechanism edge.
NODE03794	receptor	register_ligand_receptor_layer	edge=M20B-E001800; evidence=M20B-EVID-001800 || edge=M20B-E001905; evidence=M20B-EVID-001905
NODE03794	signaling_cascade	module20_24_export	Node participates in at least one evidence-gated exported mechanism edge.
NODE03795	signaling_cascade	module20_24_export	Node participates in at least one evidence-gated exported mechanism edge.
NODE03796	signaling_cascade	module20_24_export	Node participates in at least one evidence-gated exported mechanism edge.
NODE03797	receptor	register_ligand_receptor_layer	edge=M20B-E003579; evidence=M20B-EVID-003579
NODE03797	signaling_cascade	module20_24_export	Node participates in at least one evidence-gated exported mechanism edge.
NODE03798	signaling_cascade	module20_24_export	Node participates in at least one evidence-gated exported mechanism edge.
NODE03799	signaling_cascade	module20_24_export	Node participates in at least one evidence-gated exported mechanism edge.
NODE03800	receptor	register_ligand_receptor_layer	edge=M20B-E001801; evidence=M20B-EVID-001801
NODE03800	signaling_cascade	module20_24_export	Node participates in at least one evidence-gated exported mechanism edge.
NODE03801	signaling_cascade	module20_24_export	Node participates in at least one evidence-gated exported mechanism edge.
NODE03802	signaling_cascade	module20_24_export	Node participates in at least one evidence-gated exported mechanism edge.
NODE03803	signaling_cascade	module20_24_export	Node participates in at least one evidence-gated exported mechanism edge.
NODE03804	signaling_cascade	module20_24_export	Node participates in at least one evidence-gated exported mechanism edge.
NODE03805	signaling_cascade	module20_24_export	Node participates in at least one evidence-gated exported mechanism edge.
NODE03806	signaling_cascade	module20_24_export	Node participates in at least one evidence-gated exported mechanism edge.
NODE03807	signaling_cascade	module20_24_export	Node participates in at least one evidence-gated exported mechanism edge.
NODE03807	target_gene	register_target_gene_layer	edge=M22B-E005899; evidence=M22B-EVID-006072 || edge=M22B-E008073; evidence=M22B-EVID-008246
NODE03808	ligand	register_ligand_receptor_layer	edge=M20B-E003581; evidence=M20B-EVID-003581 || edge=M20B-E003582; evidence=M20B-EVID-003582
NODE03808	signaling_cascade	module20_24_export	Node participates in at least one evidence-gated exported mechanism edge.
NODE03809	signaling_cascade	module20_24_export	Node participates in at least one evidence-gated exported mechanism edge.
NODE03809	target_gene	register_target_gene_layer	edge=M22B-E007979; evidence=M22B-EVID-008152
NODE03810	signaling_cascade	module20_24_export	Node participates in at least one evidence-gated exported mechanism edge.
NODE03811	signaling_cascade	module20_24_export	Node participates in at least one evidence-gated exported mechanism edge.
NODE03811	target_gene	register_target_gene_layer	edge=M22B-E007153; evidence=M22B-EVID-007326
NODE03812	signaling_cascade	module20_24_export	Node participates in at least one evidence-gated exported mechanism edge.
NODE03813	receptor	register_ligand_receptor_layer	edge=M20B-E003581; evidence=M20B-EVID-003581
NODE03813	signaling_cascade	module20_24_export	Node participates in at least one evidence-gated exported mechanism edge.
NODE03813	target_gene	register_target_gene_layer	edge=M22B-E007775; evidence=M22B-EVID-007948
NODE03814	signaling_cascade	module20_24_export	Node participates in at least one evidence-gated exported mechanism edge.
NODE03815	signaling_cascade	module20_24_export	Node participates in at least one evidence-gated exported mechanism edge.
NODE03816	signaling_cascade	module20_24_export	Node participates in at least one evidence-gated exported mechanism edge.
NODE03817	signaling_cascade	module20_24_export	Node participates in at least one evidence-gated exported mechanism edge.
NODE03818	signaling_cascade	module20_24_export	Node participates in at least one evidence-gated exported mechanism edge.
NODE03819	signaling_cascade	module20_24_export	Node participates in at least one evidence-gated exported mechanism edge.
NODE03820	signaling_cascade	module20_24_export	Node participates in at least one evidence-gated exported mechanism edge.
NODE03821	signaling_cascade	module20_24_export	Node participates in at least one evidence-gated exported mechanism edge.
NODE03822	ligand	register_ligand_receptor_layer	edge=M20B-E003587; evidence=M20B-EVID-003587
NODE03822	signaling_cascade	module20_24_export	Node participates in at least one evidence-gated exported mechanism edge.
NODE03823	receptor	register_ligand_receptor_layer	edge=M20B-E003587; evidence=M20B-EVID-003587
NODE03823	signaling_cascade	module20_24_export	Node participates in at least one evidence-gated exported mechanism edge.
NODE03824	signaling_cascade	module20_24_export	Node participates in at least one evidence-gated exported mechanism edge.
NODE03825	ligand	register_ligand_receptor_layer	edge=M20B-E003598; evidence=M20B-EVID-003598
NODE03825	signaling_cascade	module20_24_export	Node participates in at least one evidence-gated exported mechanism edge.
NODE03826	signaling_cascade	module20_24_export	Node participates in at least one evidence-gated exported mechanism edge.
NODE03827	receptor	register_ligand_receptor_layer	edge=M20B-E003136; evidence=M20B-EVID-003136 || edge=M20B-E003598; evidence=M20B-EVID-003598 || edge=M24B-E000098; evidence=M24B-EVID-000135;M24B-EVID-PROMO-20260826-012
NODE03827	signaling_cascade	module20_24_export	Node participates in at least one evidence-gated exported mechanism edge.
NODE03828	signaling_cascade	module20_24_export	Node participates in at least one evidence-gated exported mechanism edge.
NODE03829	signaling_cascade	module20_24_export	Node participates in at least one evidence-gated exported mechanism edge.
NODE03830	signaling_cascade	module20_24_export	Node participates in at least one evidence-gated exported mechanism edge.
NODE03831	signaling_cascade	module20_24_export	Node participates in at least one evidence-gated exported mechanism edge.
NODE03832	ligand	register_ligand_receptor_layer	edge=M20B-E003608; evidence=M20B-EVID-003608
NODE03832	signaling_cascade	module20_24_export	Node participates in at least one evidence-gated exported mechanism edge.
NODE03833	signaling_cascade	module20_24_export	Node participates in at least one evidence-gated exported mechanism edge.
NODE03834	signaling_cascade	module20_24_export	Node participates in at least one evidence-gated exported mechanism edge.
NODE03835	signaling_cascade	module20_24_export	Node participates in at least one evidence-gated exported mechanism edge.
NODE03836	receptor	register_ligand_receptor_layer	edge=M20B-E003608; evidence=M20B-EVID-003608
NODE03836	signaling_cascade	module20_24_export	Node participates in at least one evidence-gated exported mechanism edge.
NODE03837	signaling_cascade	module20_24_export	Node participates in at least one evidence-gated exported mechanism edge.
NODE03838	signaling_cascade	module20_24_export	Node participates in at least one evidence-gated exported mechanism edge.
NODE03839	signaling_cascade	module20_24_export	Node participates in at least one evidence-gated exported mechanism edge.
NODE03840	signaling_cascade	module20_24_export	Node participates in at least one evidence-gated exported mechanism edge.
NODE03841	signaling_cascade	module20_24_export	Node participates in at least one evidence-gated exported mechanism edge.
NODE03842	signaling_cascade	module20_24_export	Node participates in at least one evidence-gated exported mechanism edge.
NODE03842	target_gene	register_target_gene_layer	edge=M22B-E006517; evidence=M22B-EVID-006690 || edge=M22B-E007154; evidence=M22B-EVID-007327 || edge=M22B-E008676; evidence=M22B-EVID-008849
NODE03843	signaling_cascade	module20_24_export	Node participates in at least one evidence-gated exported mechanism edge.
NODE03844	signaling_cascade	module20_24_export	Node participates in at least one evidence-gated exported mechanism edge.
NODE03845	signaling_cascade	module20_24_export	Node participates in at least one evidence-gated exported mechanism edge.
NODE03846	signaling_cascade	module20_24_export	Node participates in at least one evidence-gated exported mechanism edge.
NODE03847	signaling_cascade	module20_24_export	Node participates in at least one evidence-gated exported mechanism edge.
NODE03847	target_gene	register_target_gene_layer	edge=M22B-E010583; evidence=M22B-EVID-010679
NODE03848	signaling_cascade	module20_24_export	Node participates in at least one evidence-gated exported mechanism edge.
NODE03849	signaling_cascade	module20_24_export	Node participates in at least one evidence-gated exported mechanism edge.
NODE03850	signaling_cascade	module20_24_export	Node participates in at least one evidence-gated exported mechanism edge.
NODE03850	target_gene	register_target_gene_layer	edge=M22B-E006729; evidence=M22B-EVID-006902
NODE03851	signaling_cascade	module20_24_export	Node participates in at least one evidence-gated exported mechanism edge.
NODE03852	signaling_cascade	module20_24_export	Node participates in at least one evidence-gated exported mechanism edge.
NODE03853	signaling_cascade	module20_24_export	Node participates in at least one evidence-gated exported mechanism edge.
NODE03854	signaling_cascade	module20_24_export	Node participates in at least one evidence-gated exported mechanism edge.
NODE03855	signaling_cascade	module20_24_export	Node participates in at least one evidence-gated exported mechanism edge.
NODE03856	signaling_cascade	module20_24_export	Node participates in at least one evidence-gated exported mechanism edge.
NODE03857	signaling_cascade	module20_24_export	Node participates in at least one evidence-gated exported mechanism edge.
NODE03858	signaling_cascade	module20_24_export	Node participates in at least one evidence-gated exported mechanism edge.
NODE03858	target_gene	register_target_gene_layer	edge=M22B-E009949; evidence=M22B-EVID-010122
NODE03858	transcription_factor	register_target_gene_layer	edge=M22B-E000187; evidence=M22B-EVID-000257 || edge=M22B-E009941; evidence=M22B-EVID-010114 || edge=M22B-E010029; evidence=M22B-EVID-010202 || edge=M22B-E010030; evidence=M22B-EVID-010203 || edge=M22B-E010060; evidence=M22B-EVID-010233 || edge=M22B-E010061; evidence=M22B-EVID-010234 || edge=M22B-E010369; evidence=M22B-EVID-010541
NODE03859	signaling_cascade	module20_24_export	Node participates in at least one evidence-gated exported mechanism edge.
NODE03859	target_gene	register_target_gene_layer	edge=M22B-E010260; evidence=M22B-EVID-010433
NODE03859	transcription_factor	register_target_gene_layer	edge=M22B-E010665; evidence=M22B-EVID-010759
NODE03860	signaling_cascade	module20_24_export	Node participates in at least one evidence-gated exported mechanism edge.
NODE03860	target_gene	register_target_gene_layer	edge=M22B-E007776; evidence=M22B-EVID-007949 || edge=M22B-E009222; evidence=M22B-EVID-009395 || edge=M22B-E010261; evidence=M22B-EVID-010434
NODE03860	transcription_factor	register_target_gene_layer	edge=M22B-E010370; evidence=M22B-EVID-010542 || edge=M22B-E010666; evidence=M22B-EVID-010759
NODE03861	signaling_cascade	module20_24_export	Node participates in at least one evidence-gated exported mechanism edge.
NODE03862	signaling_cascade	module20_24_export	Node participates in at least one evidence-gated exported mechanism edge.
NODE03863	signaling_cascade	module20_24_export	Node participates in at least one evidence-gated exported mechanism edge.
NODE03864	signaling_cascade	module20_24_export	Node participates in at least one evidence-gated exported mechanism edge.
NODE03865	signaling_cascade	module20_24_export	Node participates in at least one evidence-gated exported mechanism edge.
NODE03866	signaling_cascade	module20_24_export	Node participates in at least one evidence-gated exported mechanism edge.
NODE03867	signaling_cascade	module20_24_export	Node participates in at least one evidence-gated exported mechanism edge.
NODE03868	signaling_cascade	module20_24_export	Node participates in at least one evidence-gated exported mechanism edge.
NODE03869	signaling_cascade	module20_24_export	Node participates in at least one evidence-gated exported mechanism edge.
NODE03870	signaling_cascade	module20_24_export	Node participates in at least one evidence-gated exported mechanism edge.
NODE03871	signaling_cascade	module20_24_export	Node participates in at least one evidence-gated exported mechanism edge.
NODE03872	signaling_cascade	module20_24_export	Node participates in at least one evidence-gated exported mechanism edge.
NODE03873	signaling_cascade	module20_24_export	Node participates in at least one evidence-gated exported mechanism edge.
NODE03874	signaling_cascade	module20_24_export	Node participates in at least one evidence-gated exported mechanism edge.
NODE03875	signaling_cascade	module20_24_export	Node participates in at least one evidence-gated exported mechanism edge.
NODE03876	signaling_cascade	module20_24_export	Node participates in at least one evidence-gated exported mechanism edge.
NODE03876	target_gene	register_target_gene_layer	edge=M22B-E007427; evidence=M22B-EVID-007600
NODE03877	signaling_cascade	module20_24_export	Node participates in at least one evidence-gated exported mechanism edge.
NODE03878	signaling_cascade	module20_24_export	Node participates in at least one evidence-gated exported mechanism edge.
NODE03879	signaling_cascade	module20_24_export	Node participates in at least one evidence-gated exported mechanism edge.
NODE03880	signaling_cascade	module20_24_export	Node participates in at least one evidence-gated exported mechanism edge.
NODE03881	signaling_cascade	module20_24_export	Node participates in at least one evidence-gated exported mechanism edge.
NODE03882	signaling_cascade	module20_24_export	Node participates in at least one evidence-gated exported mechanism edge.
NODE03883	signaling_cascade	module20_24_export	Node participates in at least one evidence-gated exported mechanism edge.
NODE03884	signaling_cascade	module20_24_export	Node participates in at least one evidence-gated exported mechanism edge.
NODE03885	signaling_cascade	module20_24_export	Node participates in at least one evidence-gated exported mechanism edge.
NODE03886	signaling_cascade	module20_24_export	Node participates in at least one evidence-gated exported mechanism edge.
NODE03887	signaling_cascade	module20_24_export	Node participates in at least one evidence-gated exported mechanism edge.
NODE03888	signaling_cascade	module20_24_export	Node participates in at least one evidence-gated exported mechanism edge.
NODE03889	signaling_cascade	module20_24_export	Node participates in at least one evidence-gated exported mechanism edge.
NODE03890	signaling_cascade	module20_24_export	Node participates in at least one evidence-gated exported mechanism edge.
NODE03891	signaling_cascade	module20_24_export	Node participates in at least one evidence-gated exported mechanism edge.
NODE03892	signaling_cascade	module20_24_export	Node participates in at least one evidence-gated exported mechanism edge.
NODE03893	signaling_cascade	module20_24_export	Node participates in at least one evidence-gated exported mechanism edge.
NODE03894	signaling_cascade	module20_24_export	Node participates in at least one evidence-gated exported mechanism edge.
NODE03895	signaling_cascade	module20_24_export	Node participates in at least one evidence-gated exported mechanism edge.
NODE03896	signaling_cascade	module20_24_export	Node participates in at least one evidence-gated exported mechanism edge.
NODE03897	signaling_cascade	module20_24_export	Node participates in at least one evidence-gated exported mechanism edge.
NODE03898	signaling_cascade	module20_24_export	Node participates in at least one evidence-gated exported mechanism edge.
NODE03899	signaling_cascade	module20_24_export	Node participates in at least one evidence-gated exported mechanism edge.
NODE03900	signaling_cascade	module20_24_export	Node participates in at least one evidence-gated exported mechanism edge.
NODE03901	signaling_cascade	module20_24_export	Node participates in at least one evidence-gated exported mechanism edge.
NODE03902	signaling_cascade	module20_24_export	Node participates in at least one evidence-gated exported mechanism edge.
NODE03903	signaling_cascade	module20_24_export	Node participates in at least one evidence-gated exported mechanism edge.
NODE03904	signaling_cascade	module20_24_export	Node participates in at least one evidence-gated exported mechanism edge.
NODE03905	signaling_cascade	module20_24_export	Node participates in at least one evidence-gated exported mechanism edge.
NODE03906	signaling_cascade	module20_24_export	Node participates in at least one evidence-gated exported mechanism edge.
NODE03907	signaling_cascade	module20_24_export	Node participates in at least one evidence-gated exported mechanism edge.
NODE03908	signaling_cascade	module20_24_export	Node participates in at least one evidence-gated exported mechanism edge.
NODE03909	signaling_cascade	module20_24_export	Node participates in at least one evidence-gated exported mechanism edge.
NODE03910	signaling_cascade	module20_24_export	Node participates in at least one evidence-gated exported mechanism edge.
NODE03911	signaling_cascade	module20_24_export	Node participates in at least one evidence-gated exported mechanism edge.
NODE03912	signaling_cascade	module20_24_export	Node participates in at least one evidence-gated exported mechanism edge.
NODE03913	signaling_cascade	module20_24_export	Node participates in at least one evidence-gated exported mechanism edge.
NODE03914	signaling_cascade	module20_24_export	Node participates in at least one evidence-gated exported mechanism edge.
NODE03915	signaling_cascade	module20_24_export	Node participates in at least one evidence-gated exported mechanism edge.
NODE03916	signaling_cascade	module20_24_export	Node participates in at least one evidence-gated exported mechanism edge.
NODE03917	signaling_cascade	module20_24_export	Node participates in at least one evidence-gated exported mechanism edge.
NODE03918	signaling_cascade	module20_24_export	Node participates in at least one evidence-gated exported mechanism edge.
NODE03919	signaling_cascade	module20_24_export	Node participates in at least one evidence-gated exported mechanism edge.
NODE03920	signaling_cascade	module20_24_export	Node participates in at least one evidence-gated exported mechanism edge.
NODE03921	signaling_cascade	module20_24_export	Node participates in at least one evidence-gated exported mechanism edge.
NODE03922	signaling_cascade	module20_24_export	Node participates in at least one evidence-gated exported mechanism edge.
NODE03923	signaling_cascade	module20_24_export	Node participates in at least one evidence-gated exported mechanism edge.
NODE03924	signaling_cascade	module20_24_export	Node participates in at least one evidence-gated exported mechanism edge.
NODE03925	signaling_cascade	module20_24_export	Node participates in at least one evidence-gated exported mechanism edge.
NODE03926	signaling_cascade	module20_24_export	Node participates in at least one evidence-gated exported mechanism edge.
NODE03927	signaling_cascade	module20_24_export	Node participates in at least one evidence-gated exported mechanism edge.
NODE03928	signaling_cascade	module20_24_export	Node participates in at least one evidence-gated exported mechanism edge.
NODE03929	signaling_cascade	module20_24_export	Node participates in at least one evidence-gated exported mechanism edge.
NODE03930	signaling_cascade	module20_24_export	Node participates in at least one evidence-gated exported mechanism edge.
NODE03931	signaling_cascade	module20_24_export	Node participates in at least one evidence-gated exported mechanism edge.
NODE03932	signaling_cascade	module20_24_export	Node participates in at least one evidence-gated exported mechanism edge.
NODE03933	signaling_cascade	module20_24_export	Node participates in at least one evidence-gated exported mechanism edge.
NODE03934	signaling_cascade	module20_24_export	Node participates in at least one evidence-gated exported mechanism edge.
NODE03935	signaling_cascade	module20_24_export	Node participates in at least one evidence-gated exported mechanism edge.
NODE03936	signaling_cascade	module20_24_export	Node participates in at least one evidence-gated exported mechanism edge.
NODE03937	signaling_cascade	module20_24_export	Node participates in at least one evidence-gated exported mechanism edge.
NODE03938	signaling_cascade	module20_24_export	Node participates in at least one evidence-gated exported mechanism edge.
NODE03939	signaling_cascade	module20_24_export	Node participates in at least one evidence-gated exported mechanism edge.
NODE03940	signaling_cascade	module20_24_export	Node participates in at least one evidence-gated exported mechanism edge.
NODE03941	signaling_cascade	module20_24_export	Node participates in at least one evidence-gated exported mechanism edge.
NODE03942	signaling_cascade	module20_24_export	Node participates in at least one evidence-gated exported mechanism edge.
NODE03943	signaling_cascade	module20_24_export	Node participates in at least one evidence-gated exported mechanism edge.
NODE03944	signaling_cascade	module20_24_export	Node participates in at least one evidence-gated exported mechanism edge.
NODE03945	signaling_cascade	module20_24_export	Node participates in at least one evidence-gated exported mechanism edge.
NODE03946	signaling_cascade	module20_24_export	Node participates in at least one evidence-gated exported mechanism edge.
NODE03947	signaling_cascade	module20_24_export	Node participates in at least one evidence-gated exported mechanism edge.
NODE03948	signaling_cascade	module20_24_export	Node participates in at least one evidence-gated exported mechanism edge.
NODE03949	signaling_cascade	module20_24_export	Node participates in at least one evidence-gated exported mechanism edge.
NODE03950	signaling_cascade	module20_24_export	Node participates in at least one evidence-gated exported mechanism edge.
NODE03951	signaling_cascade	module20_24_export	Node participates in at least one evidence-gated exported mechanism edge.
NODE03952	signaling_cascade	module20_24_export	Node participates in at least one evidence-gated exported mechanism edge.
NODE03953	signaling_cascade	module20_24_export	Node participates in at least one evidence-gated exported mechanism edge.
NODE03954	signaling_cascade	module20_24_export	Node participates in at least one evidence-gated exported mechanism edge.
NODE03955	signaling_cascade	module20_24_export	Node participates in at least one evidence-gated exported mechanism edge.
NODE03956	signaling_cascade	module20_24_export	Node participates in at least one evidence-gated exported mechanism edge.
NODE03957	signaling_cascade	module20_24_export	Node participates in at least one evidence-gated exported mechanism edge.
NODE03958	signaling_cascade	module20_24_export	Node participates in at least one evidence-gated exported mechanism edge.
NODE03959	signaling_cascade	module20_24_export	Node participates in at least one evidence-gated exported mechanism edge.
NODE03960	signaling_cascade	module20_24_export	Node participates in at least one evidence-gated exported mechanism edge.
NODE03961	signaling_cascade	module20_24_export	Node participates in at least one evidence-gated exported mechanism edge.
NODE03962	signaling_cascade	module20_24_export	Node participates in at least one evidence-gated exported mechanism edge.
NODE03962	target_gene	register_target_gene_layer	edge=M22B-E010587; evidence=M22B-EVID-010683
NODE03963	signaling_cascade	module20_24_export	Node participates in at least one evidence-gated exported mechanism edge.
NODE03964	signaling_cascade	module20_24_export	Node participates in at least one evidence-gated exported mechanism edge.
NODE03965	signaling_cascade	module20_24_export	Node participates in at least one evidence-gated exported mechanism edge.
NODE03966	receptor	register_ligand_receptor_layer	edge=M23B-E001078; evidence=M23B-EVID-EXPAND23A-003
NODE03966	signaling_cascade	module20_24_export	Node participates in at least one evidence-gated exported mechanism edge.
NODE03967	signaling_cascade	module20_24_export	Node participates in at least one evidence-gated exported mechanism edge.
NODE03968	signaling_cascade	module20_24_export	Node participates in at least one evidence-gated exported mechanism edge.
NODE03969	signaling_cascade	module20_24_export	Node participates in at least one evidence-gated exported mechanism edge.
NODE03969	target_gene	register_target_gene_layer	edge=M22B-E007777; evidence=M22B-EVID-007950
NODE03970	signaling_cascade	module20_24_export	Node participates in at least one evidence-gated exported mechanism edge.
NODE03971	signaling_cascade	module20_24_export	Node participates in at least one evidence-gated exported mechanism edge.
NODE03972	signaling_cascade	module20_24_export	Node participates in at least one evidence-gated exported mechanism edge.
NODE03973	signaling_cascade	module20_24_export	Node participates in at least one evidence-gated exported mechanism edge.
NODE03974	signaling_cascade	module20_24_export	Node participates in at least one evidence-gated exported mechanism edge.
NODE03975	signaling_cascade	module20_24_export	Node participates in at least one evidence-gated exported mechanism edge.
NODE03976	signaling_cascade	module20_24_export	Node participates in at least one evidence-gated exported mechanism edge.
NODE03977	signaling_cascade	module20_24_export	Node participates in at least one evidence-gated exported mechanism edge.
NODE03978	signaling_cascade	module20_24_export	Node participates in at least one evidence-gated exported mechanism edge.
NODE03979	signaling_cascade	module20_24_export	Node participates in at least one evidence-gated exported mechanism edge.
NODE03980	signaling_cascade	module20_24_export	Node participates in at least one evidence-gated exported mechanism edge.
NODE03981	signaling_cascade	module20_24_export	Node participates in at least one evidence-gated exported mechanism edge.
NODE03982	signaling_cascade	module20_24_export	Node participates in at least one evidence-gated exported mechanism edge.
NODE03983	signaling_cascade	module20_24_export	Node participates in at least one evidence-gated exported mechanism edge.
NODE03984	signaling_cascade	module20_24_export	Node participates in at least one evidence-gated exported mechanism edge.
NODE03985	signaling_cascade	module20_24_export	Node participates in at least one evidence-gated exported mechanism edge.
NODE03986	signaling_cascade	module20_24_export	Node participates in at least one evidence-gated exported mechanism edge.
NODE03987	signaling_cascade	module20_24_export	Node participates in at least one evidence-gated exported mechanism edge.
NODE03988	signaling_cascade	module20_24_export	Node participates in at least one evidence-gated exported mechanism edge.
NODE03989	signaling_cascade	module20_24_export	Node participates in at least one evidence-gated exported mechanism edge.
NODE03990	signaling_cascade	module20_24_export	Node participates in at least one evidence-gated exported mechanism edge.
NODE03991	signaling_cascade	module20_24_export	Node participates in at least one evidence-gated exported mechanism edge.
NODE03992	signaling_cascade	module20_24_export	Node participates in at least one evidence-gated exported mechanism edge.
NODE03992	target_gene	register_target_gene_layer	edge=M22B-E006730; evidence=M22B-EVID-006903 || edge=M22B-E008886; evidence=M22B-EVID-009059
NODE03993	signaling_cascade	module20_24_export	Node participates in at least one evidence-gated exported mechanism edge.
NODE03994	ligand	register_ligand_receptor_layer	edge=M20B-E003704; evidence=M20B-EVID-003704
NODE03994	signaling_cascade	module20_24_export	Node participates in at least one evidence-gated exported mechanism edge.
NODE03994	target_gene	register_target_gene_layer	edge=M22B-E009693; evidence=M22B-EVID-009866 || edge=M22B-E009743; evidence=M22B-EVID-009916
NODE03995	signaling_cascade	module20_24_export	Node participates in at least one evidence-gated exported mechanism edge.
NODE03996	signaling_cascade	module20_24_export	Node participates in at least one evidence-gated exported mechanism edge.
NODE03997	receptor	register_ligand_receptor_layer	edge=M20B-E003704; evidence=M20B-EVID-003704
NODE03997	signaling_cascade	module20_24_export	Node participates in at least one evidence-gated exported mechanism edge.
NODE03997	target_gene	register_target_gene_layer	edge=M22B-E006518; evidence=M22B-EVID-006691 || edge=M22B-E008677; evidence=M22B-EVID-008850
NODE03998	signaling_cascade	module20_24_export	Node participates in at least one evidence-gated exported mechanism edge.
NODE03999	signaling_cascade	module20_24_export	Node participates in at least one evidence-gated exported mechanism edge.
NODE04000	signaling_cascade	module20_24_export	Node participates in at least one evidence-gated exported mechanism edge.
NODE04001	signaling_cascade	module20_24_export	Node participates in at least one evidence-gated exported mechanism edge.
NODE04002	signaling_cascade	module20_24_export	Node participates in at least one evidence-gated exported mechanism edge.
NODE04002	target_gene	register_target_gene_layer	edge=M22B-E006731; evidence=M22B-EVID-006904 || edge=M22B-E008887; evidence=M22B-EVID-009060
NODE04003	signaling_cascade	module20_24_export	Node participates in at least one evidence-gated exported mechanism edge.
NODE04004	signaling_cascade	module20_24_export	Node participates in at least one evidence-gated exported mechanism edge.
NODE04005	signaling_cascade	module20_24_export	Node participates in at least one evidence-gated exported mechanism edge.
NODE04006	signaling_cascade	module20_24_export	Node participates in at least one evidence-gated exported mechanism edge.
NODE04007	signaling_cascade	module20_24_export	Node participates in at least one evidence-gated exported mechanism edge.
NODE04008	signaling_cascade	module20_24_export	Node participates in at least one evidence-gated exported mechanism edge.
NODE04009	signaling_cascade	module20_24_export	Node participates in at least one evidence-gated exported mechanism edge.
NODE04010	signaling_cascade	module20_24_export	Node participates in at least one evidence-gated exported mechanism edge.
NODE04011	signaling_cascade	module20_24_export	Node participates in at least one evidence-gated exported mechanism edge.
NODE04012	signaling_cascade	module20_24_export	Node participates in at least one evidence-gated exported mechanism edge.
NODE04013	signaling_cascade	module20_24_export	Node participates in at least one evidence-gated exported mechanism edge.
NODE04014	signaling_cascade	module20_24_export	Node participates in at least one evidence-gated exported mechanism edge.
NODE04015	signaling_cascade	module20_24_export	Node participates in at least one evidence-gated exported mechanism edge.
NODE04015	target_gene	register_target_gene_layer	edge=M22B-E009512; evidence=M22B-EVID-009685
NODE04016	signaling_cascade	module20_24_export	Node participates in at least one evidence-gated exported mechanism edge.
NODE04017	signaling_cascade	module20_24_export	Node participates in at least one evidence-gated exported mechanism edge.
NODE04018	signaling_cascade	module20_24_export	Node participates in at least one evidence-gated exported mechanism edge.
NODE04019	signaling_cascade	module20_24_export	Node participates in at least one evidence-gated exported mechanism edge.
NODE04020	signaling_cascade	module20_24_export	Node participates in at least one evidence-gated exported mechanism edge.
NODE04021	receptor	register_ligand_receptor_layer	edge=M20B-E005243; evidence=M20B-EVID-005243
NODE04021	signaling_cascade	module20_24_export	Node participates in at least one evidence-gated exported mechanism edge.
NODE04022	signaling_cascade	module20_24_export	Node participates in at least one evidence-gated exported mechanism edge.
NODE04023	signaling_cascade	module20_24_export	Node participates in at least one evidence-gated exported mechanism edge.
NODE04024	signaling_cascade	module20_24_export	Node participates in at least one evidence-gated exported mechanism edge.
NODE04025	signaling_cascade	module20_24_export	Node participates in at least one evidence-gated exported mechanism edge.
NODE04025	target_gene	register_target_gene_layer	edge=M22B-E006045; evidence=M22B-EVID-006218
NODE04026	signaling_cascade	module20_24_export	Node participates in at least one evidence-gated exported mechanism edge.
NODE04027	receptor	register_ligand_receptor_layer	edge=M20B-E001928; evidence=M20B-EVID-001928 || edge=M20B-E001938; evidence=M20B-EVID-001938 || edge=M20B-E001948; evidence=M20B-EVID-001948 || edge=M23B-E000445; evidence=M23B-EVID-000621
NODE04027	signaling_cascade	module20_24_export	Node participates in at least one evidence-gated exported mechanism edge.
NODE04027	target_gene	register_target_gene_layer	edge=M22B-E006046; evidence=M22B-EVID-006219 || edge=M22B-E010191; evidence=M22B-EVID-010364 || edge=M22B-E010192; evidence=M22B-EVID-010365 || edge=M22B-E010193; evidence=M22B-EVID-010366 || edge=M22B-E010194; evidence=M22B-EVID-010367 || edge=M22B-E010195; evidence=M22B-EVID-010368
NODE04028	signaling_cascade	module20_24_export	Node participates in at least one evidence-gated exported mechanism edge.
NODE04029	receptor	register_ligand_receptor_layer	edge=M23B-E000365; evidence=M23B-EVID-000528 || edge=M23B-E000378; evidence=M23B-EVID-000543
NODE04029	signaling_cascade	module20_24_export	Node participates in at least one evidence-gated exported mechanism edge.
NODE04030	signaling_cascade	module20_24_export	Node participates in at least one evidence-gated exported mechanism edge.
NODE04031	signaling_cascade	module20_24_export	Node participates in at least one evidence-gated exported mechanism edge.
NODE04031	target_gene	register_target_gene_layer	edge=M22B-E006047; evidence=M22B-EVID-006220 || edge=M22B-E008215; evidence=M22B-EVID-008388
NODE04032	signaling_cascade	module20_24_export	Node participates in at least one evidence-gated exported mechanism edge.
NODE04033	signaling_cascade	module20_24_export	Node participates in at least one evidence-gated exported mechanism edge.
NODE04034	signaling_cascade	module20_24_export	Node participates in at least one evidence-gated exported mechanism edge.
NODE04035	signaling_cascade	module20_24_export	Node participates in at least one evidence-gated exported mechanism edge.
NODE04035	target_gene	register_target_gene_layer	edge=M22B-E006593; evidence=M22B-EVID-006766
NODE04036	signaling_cascade	module20_24_export	Node participates in at least one evidence-gated exported mechanism edge.
NODE04037	receptor	register_ligand_receptor_layer	edge=M20B-E002718; evidence=M20B-EVID-002718 || edge=M20B-E003020; evidence=M20B-EVID-003020 || edge=M20B-E004913; evidence=M20B-EVID-004913;M20B-EVID-004913-P2-DIRECT;M20B-EVID-004913-P2-FUNC;M20B-EVID-004913-P2-RELAY || edge=M20B-E005197; evidence=M20B-EVID-005197
NODE04037	signaling_cascade	module20_24_export	Node participates in at least one evidence-gated exported mechanism edge.
NODE04038	signaling_cascade	module20_24_export	Node participates in at least one evidence-gated exported mechanism edge.
NODE04039	receptor	register_ligand_receptor_layer	edge=M20B-E004219; evidence=M20B-EVID-004219;M20B-EVID-004219-P2-DIRECT;M20B-EVID-004219-P2-FUNC;M20B-EVID-004219-P2-RELAY
NODE04039	signaling_cascade	module20_24_export	Node participates in at least one evidence-gated exported mechanism edge.
NODE04039	target_gene	register_target_gene_layer	edge=M22B-E010311; evidence=M22B-EVID-010483
NODE04040	receptor	register_ligand_receptor_layer	edge=M23B-E000674; evidence=M23B-EVID-000898
NODE04040	signaling_cascade	module20_24_export	Node participates in at least one evidence-gated exported mechanism edge.
NODE04041	ligand	register_ligand_receptor_layer	edge=M20B-E003707; evidence=M20B-EVID-003707 || edge=M20B-E003710; evidence=M20B-EVID-003710 || edge=M20B-E003713; evidence=M20B-EVID-003713 || edge=M20B-E003714; evidence=M20B-EVID-003714
NODE04041	signaling_cascade	module20_24_export	Node participates in at least one evidence-gated exported mechanism edge.
NODE04042	signaling_cascade	module20_24_export	Node participates in at least one evidence-gated exported mechanism edge.
NODE04043	signaling_cascade	module20_24_export	Node participates in at least one evidence-gated exported mechanism edge.
NODE04044	signaling_cascade	module20_24_export	Node participates in at least one evidence-gated exported mechanism edge.
NODE04045	signaling_cascade	module20_24_export	Node participates in at least one evidence-gated exported mechanism edge.
NODE04046	receptor	register_ligand_receptor_layer	edge=M20B-E003021; evidence=M20B-EVID-003021 || edge=M20B-E003442; evidence=M20B-EVID-003442
NODE04046	signaling_cascade	module20_24_export	Node participates in at least one evidence-gated exported mechanism edge.
NODE04046	target_gene	register_target_gene_layer	edge=M22B-E009843; evidence=M22B-EVID-010016
NODE04047	signaling_cascade	module20_24_export	Node participates in at least one evidence-gated exported mechanism edge.
NODE04048	signaling_cascade	module20_24_export	Node participates in at least one evidence-gated exported mechanism edge.
NODE04049	signaling_cascade	module20_24_export	Node participates in at least one evidence-gated exported mechanism edge.
NODE04050	signaling_cascade	module20_24_export	Node participates in at least one evidence-gated exported mechanism edge.
NODE04051	signaling_cascade	module20_24_export	Node participates in at least one evidence-gated exported mechanism edge.
NODE04052	signaling_cascade	module20_24_export	Node participates in at least one evidence-gated exported mechanism edge.
NODE04053	ligand	register_ligand_receptor_layer	edge=M20B-E003717; evidence=M20B-EVID-003717
NODE04053	signaling_cascade	module20_24_export	Node participates in at least one evidence-gated exported mechanism edge.
NODE04054	ligand	register_ligand_receptor_layer	edge=M20B-E003718; evidence=M20B-EVID-003718
NODE04054	signaling_cascade	module20_24_export	Node participates in at least one evidence-gated exported mechanism edge.
NODE04055	signaling_cascade	module20_24_export	Node participates in at least one evidence-gated exported mechanism edge.
NODE04056	ligand	register_ligand_receptor_layer	edge=M20B-E003719; evidence=M20B-EVID-003719
NODE04056	signaling_cascade	module20_24_export	Node participates in at least one evidence-gated exported mechanism edge.
NODE04057	signaling_cascade	module20_24_export	Node participates in at least one evidence-gated exported mechanism edge.
NODE04058	receptor	register_ligand_receptor_layer	edge=M23B-E000890; evidence=M23B-EVID-001200
NODE04058	signaling_cascade	module20_24_export	Node participates in at least one evidence-gated exported mechanism edge.
NODE04059	signaling_cascade	module20_24_export	Node participates in at least one evidence-gated exported mechanism edge.
NODE04060	receptor	register_ligand_receptor_layer	edge=M23B-E000449; evidence=M23B-EVID-000629
NODE04060	signaling_cascade	module20_24_export	Node participates in at least one evidence-gated exported mechanism edge.
NODE04061	signaling_cascade	module20_24_export	Node participates in at least one evidence-gated exported mechanism edge.
NODE04062	signaling_cascade	module20_24_export	Node participates in at least one evidence-gated exported mechanism edge.
NODE04063	signaling_cascade	module20_24_export	Node participates in at least one evidence-gated exported mechanism edge.
NODE04063	target_gene	register_target_gene_layer	edge=M22B-E007778; evidence=M22B-EVID-007951
NODE04064	signaling_cascade	module20_24_export	Node participates in at least one evidence-gated exported mechanism edge.
NODE04065	signaling_cascade	module20_24_export	Node participates in at least one evidence-gated exported mechanism edge.
NODE04066	signaling_cascade	module20_24_export	Node participates in at least one evidence-gated exported mechanism edge.
NODE04067	signaling_cascade	module20_24_export	Node participates in at least one evidence-gated exported mechanism edge.
NODE04068	signaling_cascade	module20_24_export	Node participates in at least one evidence-gated exported mechanism edge.
NODE04069	signaling_cascade	module20_24_export	Node participates in at least one evidence-gated exported mechanism edge.
NODE04070	signaling_cascade	module20_24_export	Node participates in at least one evidence-gated exported mechanism edge.
NODE04071	signaling_cascade	module20_24_export	Node participates in at least one evidence-gated exported mechanism edge.
NODE04072	signaling_cascade	module20_24_export	Node participates in at least one evidence-gated exported mechanism edge.
NODE04073	signaling_cascade	module20_24_export	Node participates in at least one evidence-gated exported mechanism edge.
NODE04074	signaling_cascade	module20_24_export	Node participates in at least one evidence-gated exported mechanism edge.
NODE04075	signaling_cascade	module20_24_export	Node participates in at least one evidence-gated exported mechanism edge.
NODE04076	signaling_cascade	module20_24_export	Node participates in at least one evidence-gated exported mechanism edge.
NODE04077	signaling_cascade	module20_24_export	Node participates in at least one evidence-gated exported mechanism edge.
NODE04078	signaling_cascade	module20_24_export	Node participates in at least one evidence-gated exported mechanism edge.
NODE04079	signaling_cascade	module20_24_export	Node participates in at least one evidence-gated exported mechanism edge.
NODE04080	signaling_cascade	module20_24_export	Node participates in at least one evidence-gated exported mechanism edge.
NODE04081	signaling_cascade	module20_24_export	Node participates in at least one evidence-gated exported mechanism edge.
NODE04082	signaling_cascade	module20_24_export	Node participates in at least one evidence-gated exported mechanism edge.
NODE04083	signaling_cascade	module20_24_export	Node participates in at least one evidence-gated exported mechanism edge.
NODE04084	signaling_cascade	module20_24_export	Node participates in at least one evidence-gated exported mechanism edge.
NODE04085	signaling_cascade	module20_24_export	Node participates in at least one evidence-gated exported mechanism edge.
NODE04086	signaling_cascade	module20_24_export	Node participates in at least one evidence-gated exported mechanism edge.
NODE04087	signaling_cascade	module20_24_export	Node participates in at least one evidence-gated exported mechanism edge.
NODE04088	signaling_cascade	module20_24_export	Node participates in at least one evidence-gated exported mechanism edge.
NODE04089	signaling_cascade	module20_24_export	Node participates in at least one evidence-gated exported mechanism edge.
NODE04090	signaling_cascade	module20_24_export	Node participates in at least one evidence-gated exported mechanism edge.
NODE04091	signaling_cascade	module20_24_export	Node participates in at least one evidence-gated exported mechanism edge.
NODE04092	signaling_cascade	module20_24_export	Node participates in at least one evidence-gated exported mechanism edge.
NODE04093	signaling_cascade	module20_24_export	Node participates in at least one evidence-gated exported mechanism edge.
NODE04094	signaling_cascade	module20_24_export	Node participates in at least one evidence-gated exported mechanism edge.
NODE04095	signaling_cascade	module20_24_export	Node participates in at least one evidence-gated exported mechanism edge.
NODE04095	target_gene	register_target_gene_layer	edge=M22B-E010646; evidence=M22B-EVID-010741
NODE04096	signaling_cascade	module20_24_export	Node participates in at least one evidence-gated exported mechanism edge.
NODE04097	signaling_cascade	module20_24_export	Node participates in at least one evidence-gated exported mechanism edge.
NODE04098	signaling_cascade	module20_24_export	Node participates in at least one evidence-gated exported mechanism edge.
NODE04099	signaling_cascade	module20_24_export	Node participates in at least one evidence-gated exported mechanism edge.
NODE04100	signaling_cascade	module20_24_export	Node participates in at least one evidence-gated exported mechanism edge.
NODE04101	signaling_cascade	module20_24_export	Node participates in at least one evidence-gated exported mechanism edge.
NODE04102	receptor	register_ligand_receptor_layer	edge=M24B-E000135; evidence=M24B-EVID-000184
NODE04102	signaling_cascade	module20_24_export	Node participates in at least one evidence-gated exported mechanism edge.
NODE04103	signaling_cascade	module20_24_export	Node participates in at least one evidence-gated exported mechanism edge.
NODE04104	signaling_cascade	module20_24_export	Node participates in at least one evidence-gated exported mechanism edge.
NODE04105	receptor	register_ligand_receptor_layer	edge=M20B-E004605; evidence=M20B-EVID-004605;M20B-EVID-004605-P2-DIRECT;M20B-EVID-004605-P2-DIRECT-FT;M20B-EVID-004605-P2-FUNC;M20B-EVID-004605-P2-RELAY;M20B-EVID-004605-P2-RELAY-FT
NODE04105	signaling_cascade	module20_24_export	Node participates in at least one evidence-gated exported mechanism edge.
NODE04105	target_gene	register_target_gene_layer	edge=M22B-E010566; evidence=M22B-EVID-010664
NODE04106	receptor	register_ligand_receptor_layer	edge=M20B-E004606; evidence=M20B-EVID-004606;M20B-EVID-004606-P2-BOUNDARY;M20B-EVID-004606-P2-DIRECT;M20B-EVID-004606-P2-DIRECT-FT;M20B-EVID-004606-P2-FUNC;M20B-EVID-004606-P2-RELAY;M20B-EVID-004606-P2-RELAY-FT
NODE04106	signaling_cascade	module20_24_export	Node participates in at least one evidence-gated exported mechanism edge.
NODE04107	signaling_cascade	module20_24_export	Node participates in at least one evidence-gated exported mechanism edge.
NODE04108	signaling_cascade	module20_24_export	Node participates in at least one evidence-gated exported mechanism edge.
NODE04109	signaling_cascade	module20_24_export	Node participates in at least one evidence-gated exported mechanism edge.
NODE04109	target_gene	register_target_gene_layer	edge=M22B-E006732; evidence=M22B-EVID-006905 || edge=M22B-E008888; evidence=M22B-EVID-009061
NODE04110	signaling_cascade	module20_24_export	Node participates in at least one evidence-gated exported mechanism edge.
NODE04111	signaling_cascade	module20_24_export	Node participates in at least one evidence-gated exported mechanism edge.
NODE04112	signaling_cascade	module20_24_export	Node participates in at least one evidence-gated exported mechanism edge.
NODE04113	signaling_cascade	module20_24_export	Node participates in at least one evidence-gated exported mechanism edge.
NODE04114	signaling_cascade	module20_24_export	Node participates in at least one evidence-gated exported mechanism edge.
NODE04115	signaling_cascade	module20_24_export	Node participates in at least one evidence-gated exported mechanism edge.
NODE04116	signaling_cascade	module20_24_export	Node participates in at least one evidence-gated exported mechanism edge.
NODE04117	signaling_cascade	module20_24_export	Node participates in at least one evidence-gated exported mechanism edge.
NODE04118	signaling_cascade	module20_24_export	Node participates in at least one evidence-gated exported mechanism edge.
NODE04119	receptor	register_ligand_receptor_layer	edge=M20B-E002873; evidence=M20B-EVID-002873
NODE04119	signaling_cascade	module20_24_export	Node participates in at least one evidence-gated exported mechanism edge.
NODE04120	signaling_cascade	module20_24_export	Node participates in at least one evidence-gated exported mechanism edge.
NODE04120	target_gene	register_target_gene_layer	edge=M22B-E010385; evidence=M22B-EVID-010557
NODE04121	signaling_cascade	module20_24_export	Node participates in at least one evidence-gated exported mechanism edge.
NODE04122	signaling_cascade	module20_24_export	Node participates in at least one evidence-gated exported mechanism edge.
NODE04123	signaling_cascade	module20_24_export	Node participates in at least one evidence-gated exported mechanism edge.
NODE04124	signaling_cascade	module20_24_export	Node participates in at least one evidence-gated exported mechanism edge.
NODE04125	signaling_cascade	module20_24_export	Node participates in at least one evidence-gated exported mechanism edge.
NODE04126	signaling_cascade	module20_24_export	Node participates in at least one evidence-gated exported mechanism edge.
NODE04127	signaling_cascade	module20_24_export	Node participates in at least one evidence-gated exported mechanism edge.
NODE04128	receptor	register_ligand_receptor_layer	edge=M23B-E000180; evidence=M23B-EVID-000254
NODE04128	signaling_cascade	module20_24_export	Node participates in at least one evidence-gated exported mechanism edge.
NODE04129	signaling_cascade	module20_24_export	Node participates in at least one evidence-gated exported mechanism edge.
NODE04129	target_gene	register_target_gene_layer	edge=M22B-E007779; evidence=M22B-EVID-007952 || edge=M22B-E009223; evidence=M22B-EVID-009396
NODE04130	signaling_cascade	module20_24_export	Node participates in at least one evidence-gated exported mechanism edge.
NODE04130	target_gene	register_target_gene_layer	edge=M22B-E006363; evidence=M22B-EVID-006536 || edge=M22B-E008513; evidence=M22B-EVID-008686
NODE04131	signaling_cascade	module20_24_export	Node participates in at least one evidence-gated exported mechanism edge.
NODE04131	target_gene	register_target_gene_layer	edge=M22B-E005900; evidence=M22B-EVID-006073 || edge=M22B-E008074; evidence=M22B-EVID-008247
NODE04132	signaling_cascade	module20_24_export	Node participates in at least one evidence-gated exported mechanism edge.
NODE04133	signaling_cascade	module20_24_export	Node participates in at least one evidence-gated exported mechanism edge.
NODE04134	signaling_cascade	module20_24_export	Node participates in at least one evidence-gated exported mechanism edge.
NODE04135	signaling_cascade	module20_24_export	Node participates in at least one evidence-gated exported mechanism edge.
NODE04136	signaling_cascade	module20_24_export	Node participates in at least one evidence-gated exported mechanism edge.
NODE04137	signaling_cascade	module20_24_export	Node participates in at least one evidence-gated exported mechanism edge.
NODE04138	signaling_cascade	module20_24_export	Node participates in at least one evidence-gated exported mechanism edge.
NODE04139	signaling_cascade	module20_24_export	Node participates in at least one evidence-gated exported mechanism edge.
NODE04140	signaling_cascade	module20_24_export	Node participates in at least one evidence-gated exported mechanism edge.
NODE04140	target_gene	register_target_gene_layer	edge=M22B-E006166; evidence=M22B-EVID-006339 || edge=M22B-E006254; evidence=M22B-EVID-006427 || edge=M22B-E007428; evidence=M22B-EVID-007601 || edge=M22B-E008316; evidence=M22B-EVID-008489 || edge=M22B-E008408; evidence=M22B-EVID-008581
NODE04141	ligand	register_ligand_receptor_layer	edge=M20B-E003721; evidence=M20B-EVID-003721
NODE04141	signaling_cascade	module20_24_export	Node participates in at least one evidence-gated exported mechanism edge.
NODE04142	signaling_cascade	module20_24_export	Node participates in at least one evidence-gated exported mechanism edge.
NODE04143	signaling_cascade	module20_24_export	Node participates in at least one evidence-gated exported mechanism edge.
NODE04144	signaling_cascade	module20_24_export	Node participates in at least one evidence-gated exported mechanism edge.
NODE04144	transcription_factor	register_target_gene_layer	edge=M22B-E010598; evidence=M22B-EVID-010694
NODE04145	signaling_cascade	module20_24_export	Node participates in at least one evidence-gated exported mechanism edge.
NODE04146	signaling_cascade	module20_24_export	Node participates in at least one evidence-gated exported mechanism edge.
NODE04147	signaling_cascade	module20_24_export	Node participates in at least one evidence-gated exported mechanism edge.
NODE04148	signaling_cascade	module20_24_export	Node participates in at least one evidence-gated exported mechanism edge.
NODE04149	signaling_cascade	module20_24_export	Node participates in at least one evidence-gated exported mechanism edge.
NODE04150	signaling_cascade	module20_24_export	Node participates in at least one evidence-gated exported mechanism edge.
NODE04151	signaling_cascade	module20_24_export	Node participates in at least one evidence-gated exported mechanism edge.
NODE04152	signaling_cascade	module20_24_export	Node participates in at least one evidence-gated exported mechanism edge.
NODE04153	signaling_cascade	module20_24_export	Node participates in at least one evidence-gated exported mechanism edge.
NODE04153	target_gene	register_target_gene_layer	edge=M22B-E010672; evidence=M22B-EVID-010765
NODE04154	signaling_cascade	module20_24_export	Node participates in at least one evidence-gated exported mechanism edge.
NODE04155	signaling_cascade	module20_24_export	Node participates in at least one evidence-gated exported mechanism edge.
NODE04156	signaling_cascade	module20_24_export	Node participates in at least one evidence-gated exported mechanism edge.
NODE04157	signaling_cascade	module20_24_export	Node participates in at least one evidence-gated exported mechanism edge.
NODE04158	signaling_cascade	module20_24_export	Node participates in at least one evidence-gated exported mechanism edge.
NODE04159	signaling_cascade	module20_24_export	Node participates in at least one evidence-gated exported mechanism edge.
NODE04160	signaling_cascade	module20_24_export	Node participates in at least one evidence-gated exported mechanism edge.
NODE04160	target_gene	register_target_gene_layer	edge=M22B-E000250; evidence=M22B-EVID-001006;M22B-EVID-001032;M22B-EVID-001057;M22B-EVID-001083;M22B-EVID-001109;M22B-EVID-001134;M22B-EVID-001160;M22B-EVID-001212;M22B-EVID-001237;M22B-EVID-001264;M22B-EVID-001289;M22B-EVID-001315;M22B-EVID-001340;M22B-EVID-001365
NODE04161	signaling_cascade	module20_24_export	Node participates in at least one evidence-gated exported mechanism edge.
NODE04162	signaling_cascade	module20_24_export	Node participates in at least one evidence-gated exported mechanism edge.
NODE04163	signaling_cascade	module20_24_export	Node participates in at least one evidence-gated exported mechanism edge.
NODE04164	signaling_cascade	module20_24_export	Node participates in at least one evidence-gated exported mechanism edge.
NODE04165	signaling_cascade	module20_24_export	Node participates in at least one evidence-gated exported mechanism edge.
NODE04166	signaling_cascade	module20_24_export	Node participates in at least one evidence-gated exported mechanism edge.
NODE04167	signaling_cascade	module20_24_export	Node participates in at least one evidence-gated exported mechanism edge.
NODE04168	signaling_cascade	module20_24_export	Node participates in at least one evidence-gated exported mechanism edge.
NODE04169	signaling_cascade	module20_24_export	Node participates in at least one evidence-gated exported mechanism edge.
NODE04170	signaling_cascade	module20_24_export	Node participates in at least one evidence-gated exported mechanism edge.
NODE04171	signaling_cascade	module20_24_export	Node participates in at least one evidence-gated exported mechanism edge.
NODE04172	signaling_cascade	module20_24_export	Node participates in at least one evidence-gated exported mechanism edge.
NODE04173	signaling_cascade	module20_24_export	Node participates in at least one evidence-gated exported mechanism edge.
NODE04174	signaling_cascade	module20_24_export	Node participates in at least one evidence-gated exported mechanism edge.
NODE04175	signaling_cascade	module20_24_export	Node participates in at least one evidence-gated exported mechanism edge.
NODE04176	signaling_cascade	module20_24_export	Node participates in at least one evidence-gated exported mechanism edge.
NODE04177	signaling_cascade	module20_24_export	Node participates in at least one evidence-gated exported mechanism edge.
NODE04178	signaling_cascade	module20_24_export	Node participates in at least one evidence-gated exported mechanism edge.
NODE04178	target_gene	register_target_gene_layer	edge=M22B-E006364; evidence=M22B-EVID-006537 || edge=M22B-E007155; evidence=M22B-EVID-007328
NODE04179	signaling_cascade	module20_24_export	Node participates in at least one evidence-gated exported mechanism edge.
NODE04180	signaling_cascade	module20_24_export	Node participates in at least one evidence-gated exported mechanism edge.
NODE04181	signaling_cascade	module20_24_export	Node participates in at least one evidence-gated exported mechanism edge.
NODE04182	signaling_cascade	module20_24_export	Node participates in at least one evidence-gated exported mechanism edge.
NODE04183	signaling_cascade	module20_24_export	Node participates in at least one evidence-gated exported mechanism edge.
NODE04184	signaling_cascade	module20_24_export	Node participates in at least one evidence-gated exported mechanism edge.
NODE04185	signaling_cascade	module20_24_export	Node participates in at least one evidence-gated exported mechanism edge.
NODE04186	signaling_cascade	module20_24_export	Node participates in at least one evidence-gated exported mechanism edge.
NODE04187	signaling_cascade	module20_24_export	Node participates in at least one evidence-gated exported mechanism edge.
NODE04188	signaling_cascade	module20_24_export	Node participates in at least one evidence-gated exported mechanism edge.
NODE04189	signaling_cascade	module20_24_export	Node participates in at least one evidence-gated exported mechanism edge.
NODE04190	signaling_cascade	module20_24_export	Node participates in at least one evidence-gated exported mechanism edge.
NODE04191	signaling_cascade	module20_24_export	Node participates in at least one evidence-gated exported mechanism edge.
NODE04192	signaling_cascade	module20_24_export	Node participates in at least one evidence-gated exported mechanism edge.
NODE04193	signaling_cascade	module20_24_export	Node participates in at least one evidence-gated exported mechanism edge.
NODE04194	signaling_cascade	module20_24_export	Node participates in at least one evidence-gated exported mechanism edge.
NODE04195	signaling_cascade	module20_24_export	Node participates in at least one evidence-gated exported mechanism edge.
NODE04196	signaling_cascade	module20_24_export	Node participates in at least one evidence-gated exported mechanism edge.
NODE04197	signaling_cascade	module20_24_export	Node participates in at least one evidence-gated exported mechanism edge.
NODE04198	signaling_cascade	module20_24_export	Node participates in at least one evidence-gated exported mechanism edge.
NODE04199	signaling_cascade	module20_24_export	Node participates in at least one evidence-gated exported mechanism edge.
NODE04200	signaling_cascade	module20_24_export	Node participates in at least one evidence-gated exported mechanism edge.
NODE04200	target_gene	register_target_gene_layer	edge=M22B-E009550; evidence=M22B-EVID-009723
NODE04201	signaling_cascade	module20_24_export	Node participates in at least one evidence-gated exported mechanism edge.
NODE04202	signaling_cascade	module20_24_export	Node participates in at least one evidence-gated exported mechanism edge.
NODE04203	signaling_cascade	module20_24_export	Node participates in at least one evidence-gated exported mechanism edge.
NODE04204	signaling_cascade	module20_24_export	Node participates in at least one evidence-gated exported mechanism edge.
NODE04205	signaling_cascade	module20_24_export	Node participates in at least one evidence-gated exported mechanism edge.
NODE04206	signaling_cascade	module20_24_export	Node participates in at least one evidence-gated exported mechanism edge.
NODE04206	target_gene	register_target_gene_layer	edge=M22B-E010049; evidence=M22B-EVID-010222
NODE04207	signaling_cascade	module20_24_export	Node participates in at least one evidence-gated exported mechanism edge.
NODE04208	signaling_cascade	module20_24_export	Node participates in at least one evidence-gated exported mechanism edge.
NODE04209	signaling_cascade	module20_24_export	Node participates in at least one evidence-gated exported mechanism edge.
NODE04210	signaling_cascade	module20_24_export	Node participates in at least one evidence-gated exported mechanism edge.
NODE04211	signaling_cascade	module20_24_export	Node participates in at least one evidence-gated exported mechanism edge.
NODE04212	signaling_cascade	module20_24_export	Node participates in at least one evidence-gated exported mechanism edge.
NODE04213	signaling_cascade	module20_24_export	Node participates in at least one evidence-gated exported mechanism edge.
NODE04214	signaling_cascade	module20_24_export	Node participates in at least one evidence-gated exported mechanism edge.
NODE04215	signaling_cascade	module20_24_export	Node participates in at least one evidence-gated exported mechanism edge.
NODE04216	signaling_cascade	module20_24_export	Node participates in at least one evidence-gated exported mechanism edge.
NODE04216	target_gene	register_target_gene_layer	edge=M22B-E006255; evidence=M22B-EVID-006428 || edge=M22B-E010516; evidence=M22B-EVID-010631
NODE04217	signaling_cascade	module20_24_export	Node participates in at least one evidence-gated exported mechanism edge.
NODE04218	signaling_cascade	module20_24_export	Node participates in at least one evidence-gated exported mechanism edge.
NODE04219	signaling_cascade	module20_24_export	Node participates in at least one evidence-gated exported mechanism edge.
NODE04220	ligand	register_ligand_receptor_layer	edge=M20B-E003725; evidence=M20B-EVID-003725
NODE04220	signaling_cascade	module20_24_export	Node participates in at least one evidence-gated exported mechanism edge.
NODE04221	signaling_cascade	module20_24_export	Node participates in at least one evidence-gated exported mechanism edge.
NODE04222	signaling_cascade	module20_24_export	Node participates in at least one evidence-gated exported mechanism edge.
NODE04223	signaling_cascade	module20_24_export	Node participates in at least one evidence-gated exported mechanism edge.
NODE04224	ligand	register_ligand_receptor_layer	edge=M20B-E003728; evidence=M20B-EVID-003728;M20B-EVID-003728-P2-FUNC
NODE04224	signaling_cascade	module20_24_export	Node participates in at least one evidence-gated exported mechanism edge.
NODE04225	receptor	register_ligand_receptor_layer	edge=M20B-E003728; evidence=M20B-EVID-003728;M20B-EVID-003728-P2-FUNC
NODE04225	signaling_cascade	module20_24_export	Node participates in at least one evidence-gated exported mechanism edge.
NODE04225	target_gene	register_target_gene_layer	edge=M22B-E006048; evidence=M22B-EVID-006221 || edge=M22B-E008216; evidence=M22B-EVID-008389
NODE04226	signaling_cascade	module20_24_export	Node participates in at least one evidence-gated exported mechanism edge.
NODE04227	signaling_cascade	module20_24_export	Node participates in at least one evidence-gated exported mechanism edge.
NODE04228	signaling_cascade	module20_24_export	Node participates in at least one evidence-gated exported mechanism edge.
NODE04229	signaling_cascade	module20_24_export	Node participates in at least one evidence-gated exported mechanism edge.
NODE04230	signaling_cascade	module20_24_export	Node participates in at least one evidence-gated exported mechanism edge.
NODE04231	signaling_cascade	module20_24_export	Node participates in at least one evidence-gated exported mechanism edge.
NODE04232	signaling_cascade	module20_24_export	Node participates in at least one evidence-gated exported mechanism edge.
NODE04233	signaling_cascade	module20_24_export	Node participates in at least one evidence-gated exported mechanism edge.
NODE04234	signaling_cascade	module20_24_export	Node participates in at least one evidence-gated exported mechanism edge.
NODE04235	signaling_cascade	module20_24_export	Node participates in at least one evidence-gated exported mechanism edge.
NODE04236	signaling_cascade	module20_24_export	Node participates in at least one evidence-gated exported mechanism edge.
NODE04237	signaling_cascade	module20_24_export	Node participates in at least one evidence-gated exported mechanism edge.
NODE04237	target_gene	register_target_gene_layer	edge=M22B-E007780; evidence=M22B-EVID-007953 || edge=M22B-E009224; evidence=M22B-EVID-009397
NODE04238	signaling_cascade	module20_24_export	Node participates in at least one evidence-gated exported mechanism edge.
NODE04238	target_gene	register_target_gene_layer	edge=M22B-E009636; evidence=M22B-EVID-009809
NODE04239	signaling_cascade	module20_24_export	Node participates in at least one evidence-gated exported mechanism edge.
NODE04239	target_gene	register_target_gene_layer	edge=M22B-E007429; evidence=M22B-EVID-007602 || edge=M22B-E009844; evidence=M22B-EVID-010017
NODE04240	signaling_cascade	module20_24_export	Node participates in at least one evidence-gated exported mechanism edge.
NODE04241	signaling_cascade	module20_24_export	Node participates in at least one evidence-gated exported mechanism edge.
NODE04241	target_gene	register_target_gene_layer	edge=M22B-E006167; evidence=M22B-EVID-006340 || edge=M22B-E006733; evidence=M22B-EVID-006906 || edge=M22B-E007156; evidence=M22B-EVID-007329 || edge=M22B-E007781; evidence=M22B-EVID-007954 || edge=M22B-E008317; evidence=M22B-EVID-008490 || edge=M22B-E008889; evidence=M22B-EVID-009062 || edge=M22B-E009225; evidence=M22B-EVID-009398
NODE04242	signaling_cascade	module20_24_export	Node participates in at least one evidence-gated exported mechanism edge.
NODE04242	target_gene	register_target_gene_layer	edge=M22B-E008318; evidence=M22B-EVID-008491 || edge=M22B-E008890; evidence=M22B-EVID-009063 || edge=M22B-E009226; evidence=M22B-EVID-009399
NODE04243	signaling_cascade	module20_24_export	Node participates in at least one evidence-gated exported mechanism edge.
NODE04244	signaling_cascade	module20_24_export	Node participates in at least one evidence-gated exported mechanism edge.
NODE04245	signaling_cascade	module20_24_export	Node participates in at least one evidence-gated exported mechanism edge.
NODE04245	target_gene	register_target_gene_layer	edge=M22B-E006734; evidence=M22B-EVID-006907
NODE04246	signaling_cascade	module20_24_export	Node participates in at least one evidence-gated exported mechanism edge.
NODE04247	signaling_cascade	module20_24_export	Node participates in at least one evidence-gated exported mechanism edge.
NODE04248	ligand	register_ligand_receptor_layer	edge=M20B-E003736; evidence=M20B-EVID-003736
NODE04248	signaling_cascade	module20_24_export	Node participates in at least one evidence-gated exported mechanism edge.
NODE04249	ligand	register_ligand_receptor_layer	edge=M20B-E003737; evidence=M20B-EVID-003737
NODE04249	signaling_cascade	module20_24_export	Node participates in at least one evidence-gated exported mechanism edge.
NODE04250	receptor	register_ligand_receptor_layer	edge=M20B-E003736; evidence=M20B-EVID-003736 || edge=M20B-E003737; evidence=M20B-EVID-003737
NODE04250	signaling_cascade	module20_24_export	Node participates in at least one evidence-gated exported mechanism edge.
NODE04251	signaling_cascade	module20_24_export	Node participates in at least one evidence-gated exported mechanism edge.
NODE04252	signaling_cascade	module20_24_export	Node participates in at least one evidence-gated exported mechanism edge.
NODE04253	signaling_cascade	module20_24_export	Node participates in at least one evidence-gated exported mechanism edge.
NODE04254	signaling_cascade	module20_24_export	Node participates in at least one evidence-gated exported mechanism edge.
NODE04255	signaling_cascade	module20_24_export	Node participates in at least one evidence-gated exported mechanism edge.
NODE04255	target_gene	register_target_gene_layer	edge=M22B-E006365; evidence=M22B-EVID-006538 || edge=M22B-E008514; evidence=M22B-EVID-008687
NODE04256	signaling_cascade	module20_24_export	Node participates in at least one evidence-gated exported mechanism edge.
NODE04257	signaling_cascade	module20_24_export	Node participates in at least one evidence-gated exported mechanism edge.
NODE04258	signaling_cascade	module20_24_export	Node participates in at least one evidence-gated exported mechanism edge.
NODE04259	ligand	register_ligand_receptor_layer	edge=M20B-E003739; evidence=M20B-EVID-003739;M20B-EVID-003739-P2-FUNC
NODE04259	signaling_cascade	module20_24_export	Node participates in at least one evidence-gated exported mechanism edge.
NODE04260	signaling_cascade	module20_24_export	Node participates in at least one evidence-gated exported mechanism edge.
NODE04261	signaling_cascade	module20_24_export	Node participates in at least one evidence-gated exported mechanism edge.
NODE04261	target_gene	register_target_gene_layer	edge=M22B-E006049; evidence=M22B-EVID-006222 || edge=M22B-E008217; evidence=M22B-EVID-008390 || edge=M22B-E009983; evidence=M22B-EVID-010156 || edge=M22B-E010022; evidence=M22B-EVID-010195
NODE04262	signaling_cascade	module20_24_export	Node participates in at least one evidence-gated exported mechanism edge.
NODE04263	signaling_cascade	module20_24_export	Node participates in at least one evidence-gated exported mechanism edge.
NODE04264	signaling_cascade	module20_24_export	Node participates in at least one evidence-gated exported mechanism edge.
NODE04265	signaling_cascade	module20_24_export	Node participates in at least one evidence-gated exported mechanism edge.
NODE04266	signaling_cascade	module20_24_export	Node participates in at least one evidence-gated exported mechanism edge.
NODE04267	signaling_cascade	module20_24_export	Node participates in at least one evidence-gated exported mechanism edge.
NODE04268	ligand	register_ligand_receptor_layer	edge=M20B-E003744; evidence=M20B-EVID-003744
NODE04268	signaling_cascade	module20_24_export	Node participates in at least one evidence-gated exported mechanism edge.
NODE04269	ligand	register_ligand_receptor_layer	edge=M20B-E003746; evidence=M20B-EVID-003746
NODE04269	signaling_cascade	module20_24_export	Node participates in at least one evidence-gated exported mechanism edge.
NODE04270	signaling_cascade	module20_24_export	Node participates in at least one evidence-gated exported mechanism edge.
NODE04270	target_gene	register_target_gene_layer	edge=M22B-E008608; evidence=M22B-EVID-008781
NODE04271	ligand	register_ligand_receptor_layer	edge=M20B-E003753; evidence=M20B-EVID-003753
NODE04271	signaling_cascade	module20_24_export	Node participates in at least one evidence-gated exported mechanism edge.
NODE04272	ligand	register_ligand_receptor_layer	edge=M20B-E003758; evidence=M20B-EVID-003758 || edge=M20B-E003759; evidence=M20B-EVID-003759
NODE04272	signaling_cascade	module20_24_export	Node participates in at least one evidence-gated exported mechanism edge.
NODE04272	target_gene	register_target_gene_layer	edge=M22B-E009637; evidence=M22B-EVID-009810
NODE04273	signaling_cascade	module20_24_export	Node participates in at least one evidence-gated exported mechanism edge.
NODE04274	ligand	register_ligand_receptor_layer	edge=M20B-E003762; evidence=M20B-EVID-003762 || edge=M20B-E003763; evidence=M20B-EVID-003763
NODE04274	signaling_cascade	module20_24_export	Node participates in at least one evidence-gated exported mechanism edge.
NODE04275	signaling_cascade	module20_24_export	Node participates in at least one evidence-gated exported mechanism edge.
NODE04276	signaling_cascade	module20_24_export	Node participates in at least one evidence-gated exported mechanism edge.
NODE04276	target_gene	register_target_gene_layer	edge=M22B-E008609; evidence=M22B-EVID-008782
NODE04277	signaling_cascade	module20_24_export	Node participates in at least one evidence-gated exported mechanism edge.
NODE04277	target_gene	register_target_gene_layer	edge=M22B-E008610; evidence=M22B-EVID-008783
NODE04278	signaling_cascade	module20_24_export	Node participates in at least one evidence-gated exported mechanism edge.
NODE04279	signaling_cascade	module20_24_export	Node participates in at least one evidence-gated exported mechanism edge.
NODE04280	ligand	register_ligand_receptor_layer	edge=M20B-E003767; evidence=M20B-EVID-003767;M20B-EVID-003767-P2-FUNC || edge=M20B-E003768; evidence=M20B-EVID-003768;M20B-EVID-003768-P2-FUNC
NODE04280	signaling_cascade	module20_24_export	Node participates in at least one evidence-gated exported mechanism edge.
NODE04281	signaling_cascade	module20_24_export	Node participates in at least one evidence-gated exported mechanism edge.
NODE04282	signaling_cascade	module20_24_export	Node participates in at least one evidence-gated exported mechanism edge.
NODE04283	signaling_cascade	module20_24_export	Node participates in at least one evidence-gated exported mechanism edge.
NODE04284	signaling_cascade	module20_24_export	Node participates in at least one evidence-gated exported mechanism edge.
NODE04285	signaling_cascade	module20_24_export	Node participates in at least one evidence-gated exported mechanism edge.
NODE04286	signaling_cascade	module20_24_export	Node participates in at least one evidence-gated exported mechanism edge.
NODE04287	signaling_cascade	module20_24_export	Node participates in at least one evidence-gated exported mechanism edge.
NODE04288	signaling_cascade	module20_24_export	Node participates in at least one evidence-gated exported mechanism edge.
NODE04289	signaling_cascade	module20_24_export	Node participates in at least one evidence-gated exported mechanism edge.
NODE04289	target_gene	register_target_gene_layer	edge=M22B-E006735; evidence=M22B-EVID-006908 || edge=M22B-E008891; evidence=M22B-EVID-009064
NODE04290	signaling_cascade	module20_24_export	Node participates in at least one evidence-gated exported mechanism edge.
NODE04290	target_gene	register_target_gene_layer	edge=M22B-E008892; evidence=M22B-EVID-009065
NODE04291	signaling_cascade	module20_24_export	Node participates in at least one evidence-gated exported mechanism edge.
NODE04291	target_gene	register_target_gene_layer	edge=M22B-E008319; evidence=M22B-EVID-008492 || edge=M22B-E009227; evidence=M22B-EVID-009400
NODE04292	signaling_cascade	module20_24_export	Node participates in at least one evidence-gated exported mechanism edge.
NODE04293	signaling_cascade	module20_24_export	Node participates in at least one evidence-gated exported mechanism edge.
NODE04293	target_gene	register_target_gene_layer	edge=M22B-E006736; evidence=M22B-EVID-006909 || edge=M22B-E007157; evidence=M22B-EVID-007330
NODE04294	signaling_cascade	module20_24_export	Node participates in at least one evidence-gated exported mechanism edge.
NODE04295	signaling_cascade	module20_24_export	Node participates in at least one evidence-gated exported mechanism edge.
NODE04296	signaling_cascade	module20_24_export	Node participates in at least one evidence-gated exported mechanism edge.
NODE04297	signaling_cascade	module20_24_export	Node participates in at least one evidence-gated exported mechanism edge.
NODE04297	target_gene	register_target_gene_layer	edge=M22B-E010033; evidence=M22B-EVID-010206
NODE04298	signaling_cascade	module20_24_export	Node participates in at least one evidence-gated exported mechanism edge.
NODE04299	signaling_cascade	module20_24_export	Node participates in at least one evidence-gated exported mechanism edge.
NODE04299	transcription_factor	register_target_gene_layer	edge=M22B-E010207; evidence=M22B-EVID-010380 || edge=M22B-E010625; evidence=M22B-EVID-010721
NODE04300	signaling_cascade	module20_24_export	Node participates in at least one evidence-gated exported mechanism edge.
NODE04301	signaling_cascade	module20_24_export	Node participates in at least one evidence-gated exported mechanism edge.
NODE04302	signaling_cascade	module20_24_export	Node participates in at least one evidence-gated exported mechanism edge.
NODE04303	signaling_cascade	module20_24_export	Node participates in at least one evidence-gated exported mechanism edge.
NODE04303	target_gene	register_target_gene_layer	edge=M22B-E009551; evidence=M22B-EVID-009724
NODE04304	signaling_cascade	module20_24_export	Node participates in at least one evidence-gated exported mechanism edge.
NODE04305	receptor	register_ligand_receptor_layer	edge=M20B-E002928; evidence=M20B-EVID-002928
NODE04305	signaling_cascade	module20_24_export	Node participates in at least one evidence-gated exported mechanism edge.
NODE04306	receptor	register_ligand_receptor_layer	edge=M24B-E000074; evidence=M24B-EVID-000110 || edge=M24B-E000128; evidence=M24B-EVID-000170
NODE04306	signaling_cascade	module20_24_export	Node participates in at least one evidence-gated exported mechanism edge.
NODE04307	signaling_cascade	module20_24_export	Node participates in at least one evidence-gated exported mechanism edge.
NODE04308	signaling_cascade	module20_24_export	Node participates in at least one evidence-gated exported mechanism edge.
NODE04308	transcription_factor	register_target_gene_layer	edge=M22B-E010423; evidence=M22B-EVID-010595
NODE04309	signaling_cascade	module20_24_export	Node participates in at least one evidence-gated exported mechanism edge.
NODE04309	target_gene	register_target_gene_layer	edge=M22B-E006737; evidence=M22B-EVID-006910 || edge=M22B-E009463; evidence=M22B-EVID-009636
NODE04310	signaling_cascade	module20_24_export	Node participates in at least one evidence-gated exported mechanism edge.
NODE04310	target_gene	register_target_gene_layer	edge=M22B-E009464; evidence=M22B-EVID-009637
NODE04311	signaling_cascade	module20_24_export	Node participates in at least one evidence-gated exported mechanism edge.
NODE04312	ligand	register_ligand_receptor_layer	edge=M20B-E001250; evidence=M20B-EVID-001250 || edge=M20B-E001251; evidence=M20B-EVID-001251
NODE04312	signaling_cascade	module20_24_export	Node participates in at least one evidence-gated exported mechanism edge.
NODE04312	target_gene	register_target_gene_layer	edge=M22B-E009408; evidence=M22B-EVID-009581 || edge=M22B-E009552; evidence=M22B-EVID-009725
NODE04313	signaling_cascade	module20_24_export	Node participates in at least one evidence-gated exported mechanism edge.
NODE04314	signaling_cascade	module20_24_export	Node participates in at least one evidence-gated exported mechanism edge.
NODE04315	signaling_cascade	module20_24_export	Node participates in at least one evidence-gated exported mechanism edge.
NODE04316	signaling_cascade	module20_24_export	Node participates in at least one evidence-gated exported mechanism edge.
NODE04316	target_gene	register_target_gene_layer	edge=M22B-E010006; evidence=M22B-EVID-010179
NODE04317	signaling_cascade	module20_24_export	Node participates in at least one evidence-gated exported mechanism edge.
NODE04318	signaling_cascade	module20_24_export	Node participates in at least one evidence-gated exported mechanism edge.
NODE04319	signaling_cascade	module20_24_export	Node participates in at least one evidence-gated exported mechanism edge.
NODE04320	signaling_cascade	module20_24_export	Node participates in at least one evidence-gated exported mechanism edge.
NODE04320	target_gene	register_target_gene_layer	edge=M22B-E007158; evidence=M22B-EVID-007331
NODE04321	signaling_cascade	module20_24_export	Node participates in at least one evidence-gated exported mechanism edge.
NODE04322	signaling_cascade	module20_24_export	Node participates in at least one evidence-gated exported mechanism edge.
NODE04323	signaling_cascade	module20_24_export	Node participates in at least one evidence-gated exported mechanism edge.
NODE04324	signaling_cascade	module20_24_export	Node participates in at least one evidence-gated exported mechanism edge.
NODE04325	signaling_cascade	module20_24_export	Node participates in at least one evidence-gated exported mechanism edge.
NODE04325	target_gene	register_target_gene_layer	edge=M22B-E007430; evidence=M22B-EVID-007603
NODE04326	signaling_cascade	module20_24_export	Node participates in at least one evidence-gated exported mechanism edge.
NODE04327	signaling_cascade	module20_24_export	Node participates in at least one evidence-gated exported mechanism edge.
NODE04328	signaling_cascade	module20_24_export	Node participates in at least one evidence-gated exported mechanism edge.
NODE04328	target_gene	register_target_gene_layer	edge=M22B-E007159; evidence=M22B-EVID-007332
NODE04329	signaling_cascade	module20_24_export	Node participates in at least one evidence-gated exported mechanism edge.
NODE04330	signaling_cascade	module20_24_export	Node participates in at least one evidence-gated exported mechanism edge.
NODE04331	signaling_cascade	module20_24_export	Node participates in at least one evidence-gated exported mechanism edge.
NODE04331	target_gene	register_target_gene_layer	edge=M22B-E009553; evidence=M22B-EVID-009726
NODE04332	signaling_cascade	module20_24_export	Node participates in at least one evidence-gated exported mechanism edge.
NODE04333	signaling_cascade	module20_24_export	Node participates in at least one evidence-gated exported mechanism edge.
NODE04334	ligand	register_ligand_receptor_layer	edge=M20B-E003785; evidence=M20B-EVID-003785 || edge=M20B-E003786; evidence=M20B-EVID-003786
NODE04334	signaling_cascade	module20_24_export	Node participates in at least one evidence-gated exported mechanism edge.
NODE04335	receptor	register_ligand_receptor_layer	edge=M20B-E003785; evidence=M20B-EVID-003785
NODE04335	signaling_cascade	module20_24_export	Node participates in at least one evidence-gated exported mechanism edge.
NODE04336	signaling_cascade	module20_24_export	Node participates in at least one evidence-gated exported mechanism edge.
NODE04337	signaling_cascade	module20_24_export	Node participates in at least one evidence-gated exported mechanism edge.
NODE04338	receptor	register_ligand_receptor_layer	edge=M20B-E003786; evidence=M20B-EVID-003786
NODE04338	signaling_cascade	module20_24_export	Node participates in at least one evidence-gated exported mechanism edge.
NODE04339	signaling_cascade	module20_24_export	Node participates in at least one evidence-gated exported mechanism edge.
NODE04340	signaling_cascade	module20_24_export	Node participates in at least one evidence-gated exported mechanism edge.
NODE04341	signaling_cascade	module20_24_export	Node participates in at least one evidence-gated exported mechanism edge.
NODE04342	signaling_cascade	module20_24_export	Node participates in at least one evidence-gated exported mechanism edge.
NODE04342	target_gene	register_target_gene_layer	edge=M22B-E006738; evidence=M22B-EVID-006911
NODE04343	signaling_cascade	module20_24_export	Node participates in at least one evidence-gated exported mechanism edge.
NODE04343	target_gene	register_target_gene_layer	edge=M22B-E007160; evidence=M22B-EVID-007333 || edge=M22B-E007431; evidence=M22B-EVID-007604
NODE04344	signaling_cascade	module20_24_export	Node participates in at least one evidence-gated exported mechanism edge.
NODE04345	signaling_cascade	module20_24_export	Node participates in at least one evidence-gated exported mechanism edge.
NODE04346	signaling_cascade	module20_24_export	Node participates in at least one evidence-gated exported mechanism edge.
NODE04347	signaling_cascade	module20_24_export	Node participates in at least one evidence-gated exported mechanism edge.
NODE04348	signaling_cascade	module20_24_export	Node participates in at least one evidence-gated exported mechanism edge.
NODE04348	target_gene	register_target_gene_layer	edge=M22B-E007432; evidence=M22B-EVID-007605
NODE04349	signaling_cascade	module20_24_export	Node participates in at least one evidence-gated exported mechanism edge.
NODE04349	target_gene	register_target_gene_layer	edge=M22B-E009465; evidence=M22B-EVID-009638
NODE04350	signaling_cascade	module20_24_export	Node participates in at least one evidence-gated exported mechanism edge.
NODE04351	signaling_cascade	module20_24_export	Node participates in at least one evidence-gated exported mechanism edge.
NODE04352	signaling_cascade	module20_24_export	Node participates in at least one evidence-gated exported mechanism edge.
NODE04353	signaling_cascade	module20_24_export	Node participates in at least one evidence-gated exported mechanism edge.
NODE04354	signaling_cascade	module20_24_export	Node participates in at least one evidence-gated exported mechanism edge.
NODE04355	ligand	register_ligand_receptor_layer	edge=M24B-E000043; evidence=M24B-EVID-000064;M24B-EVID-000091 || edge=M24B-E000044; evidence=M24B-EVID-000065;M24B-EVID-000092 || edge=M24B-E000045; evidence=M24B-EVID-000066;M24B-EVID-000093
NODE04355	signaling_cascade	module20_24_export	Node participates in at least one evidence-gated exported mechanism edge.
NODE04356	signaling_cascade	module20_24_export	Node participates in at least one evidence-gated exported mechanism edge.
NODE04357	signaling_cascade	module20_24_export	Node participates in at least one evidence-gated exported mechanism edge.
NODE04358	signaling_cascade	module20_24_export	Node participates in at least one evidence-gated exported mechanism edge.
NODE04359	signaling_cascade	module20_24_export	Node participates in at least one evidence-gated exported mechanism edge.
NODE04360	signaling_cascade	module20_24_export	Node participates in at least one evidence-gated exported mechanism edge.
NODE04361	signaling_cascade	module20_24_export	Node participates in at least one evidence-gated exported mechanism edge.
NODE04362	signaling_cascade	module20_24_export	Node participates in at least one evidence-gated exported mechanism edge.
NODE04363	signaling_cascade	module20_24_export	Node participates in at least one evidence-gated exported mechanism edge.
NODE04364	signaling_cascade	module20_24_export	Node participates in at least one evidence-gated exported mechanism edge.
NODE04365	signaling_cascade	module20_24_export	Node participates in at least one evidence-gated exported mechanism edge.
NODE04365	target_gene	register_target_gene_layer	edge=M22B-E006739; evidence=M22B-EVID-006912
NODE04366	signaling_cascade	module20_24_export	Node participates in at least one evidence-gated exported mechanism edge.
NODE04366	target_gene	register_target_gene_layer	edge=M22B-E006740; evidence=M22B-EVID-006913 || edge=M22B-E008893; evidence=M22B-EVID-009066
NODE04367	signaling_cascade	module20_24_export	Node participates in at least one evidence-gated exported mechanism edge.
NODE04367	target_gene	register_target_gene_layer	edge=M22B-E000307; evidence=M22B-EVID-000166 || edge=M22B-E005901; evidence=M22B-EVID-006074 || edge=M22B-E006741; evidence=M22B-EVID-006914 || edge=M22B-E008075; evidence=M22B-EVID-008248 || edge=M22B-E008894; evidence=M22B-EVID-009067 || edge=M22B-E010250; evidence=M22B-EVID-010423
NODE04368	signaling_cascade	module20_24_export	Node participates in at least one evidence-gated exported mechanism edge.
NODE04369	signaling_cascade	module20_24_export	Node participates in at least one evidence-gated exported mechanism edge.
NODE04370	signaling_cascade	module20_24_export	Node participates in at least one evidence-gated exported mechanism edge.
NODE04370	target_gene	register_target_gene_layer	edge=M22B-E010104; evidence=M22B-EVID-010277 || edge=M22B-E010253; evidence=M22B-EVID-010426
NODE04371	signaling_cascade	module20_24_export	Node participates in at least one evidence-gated exported mechanism edge.
NODE04372	signaling_cascade	module20_24_export	Node participates in at least one evidence-gated exported mechanism edge.
NODE04373	signaling_cascade	module20_24_export	Node participates in at least one evidence-gated exported mechanism edge.
NODE04374	signaling_cascade	module20_24_export	Node participates in at least one evidence-gated exported mechanism edge.
NODE04374	target_gene	register_target_gene_layer	edge=M22B-E006366; evidence=M22B-EVID-006539 || edge=M22B-E006519; evidence=M22B-EVID-006692 || edge=M22B-E010103; evidence=M22B-EVID-010276 || edge=M22B-E010252; evidence=M22B-EVID-010425
NODE04375	signaling_cascade	module20_24_export	Node participates in at least one evidence-gated exported mechanism edge.
NODE04375	target_gene	register_target_gene_layer	edge=M22B-E009718; evidence=M22B-EVID-009891
NODE04376	signaling_cascade	module20_24_export	Node participates in at least one evidence-gated exported mechanism edge.
NODE04376	target_gene	register_target_gene_layer	edge=M22B-E010580; evidence=M22B-EVID-010676
NODE04377	signaling_cascade	module20_24_export	Node participates in at least one evidence-gated exported mechanism edge.
NODE04378	signaling_cascade	module20_24_export	Node participates in at least one evidence-gated exported mechanism edge.
NODE04379	ligand	register_ligand_receptor_layer	edge=M20B-E003795; evidence=M20B-EVID-003795 || edge=M20B-E003797; evidence=M20B-EVID-003797
NODE04379	signaling_cascade	module20_24_export	Node participates in at least one evidence-gated exported mechanism edge.
NODE04379	target_gene	register_target_gene_layer	edge=M22B-E007782; evidence=M22B-EVID-007955 || edge=M22B-E009228; evidence=M22B-EVID-009401 || edge=M22B-E009554; evidence=M22B-EVID-009727 || edge=M22B-E009845; evidence=M22B-EVID-010018
NODE04380	signaling_cascade	module20_24_export	Node participates in at least one evidence-gated exported mechanism edge.
NODE04381	signaling_cascade	module20_24_export	Node participates in at least one evidence-gated exported mechanism edge.
NODE04382	signaling_cascade	module20_24_export	Node participates in at least one evidence-gated exported mechanism edge.
NODE04383	signaling_cascade	module20_24_export	Node participates in at least one evidence-gated exported mechanism edge.
NODE04384	signaling_cascade	module20_24_export	Node participates in at least one evidence-gated exported mechanism edge.
NODE04385	signaling_cascade	module20_24_export	Node participates in at least one evidence-gated exported mechanism edge.
NODE04385	transcription_factor	register_target_gene_layer	edge=M22B-E009964; evidence=M22B-EVID-010137 || edge=M22B-E010062; evidence=M22B-EVID-010235 || edge=M22B-E010063; evidence=M22B-EVID-010236
NODE04386	receptor	register_ligand_receptor_layer	edge=M20B-E003235; evidence=M20B-EVID-003235 || edge=M20B-E003898; evidence=M20B-EVID-003898;M20B-EVID-003898-P2-DIRECT;M20B-EVID-003898-P2-FUNC || edge=M20B-E004915; evidence=M20B-EVID-004915;M20B-EVID-004915-P2-DIRECT;M20B-EVID-004915-P2-FUNC;M20B-EVID-004915-P2-RELAY
NODE04386	signaling_cascade	module20_24_export	Node participates in at least one evidence-gated exported mechanism edge.
NODE04386	target_gene	register_target_gene_layer	edge=M22B-E010030; evidence=M22B-EVID-010203
NODE04387	signaling_cascade	module20_24_export	Node participates in at least one evidence-gated exported mechanism edge.
NODE04388	signaling_cascade	module20_24_export	Node participates in at least one evidence-gated exported mechanism edge.
NODE04389	signaling_cascade	module20_24_export	Node participates in at least one evidence-gated exported mechanism edge.
NODE04390	signaling_cascade	module20_24_export	Node participates in at least one evidence-gated exported mechanism edge.
NODE04390	target_gene	register_target_gene_layer	edge=M22B-E007783; evidence=M22B-EVID-007956 || edge=M22B-E009229; evidence=M22B-EVID-009402
NODE04390	transcription_factor	register_target_gene_layer	edge=M22B-E010219; evidence=M22B-EVID-010392
NODE04391	signaling_cascade	module20_24_export	Node participates in at least one evidence-gated exported mechanism edge.
NODE04392	signaling_cascade	module20_24_export	Node participates in at least one evidence-gated exported mechanism edge.
NODE04393	signaling_cascade	module20_24_export	Node participates in at least one evidence-gated exported mechanism edge.
NODE04393	target_gene	register_target_gene_layer	edge=M22B-E005902; evidence=M22B-EVID-006075 || edge=M22B-E006742; evidence=M22B-EVID-006915 || edge=M22B-E008076; evidence=M22B-EVID-008249 || edge=M22B-E008895; evidence=M22B-EVID-009068 || edge=M22B-E009509; evidence=M22B-EVID-009682 || edge=M22B-E009797; evidence=M22B-EVID-009970
NODE04393	transcription_factor	register_target_gene_layer	edge=M22B-E005746; evidence=M22B-EVID-005919 || edge=M22B-E005747; evidence=M22B-EVID-005920 || edge=M22B-E005748; evidence=M22B-EVID-005921 || edge=M22B-E005749; evidence=M22B-EVID-005922 || edge=M22B-E006304; evidence=M22B-EVID-006477 || edge=M22B-E006305; evidence=M22B-EVID-006478 || edge=M22B-E006306; evidence=M22B-EVID-006479 || edge=M22B-E006307; evidence=M22B-EVID-006480 || edge=M22B-E006308; evidence=M22B-EVID-006481 || edge=M22B-E006309; evidence=M22B-EVID-006482 || edge=M22B-E006310; evidence=M22B-EVID-006483 || edge=M22B-E006311; evidence=M22B-EVID-006484 || edge=M22B-E006312; evidence=M22B-EVID-006485 || edge=M22B-E006313; evidence=M22B-EVID-006486 || edge=M22B-E006314; evidence=M22B-EVID-006487 || edge=M22B-E006315; evidence=M22B-EVID-006488 || edge=M22B-E006316; evidence=M22B-EVID-006489 || edge=M22B-E006317; evidence=M22B-EVID-006490 || edge=M22B-E006318; evidence=M22B-EVID-006491 || edge=M22B-E006319; evidence=M22B-EVID-006492 || edge=M22B-E006320; evidence=M22B-EVID-006493 || edge=M22B-E006321; evidence=M22B-EVID-006494 || edge=M22B-E006322; evidence=M22B-EVID-006495 || edge=M22B-E006323; evidence=M22B-EVID-006496 || edge=M22B-E006324; evidence=M22B-EVID-006497 || edge=M22B-E006325; evidence=M22B-EVID-006498 || edge=M22B-E006326; evidence=M22B-EVID-006499 || edge=M22B-E006327; evidence=M22B-EVID-006500 || edge=M22B-E006328; evidence=M22B-EVID-006501 || edge=M22B-E006329; evidence=M22B-EVID-006502 || edge=M22B-E006330; evidence=M22B-EVID-006503 || edge=M22B-E006331; evidence=M22B-EVID-006504 || edge=M22B-E006332; evidence=M22B-EVID-006505 || edge=M22B-E006333; evidence=M22B-EVID-006506 || edge=M22B-E006334; evidence=M22B-EVID-006507 || edge=M22B-E006335; evidence=M22B-EVID-006508 || edge=M22B-E006336; evidence=M22B-EVID-006509 || edge=M22B-E006337; evidence=M22B-EVID-006510 || edge=M22B-E006338; evidence=M22B-EVID-006511 || edge=M22B-E006339; evidence=M22B-EVID-006512 || edge=M22B-E006340; evidence=M22B-EVID-006513 || edge=M22B-E006341; evidence=M22B-EVID-006514 || edge=M22B-E006342; evidence=M22B-EVID-006515 || edge=M22B-E006343; evidence=M22B-EVID-006516 || edge=M22B-E006344; evidence=M22B-EVID-006517 || edge=M22B-E006345; evidence=M22B-EVID-006518 || edge=M22B-E006346; evidence=M22B-EVID-006519 || edge=M22B-E006347; evidence=M22B-EVID-006520 || edge=M22B-E006348; evidence=M22B-EVID-006521 || edge=M22B-E006349; evidence=M22B-EVID-006522 || edge=M22B-E006350; evidence=M22B-EVID-006523 || edge=M22B-E006351; evidence=M22B-EVID-006524 || edge=M22B-E006352; evidence=M22B-EVID-006525 || edge=M22B-E006353; evidence=M22B-EVID-006526 || edge=M22B-E006354; evidence=M22B-EVID-006527 || edge=M22B-E006355; evidence=M22B-EVID-006528 || edge=M22B-E006356; evidence=M22B-EVID-006529 || edge=M22B-E006357; evidence=M22B-EVID-006530 || edge=M22B-E006358; evidence=M22B-EVID-006531 || edge=M22B-E006359; evidence=M22B-EVID-006532 || edge=M22B-E006360; evidence=M22B-EVID-006533 || edge=M22B-E006361; evidence=M22B-EVID-006534 || edge=M22B-E006362; evidence=M22B-EVID-006535 || edge=M22B-E006363; evidence=M22B-EVID-006536 || edge=M22B-E006364; evidence=M22B-EVID-006537 || edge=M22B-E006365; evidence=M22B-EVID-006538 || edge=M22B-E006366; evidence=M22B-EVID-006539 || edge=M22B-E006367; evidence=M22B-EVID-006540 || edge=M22B-E006368; evidence=M22B-EVID-006541 || edge=M22B-E006369; evidence=M22B-EVID-006542 || edge=M22B-E006370; evidence=M22B-EVID-006543 || edge=M22B-E006371; evidence=M22B-EVID-006544 || edge=M22B-E006372; evidence=M22B-EVID-006545 || edge=M22B-E006373; evidence=M22B-EVID-006546 || edge=M22B-E006374; evidence=M22B-EVID-006547 || edge=M22B-E006375; evidence=M22B-EVID-006548 || edge=M22B-E006376; evidence=M22B-EVID-006549 || edge=M22B-E006377; evidence=M22B-EVID-006550 || edge=M22B-E006378; evidence=M22B-EVID-006551 || edge=M22B-E006379; evidence=M22B-EVID-006552 || edge=M22B-E006380; evidence=M22B-EVID-006553 || edge=M22B-E006381; evidence=M22B-EVID-006554 || edge=M22B-E006382; evidence=M22B-EVID-006555 || edge=M22B-E006383; evidence=M22B-EVID-006556 || edge=M22B-E006384; evidence=M22B-EVID-006557 || edge=M22B-E006385; evidence=M22B-EVID-006558 || edge=M22B-E006386; evidence=M22B-EVID-006559 || edge=M22B-E006387; evidence=M22B-EVID-006560 || edge=M22B-E006388; evidence=M22B-EVID-006561 || edge=M22B-E006389; evidence=M22B-EVID-006562 || edge=M22B-E006390; evidence=M22B-EVID-006563 || edge=M22B-E006391; evidence=M22B-EVID-006564 || edge=M22B-E006392; evidence=M22B-EVID-006565 || edge=M22B-E006393; evidence=M22B-EVID-006566 || edge=M22B-E006394; evidence=M22B-EVID-006567 || edge=M22B-E006395; evidence=M22B-EVID-006568 || edge=M22B-E006396; evidence=M22B-EVID-006569 || edge=M22B-E006397; evidence=M22B-EVID-006570 || edge=M22B-E006398; evidence=M22B-EVID-006571 || edge=M22B-E006399; evidence=M22B-EVID-006572 || edge=M22B-E006400; evidence=M22B-EVID-006573 || edge=M22B-E006401; evidence=M22B-EVID-006574 || edge=M22B-E006402; evidence=M22B-EVID-006575 || edge=M22B-E006403; evidence=M22B-EVID-006576 || edge=M22B-E006404; evidence=M22B-EVID-006577 || edge=M22B-E006405; evidence=M22B-EVID-006578 || edge=M22B-E006406; evidence=M22B-EVID-006579 || edge=M22B-E006407; evidence=M22B-EVID-006580 || edge=M22B-E006408; evidence=M22B-EVID-006581 || edge=M22B-E006409; evidence=M22B-EVID-006582 || edge=M22B-E006410; evidence=M22B-EVID-006583 || edge=M22B-E006411; evidence=M22B-EVID-006584 || edge=M22B-E006412; evidence=M22B-EVID-006585 || edge=M22B-E006413; evidence=M22B-EVID-006586 || edge=M22B-E006414; evidence=M22B-EVID-006587 || edge=M22B-E006415; evidence=M22B-EVID-006588 || edge=M22B-E006416; evidence=M22B-EVID-006589 || edge=M22B-E006417; evidence=M22B-EVID-006590 || edge=M22B-E006418; evidence=M22B-EVID-006591 || edge=M22B-E006419; evidence=M22B-EVID-006592 || edge=M22B-E006420; evidence=M22B-EVID-006593 || edge=M22B-E006421; evidence=M22B-EVID-006594 || edge=M22B-E006422; evidence=M22B-EVID-006595 || edge=M22B-E006423; evidence=M22B-EVID-006596 || edge=M22B-E006424; evidence=M22B-EVID-006597 || edge=M22B-E006425; evidence=M22B-EVID-006598 || edge=M22B-E006426; evidence=M22B-EVID-006599 || edge=M22B-E006427; evidence=M22B-EVID-006600 || edge=M22B-E006428; evidence=M22B-EVID-006601 || edge=M22B-E006429; evidence=M22B-EVID-006602 || edge=M22B-E006430; evidence=M22B-EVID-006603 || edge=M22B-E006431; evidence=M22B-EVID-006604 || edge=M22B-E006432; evidence=M22B-EVID-006605 || edge=M22B-E006433; evidence=M22B-EVID-006606 || edge=M22B-E006434; evidence=M22B-EVID-006607 || edge=M22B-E006435; evidence=M22B-EVID-006608 || edge=M22B-E006436; evidence=M22B-EVID-006609 || edge=M22B-E006437; evidence=M22B-EVID-006610 || edge=M22B-E006438; evidence=M22B-EVID-006611 || edge=M22B-E006439; evidence=M22B-EVID-006612 || edge=M22B-E006440; evidence=M22B-EVID-006613 || edge=M22B-E006441; evidence=M22B-EVID-006614 || edge=M22B-E006442; evidence=M22B-EVID-006615 || edge=M22B-E006443; evidence=M22B-EVID-006616 || edge=M22B-E006444; evidence=M22B-EVID-006617 || edge=M22B-E006445; evidence=M22B-EVID-006618 || edge=M22B-E008445; evidence=M22B-EVID-008618 || edge=M22B-E008446; evidence=M22B-EVID-008619 || edge=M22B-E008447; evidence=M22B-EVID-008620 || edge=M22B-E008448; evidence=M22B-EVID-008621 || edge=M22B-E008449; evidence=M22B-EVID-008622 || edge=M22B-E008450; evidence=M22B-EVID-008623 || edge=M22B-E008451; evidence=M22B-EVID-008624 || edge=M22B-E008452; evidence=M22B-EVID-008625 || edge=M22B-E008453; evidence=M22B-EVID-008626 || edge=M22B-E008454; evidence=M22B-EVID-008627 || edge=M22B-E008455; evidence=M22B-EVID-008628 || edge=M22B-E008456; evidence=M22B-EVID-008629 || edge=M22B-E008457; evidence=M22B-EVID-008630 || edge=M22B-E008458; evidence=M22B-EVID-008631 || edge=M22B-E008459; evidence=M22B-EVID-008632 || edge=M22B-E008460; evidence=M22B-EVID-008633 || edge=M22B-E008461; evidence=M22B-EVID-008634 || edge=M22B-E008462; evidence=M22B-EVID-008635 || edge=M22B-E008463; evidence=M22B-EVID-008636 || edge=M22B-E008464; evidence=M22B-EVID-008637 || edge=M22B-E008465; evidence=M22B-EVID-008638 || edge=M22B-E008466; evidence=M22B-EVID-008639 || edge=M22B-E008467; evidence=M22B-EVID-008640 || edge=M22B-E008468; evidence=M22B-EVID-008641 || edge=M22B-E008469; evidence=M22B-EVID-008642 || edge=M22B-E008470; evidence=M22B-EVID-008643 || edge=M22B-E008471; evidence=M22B-EVID-008644 || edge=M22B-E008472; evidence=M22B-EVID-008645 || edge=M22B-E008473; evidence=M22B-EVID-008646 || edge=M22B-E008474; evidence=M22B-EVID-008647 || edge=M22B-E008475; evidence=M22B-EVID-008648 || edge=M22B-E008476; evidence=M22B-EVID-008649 || edge=M22B-E008477; evidence=M22B-EVID-008650 || edge=M22B-E008478; evidence=M22B-EVID-008651 || edge=M22B-E008479; evidence=M22B-EVID-008652 || edge=M22B-E008480; evidence=M22B-EVID-008653 || edge=M22B-E008481; evidence=M22B-EVID-008654 || edge=M22B-E008482; evidence=M22B-EVID-008655 || edge=M22B-E008483; evidence=M22B-EVID-008656 || edge=M22B-E008484; evidence=M22B-EVID-008657 || edge=M22B-E008485; evidence=M22B-EVID-008658 || edge=M22B-E008486; evidence=M22B-EVID-008659 || edge=M22B-E008487; evidence=M22B-EVID-008660 || edge=M22B-E008488; evidence=M22B-EVID-008661 || edge=M22B-E008489; evidence=M22B-EVID-008662 || edge=M22B-E008490; evidence=M22B-EVID-008663 || edge=M22B-E008491; evidence=M22B-EVID-008664 || edge=M22B-E008492; evidence=M22B-EVID-008665 || edge=M22B-E008493; evidence=M22B-EVID-008666 || edge=M22B-E008494; evidence=M22B-EVID-008667 || edge=M22B-E008495; evidence=M22B-EVID-008668 || edge=M22B-E008496; evidence=M22B-EVID-008669 || edge=M22B-E008497; evidence=M22B-EVID-008670 || edge=M22B-E008498; evidence=M22B-EVID-008671 || edge=M22B-E008499; evidence=M22B-EVID-008672 || edge=M22B-E008500; evidence=M22B-EVID-008673 || edge=M22B-E008501; evidence=M22B-EVID-008674 || edge=M22B-E008502; evidence=M22B-EVID-008675 || edge=M22B-E008503; evidence=M22B-EVID-008676 || edge=M22B-E008504; evidence=M22B-EVID-008677 || edge=M22B-E008505; evidence=M22B-EVID-008678 || edge=M22B-E008506; evidence=M22B-EVID-008679 || edge=M22B-E008507; evidence=M22B-EVID-008680 || edge=M22B-E008508; evidence=M22B-EVID-008681 || edge=M22B-E008509; evidence=M22B-EVID-008682 || edge=M22B-E008510; evidence=M22B-EVID-008683 || edge=M22B-E008511; evidence=M22B-EVID-008684 || edge=M22B-E008512; evidence=M22B-EVID-008685 || edge=M22B-E008513; evidence=M22B-EVID-008686 || edge=M22B-E008514; evidence=M22B-EVID-008687 || edge=M22B-E008515; evidence=M22B-EVID-008688 || edge=M22B-E008516; evidence=M22B-EVID-008689 || edge=M22B-E008517; evidence=M22B-EVID-008690 || edge=M22B-E008518; evidence=M22B-EVID-008691 || edge=M22B-E008519; evidence=M22B-EVID-008692 || edge=M22B-E008520; evidence=M22B-EVID-008693 || edge=M22B-E008521; evidence=M22B-EVID-008694 || edge=M22B-E008522; evidence=M22B-EVID-008695 || edge=M22B-E008523; evidence=M22B-EVID-008696 || edge=M22B-E008524; evidence=M22B-EVID-008697 || edge=M22B-E008525; evidence=M22B-EVID-008698 || edge=M22B-E008526; evidence=M22B-EVID-008699 || edge=M22B-E008527; evidence=M22B-EVID-008700 || edge=M22B-E008528; evidence=M22B-EVID-008701 || edge=M22B-E008529; evidence=M22B-EVID-008702 || edge=M22B-E008530; evidence=M22B-EVID-008703 || edge=M22B-E008531; evidence=M22B-EVID-008704 || edge=M22B-E008532; evidence=M22B-EVID-008705 || edge=M22B-E008533; evidence=M22B-EVID-008706 || edge=M22B-E008534; evidence=M22B-EVID-008707 || edge=M22B-E008535; evidence=M22B-EVID-008708 || edge=M22B-E008536; evidence=M22B-EVID-008709 || edge=M22B-E008537; evidence=M22B-EVID-008710 || edge=M22B-E008538; evidence=M22B-EVID-008711 || edge=M22B-E008539; evidence=M22B-EVID-008712 || edge=M22B-E008540; evidence=M22B-EVID-008713 || edge=M22B-E008541; evidence=M22B-EVID-008714 || edge=M22B-E008542; evidence=M22B-EVID-008715 || edge=M22B-E008543; evidence=M22B-EVID-008716 || edge=M22B-E008544; evidence=M22B-EVID-008717 || edge=M22B-E008545; evidence=M22B-EVID-008718 || edge=M22B-E008546; evidence=M22B-EVID-008719 || edge=M22B-E008547; evidence=M22B-EVID-008720 || edge=M22B-E008548; evidence=M22B-EVID-008721 || edge=M22B-E008549; evidence=M22B-EVID-008722 || edge=M22B-E008550; evidence=M22B-EVID-008723 || edge=M22B-E008551; evidence=M22B-EVID-008724 || edge=M22B-E008552; evidence=M22B-EVID-008725 || edge=M22B-E008553; evidence=M22B-EVID-008726 || edge=M22B-E008554; evidence=M22B-EVID-008727 || edge=M22B-E008555; evidence=M22B-EVID-008728 || edge=M22B-E008556; evidence=M22B-EVID-008729 || edge=M22B-E008557; evidence=M22B-EVID-008730 || edge=M22B-E008558; evidence=M22B-EVID-008731 || edge=M22B-E008559; evidence=M22B-EVID-008732 || edge=M22B-E008560; evidence=M22B-EVID-008733 || edge=M22B-E008561; evidence=M22B-EVID-008734 || edge=M22B-E008562; evidence=M22B-EVID-008735 || edge=M22B-E008563; evidence=M22B-EVID-008736 || edge=M22B-E008564; evidence=M22B-EVID-008737 || edge=M22B-E008565; evidence=M22B-EVID-008738 || edge=M22B-E008566; evidence=M22B-EVID-008739 || edge=M22B-E008567; evidence=M22B-EVID-008740 || edge=M22B-E008568; evidence=M22B-EVID-008741 || edge=M22B-E008569; evidence=M22B-EVID-008742 || edge=M22B-E008570; evidence=M22B-EVID-008743 || edge=M22B-E008571; evidence=M22B-EVID-008744 || edge=M22B-E008572; evidence=M22B-EVID-008745 || edge=M22B-E008573; evidence=M22B-EVID-008746 || edge=M22B-E008574; evidence=M22B-EVID-008747 || edge=M22B-E008575; evidence=M22B-EVID-008748 || edge=M22B-E008576; evidence=M22B-EVID-008749 || edge=M22B-E008577; evidence=M22B-EVID-008750 || edge=M22B-E008578; evidence=M22B-EVID-008751 || edge=M22B-E008579; evidence=M22B-EVID-008752 || edge=M22B-E008580; evidence=M22B-EVID-008753 || edge=M22B-E008581; evidence=M22B-EVID-008754 || edge=M22B-E008582; evidence=M22B-EVID-008755 || edge=M22B-E008583; evidence=M22B-EVID-008756 || edge=M22B-E008584; evidence=M22B-EVID-008757 || edge=M22B-E008585; evidence=M22B-EVID-008758 || edge=M22B-E008586; evidence=M22B-EVID-008759 || edge=M22B-E008587; evidence=M22B-EVID-008760 || edge=M22B-E008588; evidence=M22B-EVID-008761 || edge=M22B-E008589; evidence=M22B-EVID-008762 || edge=M22B-E008590; evidence=M22B-EVID-008763 || edge=M22B-E008591; evidence=M22B-EVID-008764 || edge=M22B-E008592; evidence=M22B-EVID-008765 || edge=M22B-E008593; evidence=M22B-EVID-008766 || edge=M22B-E008594; evidence=M22B-EVID-008767 || edge=M22B-E009398; evidence=M22B-EVID-009571 || edge=M22B-E009399; evidence=M22B-EVID-009572 || edge=M22B-E009400; evidence=M22B-EVID-009573 || edge=M22B-E009401; evidence=M22B-EVID-009574 || edge=M22B-E009402; evidence=M22B-EVID-009575 || edge=M22B-E009403; evidence=M22B-EVID-009576 || edge=M22B-E009404; evidence=M22B-EVID-009577 || edge=M22B-E009405; evidence=M22B-EVID-009578 || edge=M22B-E009406; evidence=M22B-EVID-009579 || edge=M22B-E009407; evidence=M22B-EVID-009580 || edge=M22B-E009408; evidence=M22B-EVID-009581 || edge=M22B-E009409; evidence=M22B-EVID-009582 || edge=M22B-E009410; evidence=M22B-EVID-009583 || edge=M22B-E009411; evidence=M22B-EVID-009584 || edge=M22B-E009412; evidence=M22B-EVID-009585 || edge=M22B-E009413; evidence=M22B-EVID-009586 || edge=M22B-E009414; evidence=M22B-EVID-009587 || edge=M22B-E009415; evidence=M22B-EVID-009588 || edge=M22B-E009416; evidence=M22B-EVID-009589 || edge=M22B-E009417; evidence=M22B-EVID-009590 || edge=M22B-E009418; evidence=M22B-EVID-009591 || edge=M22B-E009714; evidence=M22B-EVID-009887 || edge=M22B-E009715; evidence=M22B-EVID-009888 || edge=M22B-E009716; evidence=M22B-EVID-009889 || edge=M22B-E009717; evidence=M22B-EVID-009890 || edge=M22B-E009718; evidence=M22B-EVID-009891 || edge=M22B-E009719; evidence=M22B-EVID-009892 || edge=M22B-E009720; evidence=M22B-EVID-009893 || edge=M22B-E009721; evidence=M22B-EVID-009894 || edge=M22B-E010064; evidence=M22B-EVID-010237 || edge=M22B-E010065; evidence=M22B-EVID-010238 || edge=M22B-E010202; evidence=M22B-EVID-010375 || edge=M22B-E010299; evidence=M22B-EVID-010471 || edge=M22B-E010312; evidence=M22B-EVID-010484 || edge=M22B-E010316; evidence=M22B-EVID-010488 || edge=M22B-E010379; evidence=M22B-EVID-010551 || edge=M22B-E010390; evidence=M22B-EVID-010562 || edge=M22B-E010392; evidence=M22B-EVID-010564 || edge=M22B-E010393; evidence=M22B-EVID-010565 || edge=M22B-E010434; evidence=M22B-EVID-010604 || edge=M22B-E010547; evidence=M22B-EVID-010654 || edge=M22B-E010549; evidence=M22B-EVID-010654
NODE04394	signaling_cascade	module20_24_export	Node participates in at least one evidence-gated exported mechanism edge.
NODE04395	signaling_cascade	module20_24_export	Node participates in at least one evidence-gated exported mechanism edge.
NODE04396	signaling_cascade	module20_24_export	Node participates in at least one evidence-gated exported mechanism edge.
NODE04397	signaling_cascade	module20_24_export	Node participates in at least one evidence-gated exported mechanism edge.
NODE04397	transcription_factor	register_target_gene_layer	edge=M22B-E000205; evidence=M22B-EVID-000383
NODE04398	signaling_cascade	module20_24_export	Node participates in at least one evidence-gated exported mechanism edge.
NODE04398	transcription_factor	register_target_gene_layer	edge=M22B-E000206; evidence=M22B-EVID-000385
NODE04399	signaling_cascade	module20_24_export	Node participates in at least one evidence-gated exported mechanism edge.
NODE04400	signaling_cascade	module20_24_export	Node participates in at least one evidence-gated exported mechanism edge.
NODE04400	transcription_factor	register_target_gene_layer	edge=M22B-E010298; evidence=M22B-EVID-010470 || edge=M22B-E010313; evidence=M22B-EVID-010485 || edge=M22B-E010335; evidence=M22B-EVID-010507 || edge=M22B-E010624; evidence=M22B-EVID-010720 || edge=M22B-E010626; evidence=M22B-EVID-010722 || edge=M22B-E010662; evidence=M22B-EVID-010756
NODE04401	signaling_cascade	module20_24_export	Node participates in at least one evidence-gated exported mechanism edge.
NODE04402	signaling_cascade	module20_24_export	Node participates in at least one evidence-gated exported mechanism edge.
NODE04403	signaling_cascade	module20_24_export	Node participates in at least one evidence-gated exported mechanism edge.
NODE04403	target_gene	register_target_gene_layer	edge=M22B-E009846; evidence=M22B-EVID-010019
NODE04404	signaling_cascade	module20_24_export	Node participates in at least one evidence-gated exported mechanism edge.
NODE04404	target_gene	register_target_gene_layer	edge=M22B-E006743; evidence=M22B-EVID-006916 || edge=M22B-E008896; evidence=M22B-EVID-009069
NODE04405	signaling_cascade	module20_24_export	Node participates in at least one evidence-gated exported mechanism edge.
NODE04405	target_gene	register_target_gene_layer	edge=M22B-E007784; evidence=M22B-EVID-007957
NODE04406	signaling_cascade	module20_24_export	Node participates in at least one evidence-gated exported mechanism edge.
NODE04407	signaling_cascade	module20_24_export	Node participates in at least one evidence-gated exported mechanism edge.
NODE04408	signaling_cascade	module20_24_export	Node participates in at least one evidence-gated exported mechanism edge.
NODE04409	signaling_cascade	module20_24_export	Node participates in at least one evidence-gated exported mechanism edge.
NODE04410	signaling_cascade	module20_24_export	Node participates in at least one evidence-gated exported mechanism edge.
NODE04411	signaling_cascade	module20_24_export	Node participates in at least one evidence-gated exported mechanism edge.
NODE04411	target_gene	register_target_gene_layer	edge=M22B-E009725; evidence=M22B-EVID-009898
NODE04412	signaling_cascade	module20_24_export	Node participates in at least one evidence-gated exported mechanism edge.
NODE04412	target_gene	register_target_gene_layer	edge=M22B-E009555; evidence=M22B-EVID-009728
NODE04413	signaling_cascade	module20_24_export	Node participates in at least one evidence-gated exported mechanism edge.
NODE04414	signaling_cascade	module20_24_export	Node participates in at least one evidence-gated exported mechanism edge.
NODE04415	signaling_cascade	module20_24_export	Node participates in at least one evidence-gated exported mechanism edge.
NODE04416	signaling_cascade	module20_24_export	Node participates in at least one evidence-gated exported mechanism edge.
NODE04417	signaling_cascade	module20_24_export	Node participates in at least one evidence-gated exported mechanism edge.
NODE04418	signaling_cascade	module20_24_export	Node participates in at least one evidence-gated exported mechanism edge.
NODE04418	target_gene	register_target_gene_layer	edge=M22B-E006996; evidence=M22B-EVID-007169
NODE04419	signaling_cascade	module20_24_export	Node participates in at least one evidence-gated exported mechanism edge.
NODE04420	signaling_cascade	module20_24_export	Node participates in at least one evidence-gated exported mechanism edge.
NODE04420	target_gene	register_target_gene_layer	edge=M22B-E006050; evidence=M22B-EVID-006223 || edge=M22B-E006367; evidence=M22B-EVID-006540 || edge=M22B-E008218; evidence=M22B-EVID-008391 || edge=M22B-E008515; evidence=M22B-EVID-008688
NODE04421	signaling_cascade	module20_24_export	Node participates in at least one evidence-gated exported mechanism edge.
NODE04422	signaling_cascade	module20_24_export	Node participates in at least one evidence-gated exported mechanism edge.
NODE04422	target_gene	register_target_gene_layer	edge=M22B-E006368; evidence=M22B-EVID-006541 || edge=M22B-E007433; evidence=M22B-EVID-007606 || edge=M22B-E008516; evidence=M22B-EVID-008689
NODE04423	signaling_cascade	module20_24_export	Node participates in at least one evidence-gated exported mechanism edge.
NODE04423	target_gene	register_target_gene_layer	edge=M22B-E006458; evidence=M22B-EVID-006631 || edge=M22B-E009488; evidence=M22B-EVID-009661
NODE04424	signaling_cascade	module20_24_export	Node participates in at least one evidence-gated exported mechanism edge.
NODE04425	signaling_cascade	module20_24_export	Node participates in at least one evidence-gated exported mechanism edge.
NODE04426	signaling_cascade	module20_24_export	Node participates in at least one evidence-gated exported mechanism edge.
NODE04426	target_gene	register_target_gene_layer	edge=M22B-E005738; evidence=M22B-EVID-005911
NODE04427	signaling_cascade	module20_24_export	Node participates in at least one evidence-gated exported mechanism edge.
NODE04428	signaling_cascade	module20_24_export	Node participates in at least one evidence-gated exported mechanism edge.
NODE04429	signaling_cascade	module20_24_export	Node participates in at least one evidence-gated exported mechanism edge.
NODE04430	signaling_cascade	module20_24_export	Node participates in at least one evidence-gated exported mechanism edge.
NODE04431	signaling_cascade	module20_24_export	Node participates in at least one evidence-gated exported mechanism edge.
NODE04432	signaling_cascade	module20_24_export	Node participates in at least one evidence-gated exported mechanism edge.
NODE04432	target_gene	register_target_gene_layer	edge=M22B-E009489; evidence=M22B-EVID-009662
NODE04433	signaling_cascade	module20_24_export	Node participates in at least one evidence-gated exported mechanism edge.
NODE04434	signaling_cascade	module20_24_export	Node participates in at least one evidence-gated exported mechanism edge.
NODE04435	signaling_cascade	module20_24_export	Node participates in at least one evidence-gated exported mechanism edge.
NODE04436	signaling_cascade	module20_24_export	Node participates in at least one evidence-gated exported mechanism edge.
NODE04436	target_gene	register_target_gene_layer	edge=M22B-E007434; evidence=M22B-EVID-007607
NODE04437	signaling_cascade	module20_24_export	Node participates in at least one evidence-gated exported mechanism edge.
NODE04437	target_gene	register_target_gene_layer	edge=M22B-E007435; evidence=M22B-EVID-007608
NODE04438	signaling_cascade	module20_24_export	Node participates in at least one evidence-gated exported mechanism edge.
NODE04438	target_gene	register_target_gene_layer	edge=M22B-E007436; evidence=M22B-EVID-007609
NODE04439	signaling_cascade	module20_24_export	Node participates in at least one evidence-gated exported mechanism edge.
NODE04439	target_gene	register_target_gene_layer	edge=M22B-E006168; evidence=M22B-EVID-006341
NODE04440	signaling_cascade	module20_24_export	Node participates in at least one evidence-gated exported mechanism edge.
NODE04440	target_gene	register_target_gene_layer	edge=M22B-E007437; evidence=M22B-EVID-007610
NODE04441	signaling_cascade	module20_24_export	Node participates in at least one evidence-gated exported mechanism edge.
NODE04441	target_gene	register_target_gene_layer	edge=M22B-E007438; evidence=M22B-EVID-007611 || edge=M22B-E009490; evidence=M22B-EVID-009663
NODE04442	signaling_cascade	module20_24_export	Node participates in at least one evidence-gated exported mechanism edge.
NODE04443	signaling_cascade	module20_24_export	Node participates in at least one evidence-gated exported mechanism edge.
NODE04444	signaling_cascade	module20_24_export	Node participates in at least one evidence-gated exported mechanism edge.
NODE04444	target_gene	register_target_gene_layer	edge=M22B-E006744; evidence=M22B-EVID-006917
NODE04445	signaling_cascade	module20_24_export	Node participates in at least one evidence-gated exported mechanism edge.
NODE04446	signaling_cascade	module20_24_export	Node participates in at least one evidence-gated exported mechanism edge.
NODE04447	signaling_cascade	module20_24_export	Node participates in at least one evidence-gated exported mechanism edge.
NODE04447	target_gene	register_target_gene_layer	edge=M22B-E006459; evidence=M22B-EVID-006632 || edge=M22B-E007161; evidence=M22B-EVID-007334 || edge=M22B-E009491; evidence=M22B-EVID-009664
NODE04448	signaling_cascade	module20_24_export	Node participates in at least one evidence-gated exported mechanism edge.
NODE04449	signaling_cascade	module20_24_export	Node participates in at least one evidence-gated exported mechanism edge.
NODE04450	signaling_cascade	module20_24_export	Node participates in at least one evidence-gated exported mechanism edge.
NODE04451	signaling_cascade	module20_24_export	Node participates in at least one evidence-gated exported mechanism edge.
NODE04452	signaling_cascade	module20_24_export	Node participates in at least one evidence-gated exported mechanism edge.
NODE04452	transcription_factor	register_target_gene_layer	edge=M22B-E010416; evidence=M22B-EVID-010588
NODE04453	signaling_cascade	module20_24_export	Node participates in at least one evidence-gated exported mechanism edge.
NODE04453	target_gene	register_target_gene_layer	edge=M22B-E006745; evidence=M22B-EVID-006918 || edge=M22B-E008897; evidence=M22B-EVID-009070
NODE04454	signaling_cascade	module20_24_export	Node participates in at least one evidence-gated exported mechanism edge.
NODE04454	target_gene	register_target_gene_layer	edge=M22B-E009556; evidence=M22B-EVID-009729
NODE04455	signaling_cascade	module20_24_export	Node participates in at least one evidence-gated exported mechanism edge.
NODE04455	target_gene	register_target_gene_layer	edge=M22B-E007162; evidence=M22B-EVID-007335
NODE04456	ligand	register_ligand_receptor_layer	edge=M24B-E000128; evidence=M24B-EVID-000170
NODE04456	signaling_cascade	module20_24_export	Node participates in at least one evidence-gated exported mechanism edge.
NODE04457	signaling_cascade	module20_24_export	Node participates in at least one evidence-gated exported mechanism edge.
NODE04458	signaling_cascade	module20_24_export	Node participates in at least one evidence-gated exported mechanism edge.
NODE04459	signaling_cascade	module20_24_export	Node participates in at least one evidence-gated exported mechanism edge.
NODE04460	signaling_cascade	module20_24_export	Node participates in at least one evidence-gated exported mechanism edge.
NODE04461	signaling_cascade	module20_24_export	Node participates in at least one evidence-gated exported mechanism edge.
NODE04462	signaling_cascade	module20_24_export	Node participates in at least one evidence-gated exported mechanism edge.
NODE04463	signaling_cascade	module20_24_export	Node participates in at least one evidence-gated exported mechanism edge.
NODE04463	target_gene	register_target_gene_layer	edge=M22B-E006369; evidence=M22B-EVID-006542 || edge=M22B-E008517; evidence=M22B-EVID-008690
NODE04464	signaling_cascade	module20_24_export	Node participates in at least one evidence-gated exported mechanism edge.
NODE04465	signaling_cascade	module20_24_export	Node participates in at least one evidence-gated exported mechanism edge.
NODE04465	target_gene	register_target_gene_layer	edge=M22B-E006746; evidence=M22B-EVID-006919 || edge=M22B-E008898; evidence=M22B-EVID-009071
NODE04466	signaling_cascade	module20_24_export	Node participates in at least one evidence-gated exported mechanism edge.
NODE04467	signaling_cascade	module20_24_export	Node participates in at least one evidence-gated exported mechanism edge.
NODE04467	target_gene	register_target_gene_layer	edge=M22B-E006051; evidence=M22B-EVID-006224 || edge=M22B-E006370; evidence=M22B-EVID-006543 || edge=M22B-E006747; evidence=M22B-EVID-006920 || edge=M22B-E007439; evidence=M22B-EVID-007612 || edge=M22B-E008219; evidence=M22B-EVID-008392 || edge=M22B-E008518; evidence=M22B-EVID-008691 || edge=M22B-E008899; evidence=M22B-EVID-009072 || edge=M22B-E009744; evidence=M22B-EVID-009917
NODE04468	signaling_cascade	module20_24_export	Node participates in at least one evidence-gated exported mechanism edge.
NODE04468	transcription_factor	register_target_gene_layer	edge=M22B-E010510; evidence=M22B-EVID-010627
NODE04469	signaling_cascade	module20_24_export	Node participates in at least one evidence-gated exported mechanism edge.
NODE04469	target_gene	register_target_gene_layer	edge=M22B-E007163; evidence=M22B-EVID-007336 || edge=M22B-E007785; evidence=M22B-EVID-007958 || edge=M22B-E009230; evidence=M22B-EVID-009403
NODE04469	transcription_factor	register_target_gene_layer	edge=M22B-E010227; evidence=M22B-EVID-010400 || edge=M22B-E010277; evidence=M22B-EVID-010450 || edge=M22B-E010430; evidence=M22B-EVID-010600 || edge=M22B-E010509; evidence=M22B-EVID-010626
NODE04470	signaling_cascade	module20_24_export	Node participates in at least one evidence-gated exported mechanism edge.
NODE04471	signaling_cascade	module20_24_export	Node participates in at least one evidence-gated exported mechanism edge.
NODE04471	transcription_factor	register_target_gene_layer	edge=M22B-E010593; evidence=M22B-EVID-010689
NODE04472	signaling_cascade	module20_24_export	Node participates in at least one evidence-gated exported mechanism edge.
NODE04472	transcription_factor	register_target_gene_layer	edge=M22B-E010604; evidence=M22B-EVID-010700
NODE04473	signaling_cascade	module20_24_export	Node participates in at least one evidence-gated exported mechanism edge.
NODE04474	signaling_cascade	module20_24_export	Node participates in at least one evidence-gated exported mechanism edge.
NODE04474	target_gene	register_target_gene_layer	edge=M22B-E006748; evidence=M22B-EVID-006921
NODE04475	signaling_cascade	module20_24_export	Node participates in at least one evidence-gated exported mechanism edge.
NODE04475	target_gene	register_target_gene_layer	edge=M22B-E006749; evidence=M22B-EVID-006922 || edge=M22B-E008900; evidence=M22B-EVID-009073
NODE04476	signaling_cascade	module20_24_export	Node participates in at least one evidence-gated exported mechanism edge.
NODE04476	target_gene	register_target_gene_layer	edge=M22B-E006750; evidence=M22B-EVID-006923
NODE04477	signaling_cascade	module20_24_export	Node participates in at least one evidence-gated exported mechanism edge.
NODE04477	target_gene	register_target_gene_layer	edge=M22B-E007786; evidence=M22B-EVID-007959 || edge=M22B-E009231; evidence=M22B-EVID-009404
NODE04478	signaling_cascade	module20_24_export	Node participates in at least one evidence-gated exported mechanism edge.
NODE04479	signaling_cascade	module20_24_export	Node participates in at least one evidence-gated exported mechanism edge.
NODE04480	signaling_cascade	module20_24_export	Node participates in at least one evidence-gated exported mechanism edge.
NODE04481	signaling_cascade	module20_24_export	Node participates in at least one evidence-gated exported mechanism edge.
NODE04482	signaling_cascade	module20_24_export	Node participates in at least one evidence-gated exported mechanism edge.
NODE04483	signaling_cascade	module20_24_export	Node participates in at least one evidence-gated exported mechanism edge.
NODE04483	target_gene	register_target_gene_layer	edge=M22B-E007164; evidence=M22B-EVID-007337
NODE04484	signaling_cascade	module20_24_export	Node participates in at least one evidence-gated exported mechanism edge.
NODE04485	signaling_cascade	module20_24_export	Node participates in at least one evidence-gated exported mechanism edge.
NODE04485	transcription_factor	register_target_gene_layer	edge=M22B-E010169; evidence=M22B-EVID-010342 || edge=M22B-E010272; evidence=M22B-EVID-010445
NODE04486	signaling_cascade	module20_24_export	Node participates in at least one evidence-gated exported mechanism edge.
NODE04487	signaling_cascade	module20_24_export	Node participates in at least one evidence-gated exported mechanism edge.
NODE04487	target_gene	register_target_gene_layer	edge=M22B-E007165; evidence=M22B-EVID-007338
NODE04488	signaling_cascade	module20_24_export	Node participates in at least one evidence-gated exported mechanism edge.
NODE04488	target_gene	register_target_gene_layer	edge=M22B-E006751; evidence=M22B-EVID-006924 || edge=M22B-E008901; evidence=M22B-EVID-009074
NODE04489	signaling_cascade	module20_24_export	Node participates in at least one evidence-gated exported mechanism edge.
NODE04489	target_gene	register_target_gene_layer	edge=M22B-E006752; evidence=M22B-EVID-006925 || edge=M22B-E008902; evidence=M22B-EVID-009075 || edge=M22B-E010005; evidence=M22B-EVID-010178
NODE04489	transcription_factor	register_target_gene_layer	edge=M22B-E000210; evidence=M22B-EVID-000292 || edge=M22B-E009982; evidence=M22B-EVID-010155 || edge=M22B-E010066; evidence=M22B-EVID-010239
NODE04490	ligand	register_ligand_receptor_layer	edge=M20B-E003803; evidence=M20B-EVID-003803 || edge=M20B-E003804; evidence=M20B-EVID-003804 || edge=M20B-E003805; evidence=M20B-EVID-003805 || edge=M20B-E003806; evidence=M20B-EVID-003806
NODE04490	signaling_cascade	module20_24_export	Node participates in at least one evidence-gated exported mechanism edge.
NODE04490	target_gene	register_target_gene_layer	edge=M22B-E005814; evidence=M22B-EVID-005987 || edge=M22B-E007980; evidence=M22B-EVID-008153
NODE04491	signaling_cascade	module20_24_export	Node participates in at least one evidence-gated exported mechanism edge.
NODE04492	signaling_cascade	module20_24_export	Node participates in at least one evidence-gated exported mechanism edge.
NODE04492	target_gene	register_target_gene_layer	edge=M22B-E006052; evidence=M22B-EVID-006225 || edge=M22B-E008220; evidence=M22B-EVID-008393
NODE04493	signaling_cascade	module20_24_export	Node participates in at least one evidence-gated exported mechanism edge.
NODE04494	signaling_cascade	module20_24_export	Node participates in at least one evidence-gated exported mechanism edge.
NODE04494	target_gene	register_target_gene_layer	edge=M22B-E007166; evidence=M22B-EVID-007339
NODE04495	signaling_cascade	module20_24_export	Node participates in at least one evidence-gated exported mechanism edge.
NODE04495	target_gene	register_target_gene_layer	edge=M22B-E009373; evidence=M22B-EVID-009546
NODE04496	signaling_cascade	module20_24_export	Node participates in at least one evidence-gated exported mechanism edge.
NODE04497	signaling_cascade	module20_24_export	Node participates in at least one evidence-gated exported mechanism edge.
NODE04498	ligand	register_ligand_receptor_layer	edge=M20B-E003808; evidence=M20B-EVID-003808;M20B-EVID-003808-P2-FUNC
NODE04498	signaling_cascade	module20_24_export	Node participates in at least one evidence-gated exported mechanism edge.
NODE04499	signaling_cascade	module20_24_export	Node participates in at least one evidence-gated exported mechanism edge.
NODE04499	target_gene	register_target_gene_layer	edge=M22B-E007167; evidence=M22B-EVID-007340 || edge=M22B-E007787; evidence=M22B-EVID-007960 || edge=M22B-E009232; evidence=M22B-EVID-009405
NODE04500	signaling_cascade	module20_24_export	Node participates in at least one evidence-gated exported mechanism edge.
NODE04501	signaling_cascade	module20_24_export	Node participates in at least one evidence-gated exported mechanism edge.
NODE04501	target_gene	register_target_gene_layer	edge=M22B-E009847; evidence=M22B-EVID-010020
NODE04502	signaling_cascade	module20_24_export	Node participates in at least one evidence-gated exported mechanism edge.
NODE04503	signaling_cascade	module20_24_export	Node participates in at least one evidence-gated exported mechanism edge.
NODE04504	signaling_cascade	module20_24_export	Node participates in at least one evidence-gated exported mechanism edge.
NODE04505	signaling_cascade	module20_24_export	Node participates in at least one evidence-gated exported mechanism edge.
NODE04506	signaling_cascade	module20_24_export	Node participates in at least one evidence-gated exported mechanism edge.
NODE04507	signaling_cascade	module20_24_export	Node participates in at least one evidence-gated exported mechanism edge.
NODE04507	target_gene	register_target_gene_layer	edge=M22B-E005903; evidence=M22B-EVID-006076 || edge=M22B-E006753; evidence=M22B-EVID-006926 || edge=M22B-E008077; evidence=M22B-EVID-008250 || edge=M22B-E008903; evidence=M22B-EVID-009076
NODE04508	signaling_cascade	module20_24_export	Node participates in at least one evidence-gated exported mechanism edge.
NODE04508	target_gene	register_target_gene_layer	edge=M22B-E000168; evidence=M22B-EVID-000107 || edge=M22B-E007168; evidence=M22B-EVID-007341 || edge=M22B-E009393; evidence=M22B-EVID-009566 || edge=M22B-E010054; evidence=M22B-EVID-010227 || edge=M22B-E010270; evidence=M22B-EVID-010443
NODE04509	signaling_cascade	module20_24_export	Node participates in at least one evidence-gated exported mechanism edge.
NODE04509	target_gene	register_target_gene_layer	edge=M22B-E010017; evidence=M22B-EVID-010190
NODE04510	signaling_cascade	module20_24_export	Node participates in at least one evidence-gated exported mechanism edge.
NODE04510	target_gene	register_target_gene_layer	edge=M22B-E009557; evidence=M22B-EVID-009730
NODE04511	signaling_cascade	module20_24_export	Node participates in at least one evidence-gated exported mechanism edge.
NODE04511	target_gene	register_target_gene_layer	edge=M22B-E007169; evidence=M22B-EVID-007342
NODE04512	signaling_cascade	module20_24_export	Node participates in at least one evidence-gated exported mechanism edge.
NODE04513	signaling_cascade	module20_24_export	Node participates in at least one evidence-gated exported mechanism edge.
NODE04513	transcription_factor	register_target_gene_layer	edge=M22B-E010682; evidence=M22B-EVID-010775
NODE04514	signaling_cascade	module20_24_export	Node participates in at least one evidence-gated exported mechanism edge.
NODE04515	signaling_cascade	module20_24_export	Node participates in at least one evidence-gated exported mechanism edge.
NODE04516	signaling_cascade	module20_24_export	Node participates in at least one evidence-gated exported mechanism edge.
NODE04517	signaling_cascade	module20_24_export	Node participates in at least one evidence-gated exported mechanism edge.
NODE04518	signaling_cascade	module20_24_export	Node participates in at least one evidence-gated exported mechanism edge.
NODE04519	signaling_cascade	module20_24_export	Node participates in at least one evidence-gated exported mechanism edge.
NODE04520	signaling_cascade	module20_24_export	Node participates in at least one evidence-gated exported mechanism edge.
NODE04521	signaling_cascade	module20_24_export	Node participates in at least one evidence-gated exported mechanism edge.
NODE04522	signaling_cascade	module20_24_export	Node participates in at least one evidence-gated exported mechanism edge.
NODE04523	signaling_cascade	module20_24_export	Node participates in at least one evidence-gated exported mechanism edge.
NODE04524	signaling_cascade	module20_24_export	Node participates in at least one evidence-gated exported mechanism edge.
NODE04525	signaling_cascade	module20_24_export	Node participates in at least one evidence-gated exported mechanism edge.
NODE04526	signaling_cascade	module20_24_export	Node participates in at least one evidence-gated exported mechanism edge.
NODE04527	signaling_cascade	module20_24_export	Node participates in at least one evidence-gated exported mechanism edge.
NODE04528	signaling_cascade	module20_24_export	Node participates in at least one evidence-gated exported mechanism edge.
NODE04529	signaling_cascade	module20_24_export	Node participates in at least one evidence-gated exported mechanism edge.
NODE04530	signaling_cascade	module20_24_export	Node participates in at least one evidence-gated exported mechanism edge.
NODE04530	target_gene	register_target_gene_layer	edge=M22B-E007440; evidence=M22B-EVID-007613
NODE04531	signaling_cascade	module20_24_export	Node participates in at least one evidence-gated exported mechanism edge.
NODE04532	ligand	register_ligand_receptor_layer	edge=M23B-E001044; evidence=M23B-EVID-001413
NODE04532	signaling_cascade	module20_24_export	Node participates in at least one evidence-gated exported mechanism edge.
NODE04533	signaling_cascade	module20_24_export	Node participates in at least one evidence-gated exported mechanism edge.
NODE04533	target_gene	register_target_gene_layer	edge=M22B-E006754; evidence=M22B-EVID-006927
NODE04534	signaling_cascade	module20_24_export	Node participates in at least one evidence-gated exported mechanism edge.
NODE04534	target_gene	register_target_gene_layer	edge=M22B-E007788; evidence=M22B-EVID-007961 || edge=M22B-E009233; evidence=M22B-EVID-009406
NODE04535	signaling_cascade	module20_24_export	Node participates in at least one evidence-gated exported mechanism edge.
NODE04535	target_gene	register_target_gene_layer	edge=M22B-E006371; evidence=M22B-EVID-006544 || edge=M22B-E008519; evidence=M22B-EVID-008692
NODE04536	ligand	register_ligand_receptor_layer	edge=M23B-E001047; evidence=M23B-EVID-001416
NODE04536	signaling_cascade	module20_24_export	Node participates in at least one evidence-gated exported mechanism edge.
NODE04537	ligand	register_ligand_receptor_layer	edge=M20B-E003826; evidence=M20B-EVID-003826;M20B-EVID-003826-P2-CAUTION;M20B-EVID-003826-P2-FUNC;M20B-EVID-003826-P2-RELAY
NODE04537	signaling_cascade	module20_24_export	Node participates in at least one evidence-gated exported mechanism edge.
NODE04537	target_gene	register_target_gene_layer	edge=M22B-E006169; evidence=M22B-EVID-006342 || edge=M22B-E007170; evidence=M22B-EVID-007343 || edge=M22B-E008320; evidence=M22B-EVID-008493 || edge=M22B-E008520; evidence=M22B-EVID-008693
NODE04538	ligand	register_ligand_receptor_layer	edge=M23B-E001050; evidence=M23B-EVID-001419
NODE04538	signaling_cascade	module20_24_export	Node participates in at least one evidence-gated exported mechanism edge.
NODE04539	signaling_cascade	module20_24_export	Node participates in at least one evidence-gated exported mechanism edge.
NODE04540	signaling_cascade	module20_24_export	Node participates in at least one evidence-gated exported mechanism edge.
NODE04540	target_gene	register_target_gene_layer	edge=M22B-E006372; evidence=M22B-EVID-006545 || edge=M22B-E008321; evidence=M22B-EVID-008494 || edge=M22B-E008521; evidence=M22B-EVID-008694
NODE04541	signaling_cascade	module20_24_export	Node participates in at least one evidence-gated exported mechanism edge.
NODE04541	target_gene	register_target_gene_layer	edge=M22B-E006755; evidence=M22B-EVID-006928
NODE04542	signaling_cascade	module20_24_export	Node participates in at least one evidence-gated exported mechanism edge.
NODE04543	signaling_cascade	module20_24_export	Node participates in at least one evidence-gated exported mechanism edge.
NODE04543	target_gene	register_target_gene_layer	edge=M22B-E006756; evidence=M22B-EVID-006929 || edge=M22B-E008904; evidence=M22B-EVID-009077 || edge=M22B-E009466; evidence=M22B-EVID-009639
NODE04544	signaling_cascade	module20_24_export	Node participates in at least one evidence-gated exported mechanism edge.
NODE04544	target_gene	register_target_gene_layer	edge=M22B-E006757; evidence=M22B-EVID-006930
NODE04545	signaling_cascade	module20_24_export	Node participates in at least one evidence-gated exported mechanism edge.
NODE04546	signaling_cascade	module20_24_export	Node participates in at least one evidence-gated exported mechanism edge.
NODE04547	signaling_cascade	module20_24_export	Node participates in at least one evidence-gated exported mechanism edge.
NODE04547	target_gene	register_target_gene_layer	edge=M22B-E007171; evidence=M22B-EVID-007344 || edge=M22B-E007441; evidence=M22B-EVID-007614
NODE04548	signaling_cascade	module20_24_export	Node participates in at least one evidence-gated exported mechanism edge.
NODE04549	signaling_cascade	module20_24_export	Node participates in at least one evidence-gated exported mechanism edge.
NODE04550	signaling_cascade	module20_24_export	Node participates in at least one evidence-gated exported mechanism edge.
NODE04551	signaling_cascade	module20_24_export	Node participates in at least one evidence-gated exported mechanism edge.
NODE04552	signaling_cascade	module20_24_export	Node participates in at least one evidence-gated exported mechanism edge.
NODE04552	target_gene	register_target_gene_layer	edge=M22B-E006758; evidence=M22B-EVID-006931 || edge=M22B-E008905; evidence=M22B-EVID-009078
NODE04553	signaling_cascade	module20_24_export	Node participates in at least one evidence-gated exported mechanism edge.
NODE04553	target_gene	register_target_gene_layer	edge=M22B-E006759; evidence=M22B-EVID-006932 || edge=M22B-E008906; evidence=M22B-EVID-009079
NODE04554	ligand	register_ligand_receptor_layer	edge=M20B-E002127; evidence=M20B-EVID-002127 || edge=M20B-E003831; evidence=M20B-EVID-003831;M20B-EVID-003831-P2-FUNC;M20B-EVID-003831-P2-RELAY
NODE04554	signaling_cascade	module20_24_export	Node participates in at least one evidence-gated exported mechanism edge.
NODE04555	ligand	register_ligand_receptor_layer	edge=M23B-E000149; evidence=M23B-EVID-000217
NODE04555	signaling_cascade	module20_24_export	Node participates in at least one evidence-gated exported mechanism edge.
NODE04556	ligand	register_ligand_receptor_layer	edge=M23B-E000046; evidence=M23B-EVID-000071 || edge=M23B-E000182; evidence=M23B-EVID-000264
NODE04556	signaling_cascade	module20_24_export	Node participates in at least one evidence-gated exported mechanism edge.
NODE04557	signaling_cascade	module20_24_export	Node participates in at least one evidence-gated exported mechanism edge.
NODE04557	target_gene	register_target_gene_layer	edge=M22B-E006170; evidence=M22B-EVID-006343 || edge=M22B-E008322; evidence=M22B-EVID-008495
NODE04558	signaling_cascade	module20_24_export	Node participates in at least one evidence-gated exported mechanism edge.
NODE04559	signaling_cascade	module20_24_export	Node participates in at least one evidence-gated exported mechanism edge.
NODE04560	signaling_cascade	module20_24_export	Node participates in at least one evidence-gated exported mechanism edge.
NODE04561	signaling_cascade	module20_24_export	Node participates in at least one evidence-gated exported mechanism edge.
NODE04562	signaling_cascade	module20_24_export	Node participates in at least one evidence-gated exported mechanism edge.
NODE04563	signaling_cascade	module20_24_export	Node participates in at least one evidence-gated exported mechanism edge.
NODE04564	signaling_cascade	module20_24_export	Node participates in at least one evidence-gated exported mechanism edge.
NODE04565	signaling_cascade	module20_24_export	Node participates in at least one evidence-gated exported mechanism edge.
NODE04566	signaling_cascade	module20_24_export	Node participates in at least one evidence-gated exported mechanism edge.
NODE04567	signaling_cascade	module20_24_export	Node participates in at least one evidence-gated exported mechanism edge.
NODE04568	signaling_cascade	module20_24_export	Node participates in at least one evidence-gated exported mechanism edge.
NODE04569	signaling_cascade	module20_24_export	Node participates in at least one evidence-gated exported mechanism edge.
NODE04570	signaling_cascade	module20_24_export	Node participates in at least one evidence-gated exported mechanism edge.
NODE04571	signaling_cascade	module20_24_export	Node participates in at least one evidence-gated exported mechanism edge.
NODE04572	signaling_cascade	module20_24_export	Node participates in at least one evidence-gated exported mechanism edge.
NODE04572	target_gene	register_target_gene_layer	edge=M22B-E007172; evidence=M22B-EVID-007345
NODE04573	signaling_cascade	module20_24_export	Node participates in at least one evidence-gated exported mechanism edge.
NODE04574	signaling_cascade	module20_24_export	Node participates in at least one evidence-gated exported mechanism edge.
NODE04575	signaling_cascade	module20_24_export	Node participates in at least one evidence-gated exported mechanism edge.
NODE04576	signaling_cascade	module20_24_export	Node participates in at least one evidence-gated exported mechanism edge.
NODE04577	signaling_cascade	module20_24_export	Node participates in at least one evidence-gated exported mechanism edge.
NODE04578	signaling_cascade	module20_24_export	Node participates in at least one evidence-gated exported mechanism edge.
NODE04578	target_gene	register_target_gene_layer	edge=M22B-E010628; evidence=M22B-EVID-010724
NODE04579	signaling_cascade	module20_24_export	Node participates in at least one evidence-gated exported mechanism edge.
NODE04580	signaling_cascade	module20_24_export	Node participates in at least one evidence-gated exported mechanism edge.
NODE04580	target_gene	register_target_gene_layer	edge=M22B-E010630; evidence=M22B-EVID-010728 || edge=M22B-E010631; evidence=M22B-EVID-010728 || edge=M22B-E010632; evidence=M22B-EVID-010729
NODE04581	signaling_cascade	module20_24_export	Node participates in at least one evidence-gated exported mechanism edge.
NODE04582	signaling_cascade	module20_24_export	Node participates in at least one evidence-gated exported mechanism edge.
NODE04583	signaling_cascade	module20_24_export	Node participates in at least one evidence-gated exported mechanism edge.
NODE04584	signaling_cascade	module20_24_export	Node participates in at least one evidence-gated exported mechanism edge.
NODE04585	signaling_cascade	module20_24_export	Node participates in at least one evidence-gated exported mechanism edge.
NODE04586	signaling_cascade	module20_24_export	Node participates in at least one evidence-gated exported mechanism edge.
NODE04587	signaling_cascade	module20_24_export	Node participates in at least one evidence-gated exported mechanism edge.
NODE04587	target_gene	register_target_gene_layer	edge=M22B-E010633; evidence=M22B-EVID-010730
NODE04588	signaling_cascade	module20_24_export	Node participates in at least one evidence-gated exported mechanism edge.
NODE04589	signaling_cascade	module20_24_export	Node participates in at least one evidence-gated exported mechanism edge.
NODE04590	signaling_cascade	module20_24_export	Node participates in at least one evidence-gated exported mechanism edge.
NODE04591	signaling_cascade	module20_24_export	Node participates in at least one evidence-gated exported mechanism edge.
NODE04592	signaling_cascade	module20_24_export	Node participates in at least one evidence-gated exported mechanism edge.
NODE04593	signaling_cascade	module20_24_export	Node participates in at least one evidence-gated exported mechanism edge.
NODE04594	signaling_cascade	module20_24_export	Node participates in at least one evidence-gated exported mechanism edge.
NODE04594	target_gene	register_target_gene_layer	edge=M22B-E010634; evidence=M22B-EVID-010731 || edge=M22B-E010635; evidence=M22B-EVID-010731
NODE04595	signaling_cascade	module20_24_export	Node participates in at least one evidence-gated exported mechanism edge.
NODE04596	signaling_cascade	module20_24_export	Node participates in at least one evidence-gated exported mechanism edge.
NODE04597	signaling_cascade	module20_24_export	Node participates in at least one evidence-gated exported mechanism edge.
NODE04597	target_gene	register_target_gene_layer	edge=M22B-E007173; evidence=M22B-EVID-007346 || edge=M22B-E007789; evidence=M22B-EVID-007962
NODE04598	signaling_cascade	module20_24_export	Node participates in at least one evidence-gated exported mechanism edge.
NODE04599	signaling_cascade	module20_24_export	Node participates in at least one evidence-gated exported mechanism edge.
NODE04600	signaling_cascade	module20_24_export	Node participates in at least one evidence-gated exported mechanism edge.
NODE04601	signaling_cascade	module20_24_export	Node participates in at least one evidence-gated exported mechanism edge.
NODE04602	signaling_cascade	module20_24_export	Node participates in at least one evidence-gated exported mechanism edge.
NODE04603	signaling_cascade	module20_24_export	Node participates in at least one evidence-gated exported mechanism edge.
NODE04604	signaling_cascade	module20_24_export	Node participates in at least one evidence-gated exported mechanism edge.
NODE04605	signaling_cascade	module20_24_export	Node participates in at least one evidence-gated exported mechanism edge.
NODE04605	target_gene	register_target_gene_layer	edge=M22B-E005904; evidence=M22B-EVID-006077 || edge=M22B-E008078; evidence=M22B-EVID-008251 || edge=M22B-E009558; evidence=M22B-EVID-009731
NODE04606	signaling_cascade	module20_24_export	Node participates in at least one evidence-gated exported mechanism edge.
NODE04607	signaling_cascade	module20_24_export	Node participates in at least one evidence-gated exported mechanism edge.
NODE04608	signaling_cascade	module20_24_export	Node participates in at least one evidence-gated exported mechanism edge.
NODE04609	signaling_cascade	module20_24_export	Node participates in at least one evidence-gated exported mechanism edge.
NODE04610	signaling_cascade	module20_24_export	Node participates in at least one evidence-gated exported mechanism edge.
NODE04611	signaling_cascade	module20_24_export	Node participates in at least one evidence-gated exported mechanism edge.
NODE04612	ligand	register_ligand_receptor_layer	edge=M20B-E003841; evidence=M20B-EVID-003841;M20B-EVID-003841-P2-FUNC || edge=M20B-E003848; evidence=M20B-EVID-003848;M20B-EVID-003848-P2-FUNC
NODE04612	signaling_cascade	module20_24_export	Node participates in at least one evidence-gated exported mechanism edge.
NODE04613	signaling_cascade	module20_24_export	Node participates in at least one evidence-gated exported mechanism edge.
NODE04614	ligand	register_ligand_receptor_layer	edge=M20B-E002128; evidence=M20B-EVID-002128 || edge=M20B-E002129; evidence=M20B-EVID-002129 || edge=M23B-E000553; evidence=M23B-EVID-000753
NODE04614	signaling_cascade	module20_24_export	Node participates in at least one evidence-gated exported mechanism edge.
NODE04614	target_gene	register_target_gene_layer	edge=M22B-E010100; evidence=M22B-EVID-010273
NODE04615	ligand	register_ligand_receptor_layer	edge=M24B-E000147; evidence=M24B-EVID-000196 || edge=M24B-E000150; evidence=M24B-EVID-000199
NODE04615	signaling_cascade	module20_24_export	Node participates in at least one evidence-gated exported mechanism edge.
NODE04616	signaling_cascade	module20_24_export	Node participates in at least one evidence-gated exported mechanism edge.
NODE04617	signaling_cascade	module20_24_export	Node participates in at least one evidence-gated exported mechanism edge.
NODE04618	ligand	register_ligand_receptor_layer	edge=M20B-E003855; evidence=M20B-EVID-003855 || edge=M20B-E003856; evidence=M20B-EVID-003856 || edge=M23B-E000184; evidence=M23B-EVID-000266;M23B-EVID-001457;M23B-EVID-001458 || edge=M23B-E000186; evidence=M23B-EVID-000268;M23B-EVID-PROMO-20260826-007 || edge=M23B-E000555; evidence=M23B-EVID-000756 || edge=M23B-E000558; evidence=M23B-EVID-000759 || edge=M23B-E000561; evidence=M23B-EVID-000762
NODE04618	signaling_cascade	module20_24_export	Node participates in at least one evidence-gated exported mechanism edge.
NODE04618	target_gene	register_target_gene_layer	edge=M22B-E006520; evidence=M22B-EVID-006693 || edge=M22B-E006760; evidence=M22B-EVID-006933 || edge=M22B-E007442; evidence=M22B-EVID-007615 || edge=M22B-E008678; evidence=M22B-EVID-008851 || edge=M22B-E008907; evidence=M22B-EVID-009080 || edge=M22B-E009651; evidence=M22B-EVID-009824 || edge=M22B-E009848; evidence=M22B-EVID-010021 || edge=M22B-E010163; evidence=M22B-EVID-010336
NODE04619	signaling_cascade	module20_24_export	Node participates in at least one evidence-gated exported mechanism edge.
NODE04620	ligand	register_ligand_receptor_layer	edge=M20B-E003859; evidence=M20B-EVID-003859 || edge=M23B-E000563; evidence=M23B-EVID-000765;M23B-EVID-000768 || edge=M23B-E000566; evidence=M23B-EVID-000771;M23B-EVID-000774
NODE04620	signaling_cascade	module20_24_export	Node participates in at least one evidence-gated exported mechanism edge.
NODE04621	signaling_cascade	module20_24_export	Node participates in at least one evidence-gated exported mechanism edge.
NODE04622	signaling_cascade	module20_24_export	Node participates in at least one evidence-gated exported mechanism edge.
NODE04623	ligand	register_ligand_receptor_layer	edge=M20B-E003861; evidence=M20B-EVID-003861 || edge=M20B-E003862; evidence=M20B-EVID-003862 || edge=M20B-E003863; evidence=M20B-EVID-003863 || edge=M20B-E003864; evidence=M20B-EVID-003864 || edge=M20B-E003865; evidence=M20B-EVID-003865 || edge=M23B-E000568; evidence=M23B-EVID-000777 || edge=M23B-E000570; evidence=M23B-EVID-000780
NODE04623	signaling_cascade	module20_24_export	Node participates in at least one evidence-gated exported mechanism edge.
NODE04624	signaling_cascade	module20_24_export	Node participates in at least one evidence-gated exported mechanism edge.
NODE04625	ligand	register_ligand_receptor_layer	edge=M20B-E003870; evidence=M20B-EVID-003870;M20B-EVID-003870-P2-FUNC || edge=M20B-E003871; evidence=M20B-EVID-003871;M20B-EVID-003871-P2-FUNC
NODE04625	signaling_cascade	module20_24_export	Node participates in at least one evidence-gated exported mechanism edge.
NODE04626	ligand	register_ligand_receptor_layer	edge=M23B-E001053; evidence=M23B-EVID-001422
NODE04626	signaling_cascade	module20_24_export	Node participates in at least one evidence-gated exported mechanism edge.
NODE04627	signaling_cascade	module20_24_export	Node participates in at least one evidence-gated exported mechanism edge.
NODE04628	receptor	register_ligand_receptor_layer	edge=M20B-E003874; evidence=M20B-EVID-003874;M20B-EVID-003874-P2-FUNC
NODE04628	signaling_cascade	module20_24_export	Node participates in at least one evidence-gated exported mechanism edge.
NODE04628	target_gene	register_target_gene_layer	edge=M22B-E010627; evidence=M22B-EVID-010723
NODE04629	signaling_cascade	module20_24_export	Node participates in at least one evidence-gated exported mechanism edge.
NODE04630	signaling_cascade	module20_24_export	Node participates in at least one evidence-gated exported mechanism edge.
NODE04631	ligand	register_ligand_receptor_layer	edge=M20B-E003874; evidence=M20B-EVID-003874;M20B-EVID-003874-P2-FUNC
NODE04631	signaling_cascade	module20_24_export	Node participates in at least one evidence-gated exported mechanism edge.
NODE04632	signaling_cascade	module20_24_export	Node participates in at least one evidence-gated exported mechanism edge.
NODE04633	signaling_cascade	module20_24_export	Node participates in at least one evidence-gated exported mechanism edge.
NODE04633	target_gene	register_target_gene_layer	edge=M22B-E000346; evidence=M22B-EVID-000016 || edge=M22B-E000353; evidence=M22B-EVID-000037 || edge=M22B-E006053; evidence=M22B-EVID-006226 || edge=M22B-E008221; evidence=M22B-EVID-008394 || edge=M22B-E009917; evidence=M22B-EVID-010090 || edge=M22B-E010105; evidence=M22B-EVID-010278 || edge=M22B-E010137; evidence=M22B-EVID-010310
NODE04634	signaling_cascade	module20_24_export	Node participates in at least one evidence-gated exported mechanism edge.
NODE04634	target_gene	register_target_gene_layer	edge=M22B-E005905; evidence=M22B-EVID-006078 || edge=M22B-E006373; evidence=M22B-EVID-006546 || edge=M22B-E006761; evidence=M22B-EVID-006934 || edge=M22B-E008079; evidence=M22B-EVID-008252 || edge=M22B-E008522; evidence=M22B-EVID-008695 || edge=M22B-E008908; evidence=M22B-EVID-009081 || edge=M22B-E010138; evidence=M22B-EVID-010311
NODE04635	signaling_cascade	module20_24_export	Node participates in at least one evidence-gated exported mechanism edge.
NODE04635	target_gene	register_target_gene_layer	edge=M22B-E000140; evidence=M22B-EVID-000164 || edge=M22B-E009652; evidence=M22B-EVID-009825 || edge=M22B-E010102; evidence=M22B-EVID-010275 || edge=M22B-E010106; evidence=M22B-EVID-010279 || edge=M22B-E010109; evidence=M22B-EVID-010282 || edge=M22B-E010139; evidence=M22B-EVID-010312
NODE04636	signaling_cascade	module20_24_export	Node participates in at least one evidence-gated exported mechanism edge.
NODE04637	signaling_cascade	module20_24_export	Node participates in at least one evidence-gated exported mechanism edge.
NODE04637	target_gene	register_target_gene_layer	edge=M22B-E009559; evidence=M22B-EVID-009732 || edge=M22B-E010258; evidence=M22B-EVID-010431
NODE04638	signaling_cascade	module20_24_export	Node participates in at least one evidence-gated exported mechanism edge.
NODE04638	target_gene	register_target_gene_layer	edge=M22B-E007443; evidence=M22B-EVID-007616
NODE04639	signaling_cascade	module20_24_export	Node participates in at least one evidence-gated exported mechanism edge.
NODE04639	target_gene	register_target_gene_layer	edge=M22B-E010276; evidence=M22B-EVID-010449
NODE04640	signaling_cascade	module20_24_export	Node participates in at least one evidence-gated exported mechanism edge.
NODE04640	target_gene	register_target_gene_layer	edge=M22B-E006762; evidence=M22B-EVID-006935 || edge=M22B-E007174; evidence=M22B-EVID-007347 || edge=M22B-E007790; evidence=M22B-EVID-007963 || edge=M22B-E008909; evidence=M22B-EVID-009082 || edge=M22B-E009234; evidence=M22B-EVID-009407
NODE04641	signaling_cascade	module20_24_export	Node participates in at least one evidence-gated exported mechanism edge.
NODE04641	target_gene	register_target_gene_layer	edge=M22B-E006054; evidence=M22B-EVID-006227 || edge=M22B-E006521; evidence=M22B-EVID-006694 || edge=M22B-E007791; evidence=M22B-EVID-007964 || edge=M22B-E008222; evidence=M22B-EVID-008395 || edge=M22B-E008679; evidence=M22B-EVID-008852 || edge=M22B-E009235; evidence=M22B-EVID-009408
NODE04642	signaling_cascade	module20_24_export	Node participates in at least one evidence-gated exported mechanism edge.
NODE04643	signaling_cascade	module20_24_export	Node participates in at least one evidence-gated exported mechanism edge.
NODE04643	target_gene	register_target_gene_layer	edge=M22B-E007792; evidence=M22B-EVID-007965
NODE04644	signaling_cascade	module20_24_export	Node participates in at least one evidence-gated exported mechanism edge.
NODE04644	target_gene	register_target_gene_layer	edge=M22B-E007444; evidence=M22B-EVID-007617
NODE04645	signaling_cascade	module20_24_export	Node participates in at least one evidence-gated exported mechanism edge.
NODE04645	target_gene	register_target_gene_layer	edge=M22B-E007445; evidence=M22B-EVID-007618
NODE04646	signaling_cascade	module20_24_export	Node participates in at least one evidence-gated exported mechanism edge.
NODE04646	target_gene	register_target_gene_layer	edge=M22B-E007446; evidence=M22B-EVID-007619
NODE04647	signaling_cascade	module20_24_export	Node participates in at least one evidence-gated exported mechanism edge.
NODE04647	target_gene	register_target_gene_layer	edge=M22B-E007447; evidence=M22B-EVID-007620
NODE04648	signaling_cascade	module20_24_export	Node participates in at least one evidence-gated exported mechanism edge.
NODE04648	target_gene	register_target_gene_layer	edge=M22B-E006460; evidence=M22B-EVID-006633
NODE04649	signaling_cascade	module20_24_export	Node participates in at least one evidence-gated exported mechanism edge.
NODE04649	target_gene	register_target_gene_layer	edge=M22B-E006461; evidence=M22B-EVID-006634 || edge=M22B-E007448; evidence=M22B-EVID-007621 || edge=M22B-E008611; evidence=M22B-EVID-008784
NODE04650	signaling_cascade	module20_24_export	Node participates in at least one evidence-gated exported mechanism edge.
NODE04650	target_gene	register_target_gene_layer	edge=M22B-E007449; evidence=M22B-EVID-007622
NODE04651	signaling_cascade	module20_24_export	Node participates in at least one evidence-gated exported mechanism edge.
NODE04651	target_gene	register_target_gene_layer	edge=M22B-E007450; evidence=M22B-EVID-007623 || edge=M22B-E009467; evidence=M22B-EVID-009640
NODE04652	signaling_cascade	module20_24_export	Node participates in at least one evidence-gated exported mechanism edge.
NODE04652	target_gene	register_target_gene_layer	edge=M22B-E009849; evidence=M22B-EVID-010022
NODE04653	ligand	register_ligand_receptor_layer	edge=M21B-E000108; evidence=M21B-EVID-000051
NODE04653	signaling_cascade	module20_24_export	Node participates in at least one evidence-gated exported mechanism edge.
NODE04654	signaling_cascade	module20_24_export	Node participates in at least one evidence-gated exported mechanism edge.
NODE04655	ligand	register_ligand_receptor_layer	edge=M21B-E000109; evidence=M21B-EVID-000052
NODE04655	signaling_cascade	module20_24_export	Node participates in at least one evidence-gated exported mechanism edge.
NODE04656	signaling_cascade	module20_24_export	Node participates in at least one evidence-gated exported mechanism edge.
NODE04657	signaling_cascade	module20_24_export	Node participates in at least one evidence-gated exported mechanism edge.
NODE04658	signaling_cascade	module20_24_export	Node participates in at least one evidence-gated exported mechanism edge.
NODE04659	signaling_cascade	module20_24_export	Node participates in at least one evidence-gated exported mechanism edge.
NODE04659	target_gene	register_target_gene_layer	edge=M22B-E006462; evidence=M22B-EVID-006635 || edge=M22B-E008612; evidence=M22B-EVID-008785 || edge=M22B-E009492; evidence=M22B-EVID-009665
NODE04660	signaling_cascade	module20_24_export	Node participates in at least one evidence-gated exported mechanism edge.
NODE04660	target_gene	register_target_gene_layer	edge=M22B-E008613; evidence=M22B-EVID-008786
NODE04661	signaling_cascade	module20_24_export	Node participates in at least one evidence-gated exported mechanism edge.
NODE04661	target_gene	register_target_gene_layer	edge=M22B-E008614; evidence=M22B-EVID-008787
NODE04662	signaling_cascade	module20_24_export	Node participates in at least one evidence-gated exported mechanism edge.
NODE04662	target_gene	register_target_gene_layer	edge=M22B-E008615; evidence=M22B-EVID-008788
NODE04663	signaling_cascade	module20_24_export	Node participates in at least one evidence-gated exported mechanism edge.
NODE04663	target_gene	register_target_gene_layer	edge=M22B-E008616; evidence=M22B-EVID-008789
NODE04664	ligand	register_ligand_receptor_layer	edge=M20B-E001906; evidence=M20B-EVID-001906
NODE04664	signaling_cascade	module20_24_export	Node participates in at least one evidence-gated exported mechanism edge.
NODE04664	target_gene	register_target_gene_layer	edge=M22B-E008617; evidence=M22B-EVID-008790
NODE04665	ligand	register_ligand_receptor_layer	edge=M20B-E001907; evidence=M20B-EVID-001907;M20B-EVID-PROMO-20260826-031
NODE04665	signaling_cascade	module20_24_export	Node participates in at least one evidence-gated exported mechanism edge.
NODE04666	signaling_cascade	module20_24_export	Node participates in at least one evidence-gated exported mechanism edge.
NODE04667	signaling_cascade	module20_24_export	Node participates in at least one evidence-gated exported mechanism edge.
NODE04668	signaling_cascade	module20_24_export	Node participates in at least one evidence-gated exported mechanism edge.
NODE04669	receptor	register_ligand_receptor_layer	edge=M21B-E000108; evidence=M21B-EVID-000051
NODE04669	signaling_cascade	module20_24_export	Node participates in at least one evidence-gated exported mechanism edge.
NODE04670	signaling_cascade	module20_24_export	Node participates in at least one evidence-gated exported mechanism edge.
NODE04671	receptor	register_ligand_receptor_layer	edge=M20B-E001906; evidence=M20B-EVID-001906 || edge=M20B-E001907; evidence=M20B-EVID-001907;M20B-EVID-PROMO-20260826-031 || edge=M20B-E001908; evidence=M20B-EVID-001908 || edge=M20B-E001909; evidence=M20B-EVID-001909;M20B-EVID-PROMO-20260826-032 || edge=M20B-E001911; evidence=M20B-EVID-001911
NODE04671	signaling_cascade	module20_24_export	Node participates in at least one evidence-gated exported mechanism edge.
NODE04672	signaling_cascade	module20_24_export	Node participates in at least one evidence-gated exported mechanism edge.
NODE04673	signaling_cascade	module20_24_export	Node participates in at least one evidence-gated exported mechanism edge.
NODE04674	signaling_cascade	module20_24_export	Node participates in at least one evidence-gated exported mechanism edge.
NODE04675	ligand	register_ligand_receptor_layer	edge=M20B-E001908; evidence=M20B-EVID-001908
NODE04675	signaling_cascade	module20_24_export	Node participates in at least one evidence-gated exported mechanism edge.
NODE04675	target_gene	register_target_gene_layer	edge=M22B-E005759; evidence=M22B-EVID-005932 || edge=M22B-E005781; evidence=M22B-EVID-005954 || edge=M22B-E006522; evidence=M22B-EVID-006695 || edge=M22B-E007948; evidence=M22B-EVID-008121 || edge=M22B-E008680; evidence=M22B-EVID-008853 || edge=M22B-E009904; evidence=M22B-EVID-010077
NODE04676	signaling_cascade	module20_24_export	Node participates in at least one evidence-gated exported mechanism edge.
NODE04677	ligand	register_ligand_receptor_layer	edge=M20B-E001909; evidence=M20B-EVID-001909;M20B-EVID-PROMO-20260826-032
NODE04677	signaling_cascade	module20_24_export	Node participates in at least one evidence-gated exported mechanism edge.
NODE04677	target_gene	register_target_gene_layer	edge=M22B-E009694; evidence=M22B-EVID-009867 || edge=M22B-E009745; evidence=M22B-EVID-009918
NODE04678	signaling_cascade	module20_24_export	Node participates in at least one evidence-gated exported mechanism edge.
NODE04679	ligand	register_ligand_receptor_layer	edge=M20B-E001910; evidence=M20B-EVID-001910
NODE04679	signaling_cascade	module20_24_export	Node participates in at least one evidence-gated exported mechanism edge.
NODE04679	target_gene	register_target_gene_layer	edge=M22B-E005744; evidence=M22B-EVID-005917 || edge=M22B-E005782; evidence=M22B-EVID-005955 || edge=M22B-E005906; evidence=M22B-EVID-006079 || edge=M22B-E006256; evidence=M22B-EVID-006429 || edge=M22B-E007949; evidence=M22B-EVID-008122 || edge=M22B-E008080; evidence=M22B-EVID-008253 || edge=M22B-E008409; evidence=M22B-EVID-008582 || edge=M22B-E009427; evidence=M22B-EVID-009600 || edge=M22B-E009805; evidence=M22B-EVID-009978 || edge=M22B-E009946; evidence=M22B-EVID-010119 || edge=M22B-E010120; evidence=M22B-EVID-010293
NODE04680	signaling_cascade	module20_24_export	Node participates in at least one evidence-gated exported mechanism edge.
NODE04680	target_gene	register_target_gene_layer	edge=M22B-E007175; evidence=M22B-EVID-007348 || edge=M22B-E007451; evidence=M22B-EVID-007624
NODE04681	signaling_cascade	module20_24_export	Node participates in at least one evidence-gated exported mechanism edge.
NODE04682	receptor	register_ligand_receptor_layer	edge=M21B-E000109; evidence=M21B-EVID-000052
NODE04682	signaling_cascade	module20_24_export	Node participates in at least one evidence-gated exported mechanism edge.
NODE04683	receptor	register_ligand_receptor_layer	edge=M20B-E001910; evidence=M20B-EVID-001910
NODE04683	signaling_cascade	module20_24_export	Node participates in at least one evidence-gated exported mechanism edge.
NODE04684	ligand	register_ligand_receptor_layer	edge=M20B-E001911; evidence=M20B-EVID-001911
NODE04684	signaling_cascade	module20_24_export	Node participates in at least one evidence-gated exported mechanism edge.
NODE04685	signaling_cascade	module20_24_export	Node participates in at least one evidence-gated exported mechanism edge.
NODE04686	signaling_cascade	module20_24_export	Node participates in at least one evidence-gated exported mechanism edge.
NODE04687	signaling_cascade	module20_24_export	Node participates in at least one evidence-gated exported mechanism edge.
NODE04688	signaling_cascade	module20_24_export	Node participates in at least one evidence-gated exported mechanism edge.
NODE04689	signaling_cascade	module20_24_export	Node participates in at least one evidence-gated exported mechanism edge.
NODE04689	target_gene	register_target_gene_layer	edge=M22B-E007452; evidence=M22B-EVID-007625
NODE04690	signaling_cascade	module20_24_export	Node participates in at least one evidence-gated exported mechanism edge.
NODE04691	signaling_cascade	module20_24_export	Node participates in at least one evidence-gated exported mechanism edge.
NODE04692	signaling_cascade	module20_24_export	Node participates in at least one evidence-gated exported mechanism edge.
NODE04693	signaling_cascade	module20_24_export	Node participates in at least one evidence-gated exported mechanism edge.
NODE04694	signaling_cascade	module20_24_export	Node participates in at least one evidence-gated exported mechanism edge.
NODE04695	ligand	register_ligand_receptor_layer	edge=M20B-E003876; evidence=M20B-EVID-003876 || edge=M20B-E003878; evidence=M20B-EVID-003878;M20B-EVID-003878-P2-FUNC;M20B-EVID-003878-P2-RELAY
NODE04695	signaling_cascade	module20_24_export	Node participates in at least one evidence-gated exported mechanism edge.
NODE04695	target_gene	register_target_gene_layer	edge=M22B-E006523; evidence=M22B-EVID-006696 || edge=M22B-E007453; evidence=M22B-EVID-007626 || edge=M22B-E008681; evidence=M22B-EVID-008854
NODE04696	signaling_cascade	module20_24_export	Node participates in at least one evidence-gated exported mechanism edge.
NODE04697	signaling_cascade	module20_24_export	Node participates in at least one evidence-gated exported mechanism edge.
NODE04698	signaling_cascade	module20_24_export	Node participates in at least one evidence-gated exported mechanism edge.
NODE04699	receptor	register_ligand_receptor_layer	edge=M20B-E003876; evidence=M20B-EVID-003876 || edge=M20B-E003882; evidence=M20B-EVID-003882;M20B-EVID-003882-P2-FUNC || edge=M20B-E004013; evidence=M20B-EVID-004013;M20B-EVID-004013-P2-DIRECT;M20B-EVID-004013-P2-FUNC;M20B-EVID-004013-P2-RELAY || edge=M23B-E000330; evidence=M23B-EVID-000486
NODE04699	signaling_cascade	module20_24_export	Node participates in at least one evidence-gated exported mechanism edge.
NODE04699	target_gene	register_target_gene_layer	edge=M22B-E007176; evidence=M22B-EVID-007349 || edge=M22B-E007454; evidence=M22B-EVID-007627 || edge=M22B-E007793; evidence=M22B-EVID-007966
NODE04700	signaling_cascade	module20_24_export	Node participates in at least one evidence-gated exported mechanism edge.
NODE04701	signaling_cascade	module20_24_export	Node participates in at least one evidence-gated exported mechanism edge.
NODE04702	signaling_cascade	module20_24_export	Node participates in at least one evidence-gated exported mechanism edge.
NODE04703	ligand	register_ligand_receptor_layer	edge=M20B-E003882; evidence=M20B-EVID-003882;M20B-EVID-003882-P2-FUNC || edge=M20B-E003883; evidence=M20B-EVID-003883 || edge=M20B-E003884; evidence=M20B-EVID-003884;M20B-EVID-003884-P2-FUNC
NODE04703	signaling_cascade	module20_24_export	Node participates in at least one evidence-gated exported mechanism edge.
NODE04703	target_gene	register_target_gene_layer	edge=M22B-E005815; evidence=M22B-EVID-005988 || edge=M22B-E005907; evidence=M22B-EVID-006080 || edge=M22B-E007177; evidence=M22B-EVID-007350 || edge=M22B-E007981; evidence=M22B-EVID-008154 || edge=M22B-E008081; evidence=M22B-EVID-008254
NODE04704	signaling_cascade	module20_24_export	Node participates in at least one evidence-gated exported mechanism edge.
NODE04705	signaling_cascade	module20_24_export	Node participates in at least one evidence-gated exported mechanism edge.
NODE04706	signaling_cascade	module20_24_export	Node participates in at least one evidence-gated exported mechanism edge.
NODE04706	target_gene	register_target_gene_layer	edge=M22B-E009493; evidence=M22B-EVID-009666
NODE04707	signaling_cascade	module20_24_export	Node participates in at least one evidence-gated exported mechanism edge.
NODE04707	target_gene	register_target_gene_layer	edge=M22B-E005908; evidence=M22B-EVID-006081 || edge=M22B-E008082; evidence=M22B-EVID-008255
NODE04708	receptor	register_ligand_receptor_layer	edge=M20B-E003883; evidence=M20B-EVID-003883 || edge=M20B-E004530; evidence=M20B-EVID-004530;M20B-EVID-004530-P2-DIRECT;M20B-EVID-004530-P2-FUNC;M20B-EVID-004530-P2-RELAY
NODE04708	signaling_cascade	module20_24_export	Node participates in at least one evidence-gated exported mechanism edge.
NODE04708	target_gene	register_target_gene_layer	edge=M22B-E010523; evidence=M22B-EVID-010637
NODE04709	signaling_cascade	module20_24_export	Node participates in at least one evidence-gated exported mechanism edge.
NODE04710	signaling_cascade	module20_24_export	Node participates in at least one evidence-gated exported mechanism edge.
NODE04710	target_gene	register_target_gene_layer	edge=M22B-E006374; evidence=M22B-EVID-006547 || edge=M22B-E007178; evidence=M22B-EVID-007351 || edge=M22B-E008523; evidence=M22B-EVID-008696 || edge=M22B-E010024; evidence=M22B-EVID-010197
NODE04711	signaling_cascade	module20_24_export	Node participates in at least one evidence-gated exported mechanism edge.
NODE04712	signaling_cascade	module20_24_export	Node participates in at least one evidence-gated exported mechanism edge.
NODE04712	target_gene	register_target_gene_layer	edge=M22B-E007179; evidence=M22B-EVID-007352 || edge=M22B-E007455; evidence=M22B-EVID-007628 || edge=M22B-E007794; evidence=M22B-EVID-007967 || edge=M22B-E009236; evidence=M22B-EVID-009409 || edge=M22B-E009806; evidence=M22B-EVID-009979
NODE04713	signaling_cascade	module20_24_export	Node participates in at least one evidence-gated exported mechanism edge.
NODE04714	ligand	register_ligand_receptor_layer	edge=M20B-E003888; evidence=M20B-EVID-003888;M20B-EVID-003888-P2-FUNC
NODE04714	signaling_cascade	module20_24_export	Node participates in at least one evidence-gated exported mechanism edge.
NODE04714	target_gene	register_target_gene_layer	edge=M22B-E007180; evidence=M22B-EVID-007353
NODE04715	signaling_cascade	module20_24_export	Node participates in at least one evidence-gated exported mechanism edge.
NODE04716	signaling_cascade	module20_24_export	Node participates in at least one evidence-gated exported mechanism edge.
NODE04717	ligand	register_ligand_receptor_layer	edge=M20B-E003889; evidence=M20B-EVID-003889
NODE04717	signaling_cascade	module20_24_export	Node participates in at least one evidence-gated exported mechanism edge.
NODE04718	signaling_cascade	module20_24_export	Node participates in at least one evidence-gated exported mechanism edge.
NODE04719	ligand	register_ligand_receptor_layer	edge=M20B-E003890; evidence=M20B-EVID-003890;M20B-EVID-003890-P2-DIRECT
NODE04719	signaling_cascade	module20_24_export	Node participates in at least one evidence-gated exported mechanism edge.
NODE04720	receptor	register_ligand_receptor_layer	edge=M20B-E003890; evidence=M20B-EVID-003890;M20B-EVID-003890-P2-DIRECT
NODE04720	signaling_cascade	module20_24_export	Node participates in at least one evidence-gated exported mechanism edge.
NODE04720	target_gene	register_target_gene_layer	edge=M22B-E007456; evidence=M22B-EVID-007629
NODE04721	signaling_cascade	module20_24_export	Node participates in at least one evidence-gated exported mechanism edge.
NODE04722	signaling_cascade	module20_24_export	Node participates in at least one evidence-gated exported mechanism edge.
NODE04723	signaling_cascade	module20_24_export	Node participates in at least one evidence-gated exported mechanism edge.
NODE04723	target_gene	register_target_gene_layer	edge=M22B-E000296; evidence=M22B-EVID-000394
NODE04724	signaling_cascade	module20_24_export	Node participates in at least one evidence-gated exported mechanism edge.
NODE04724	target_gene	register_target_gene_layer	edge=M22B-E009673; evidence=M22B-EVID-009846
NODE04725	signaling_cascade	module20_24_export	Node participates in at least one evidence-gated exported mechanism edge.
NODE04725	target_gene	register_target_gene_layer	edge=M22B-E009494; evidence=M22B-EVID-009667
NODE04726	signaling_cascade	module20_24_export	Node participates in at least one evidence-gated exported mechanism edge.
NODE04727	signaling_cascade	module20_24_export	Node participates in at least one evidence-gated exported mechanism edge.
NODE04728	signaling_cascade	module20_24_export	Node participates in at least one evidence-gated exported mechanism edge.
NODE04729	signaling_cascade	module20_24_export	Node participates in at least one evidence-gated exported mechanism edge.
NODE04730	signaling_cascade	module20_24_export	Node participates in at least one evidence-gated exported mechanism edge.
NODE04731	ligand	register_ligand_receptor_layer	edge=M20B-E003896; evidence=M20B-EVID-003896;M20B-EVID-003896-P2-DIRECT || edge=M20B-E003897; evidence=M20B-EVID-003897;M20B-EVID-003897-P2-DIRECT || edge=M20B-E003898; evidence=M20B-EVID-003898;M20B-EVID-003898-P2-DIRECT;M20B-EVID-003898-P2-FUNC || edge=M20B-E003899; evidence=M20B-EVID-003899;M20B-EVID-003899-P2-FUNC;M20B-EVID-003899-P2-RELAY
NODE04731	signaling_cascade	module20_24_export	Node participates in at least one evidence-gated exported mechanism edge.
NODE04732	signaling_cascade	module20_24_export	Node participates in at least one evidence-gated exported mechanism edge.
NODE04733	signaling_cascade	module20_24_export	Node participates in at least one evidence-gated exported mechanism edge.
NODE04734	signaling_cascade	module20_24_export	Node participates in at least one evidence-gated exported mechanism edge.
NODE04735	signaling_cascade	module20_24_export	Node participates in at least one evidence-gated exported mechanism edge.
NODE04736	signaling_cascade	module20_24_export	Node participates in at least one evidence-gated exported mechanism edge.
NODE04737	signaling_cascade	module20_24_export	Node participates in at least one evidence-gated exported mechanism edge.
NODE04738	signaling_cascade	module20_24_export	Node participates in at least one evidence-gated exported mechanism edge.
NODE04739	signaling_cascade	module20_24_export	Node participates in at least one evidence-gated exported mechanism edge.
NODE04740	signaling_cascade	module20_24_export	Node participates in at least one evidence-gated exported mechanism edge.
NODE04740	target_gene	register_target_gene_layer	edge=M22B-E009674; evidence=M22B-EVID-009847
NODE04740	transcription_factor	register_target_gene_layer	edge=M22B-E010300; evidence=M22B-EVID-010472
NODE04741	signaling_cascade	module20_24_export	Node participates in at least one evidence-gated exported mechanism edge.
NODE04742	signaling_cascade	module20_24_export	Node participates in at least one evidence-gated exported mechanism edge.
NODE04743	signaling_cascade	module20_24_export	Node participates in at least one evidence-gated exported mechanism edge.
NODE04744	signaling_cascade	module20_24_export	Node participates in at least one evidence-gated exported mechanism edge.
NODE04745	signaling_cascade	module20_24_export	Node participates in at least one evidence-gated exported mechanism edge.
NODE04746	signaling_cascade	module20_24_export	Node participates in at least one evidence-gated exported mechanism edge.
NODE04747	signaling_cascade	module20_24_export	Node participates in at least one evidence-gated exported mechanism edge.
NODE04748	signaling_cascade	module20_24_export	Node participates in at least one evidence-gated exported mechanism edge.
NODE04749	signaling_cascade	module20_24_export	Node participates in at least one evidence-gated exported mechanism edge.
NODE04750	signaling_cascade	module20_24_export	Node participates in at least one evidence-gated exported mechanism edge.
NODE04751	signaling_cascade	module20_24_export	Node participates in at least one evidence-gated exported mechanism edge.
NODE04752	signaling_cascade	module20_24_export	Node participates in at least one evidence-gated exported mechanism edge.
NODE04753	signaling_cascade	module20_24_export	Node participates in at least one evidence-gated exported mechanism edge.
NODE04754	signaling_cascade	module20_24_export	Node participates in at least one evidence-gated exported mechanism edge.
NODE04755	signaling_cascade	module20_24_export	Node participates in at least one evidence-gated exported mechanism edge.
NODE04756	signaling_cascade	module20_24_export	Node participates in at least one evidence-gated exported mechanism edge.
NODE04757	ligand	register_ligand_receptor_layer	edge=M21B-E000106; evidence=M21B-EVID-000049
NODE04757	signaling_cascade	module20_24_export	Node participates in at least one evidence-gated exported mechanism edge.
NODE04758	signaling_cascade	module20_24_export	Node participates in at least one evidence-gated exported mechanism edge.
NODE04759	signaling_cascade	module20_24_export	Node participates in at least one evidence-gated exported mechanism edge.
NODE04760	receptor	register_ligand_receptor_layer	edge=M21B-E000106; evidence=M21B-EVID-000049
NODE04760	signaling_cascade	module20_24_export	Node participates in at least one evidence-gated exported mechanism edge.
NODE04761	signaling_cascade	module20_24_export	Node participates in at least one evidence-gated exported mechanism edge.
NODE04762	receptor	register_ligand_receptor_layer	edge=M23B-E001175; evidence=M23B-EVID-EXPAND23A-119 || edge=M23B-E001176; evidence=M23B-EVID-EXPAND23A-120
NODE04762	signaling_cascade	module20_24_export	Node participates in at least one evidence-gated exported mechanism edge.
NODE04763	signaling_cascade	module20_24_export	Node participates in at least one evidence-gated exported mechanism edge.
NODE04764	signaling_cascade	module20_24_export	Node participates in at least one evidence-gated exported mechanism edge.
NODE04764	target_gene	register_target_gene_layer	edge=M22B-E000416; evidence=M22B-EVID-000005;M22B-EVID-000031 || edge=M22B-E005816; evidence=M22B-EVID-005989 || edge=M22B-E006055; evidence=M22B-EVID-006228 || edge=M22B-E007181; evidence=M22B-EVID-007354 || edge=M22B-E007457; evidence=M22B-EVID-007630 || edge=M22B-E007982; evidence=M22B-EVID-008155 || edge=M22B-E008223; evidence=M22B-EVID-008396 || edge=M22B-E008618; evidence=M22B-EVID-008791 || edge=M22B-E009708; evidence=M22B-EVID-009881 || edge=M22B-E009973; evidence=M22B-EVID-010146
NODE04765	signaling_cascade	module20_24_export	Node participates in at least one evidence-gated exported mechanism edge.
NODE04766	signaling_cascade	module20_24_export	Node participates in at least one evidence-gated exported mechanism edge.
NODE04767	signaling_cascade	module20_24_export	Node participates in at least one evidence-gated exported mechanism edge.
NODE04768	signaling_cascade	module20_24_export	Node participates in at least one evidence-gated exported mechanism edge.
NODE04769	signaling_cascade	module20_24_export	Node participates in at least one evidence-gated exported mechanism edge.
NODE04770	signaling_cascade	module20_24_export	Node participates in at least one evidence-gated exported mechanism edge.
NODE04771	signaling_cascade	module20_24_export	Node participates in at least one evidence-gated exported mechanism edge.
NODE04772	ligand	register_ligand_receptor_layer	edge=M20B-E003904; evidence=M20B-EVID-003904;M20B-EVID-003904-P2-DIRECT;M20B-EVID-003904-P2-FUNC;M20B-EVID-003904-P2-RELAY
NODE04772	signaling_cascade	module20_24_export	Node participates in at least one evidence-gated exported mechanism edge.
NODE04772	target_gene	register_target_gene_layer	edge=M22B-E009746; evidence=M22B-EVID-009919
NODE04773	signaling_cascade	module20_24_export	Node participates in at least one evidence-gated exported mechanism edge.
NODE04774	signaling_cascade	module20_24_export	Node participates in at least one evidence-gated exported mechanism edge.
NODE04775	signaling_cascade	module20_24_export	Node participates in at least one evidence-gated exported mechanism edge.
NODE04776	signaling_cascade	module20_24_export	Node participates in at least one evidence-gated exported mechanism edge.
NODE04776	target_gene	register_target_gene_layer	edge=M22B-E006763; evidence=M22B-EVID-006936
NODE04777	signaling_cascade	module20_24_export	Node participates in at least one evidence-gated exported mechanism edge.
NODE04777	target_gene	register_target_gene_layer	edge=M22B-E008910; evidence=M22B-EVID-009083
NODE04778	receptor	register_ligand_receptor_layer	edge=M20B-E003904; evidence=M20B-EVID-003904;M20B-EVID-003904-P2-DIRECT;M20B-EVID-003904-P2-FUNC;M20B-EVID-003904-P2-RELAY
NODE04778	signaling_cascade	module20_24_export	Node participates in at least one evidence-gated exported mechanism edge.
NODE04779	signaling_cascade	module20_24_export	Node participates in at least one evidence-gated exported mechanism edge.
NODE04779	target_gene	register_target_gene_layer	edge=M22B-E008911; evidence=M22B-EVID-009084
NODE04780	signaling_cascade	module20_24_export	Node participates in at least one evidence-gated exported mechanism edge.
NODE04780	target_gene	register_target_gene_layer	edge=M22B-E006171; evidence=M22B-EVID-006344 || edge=M22B-E006463; evidence=M22B-EVID-006636 || edge=M22B-E006524; evidence=M22B-EVID-006697 || edge=M22B-E007458; evidence=M22B-EVID-007631 || edge=M22B-E008323; evidence=M22B-EVID-008496 || edge=M22B-E008619; evidence=M22B-EVID-008792 || edge=M22B-E008682; evidence=M22B-EVID-008855 || edge=M22B-E009653; evidence=M22B-EVID-009826
NODE04781	signaling_cascade	module20_24_export	Node participates in at least one evidence-gated exported mechanism edge.
NODE04782	ligand	register_ligand_receptor_layer	edge=M20B-E003909; evidence=M20B-EVID-003909;M20B-EVID-003909-P2-DIRECT;M20B-EVID-003909-P2-FUNC;M20B-EVID-003909-P2-RELAY
NODE04782	signaling_cascade	module20_24_export	Node participates in at least one evidence-gated exported mechanism edge.
NODE04783	signaling_cascade	module20_24_export	Node participates in at least one evidence-gated exported mechanism edge.
NODE04783	target_gene	register_target_gene_layer	edge=M22B-E005817; evidence=M22B-EVID-005990 || edge=M22B-E006056; evidence=M22B-EVID-006229 || edge=M22B-E006172; evidence=M22B-EVID-006345 || edge=M22B-E006464; evidence=M22B-EVID-006637 || edge=M22B-E006525; evidence=M22B-EVID-006698 || edge=M22B-E007182; evidence=M22B-EVID-007355 || edge=M22B-E007459; evidence=M22B-EVID-007632 || edge=M22B-E007983; evidence=M22B-EVID-008156 || edge=M22B-E008224; evidence=M22B-EVID-008397 || edge=M22B-E008324; evidence=M22B-EVID-008497 || edge=M22B-E008683; evidence=M22B-EVID-008856
NODE04784	signaling_cascade	module20_24_export	Node participates in at least one evidence-gated exported mechanism edge.
NODE04785	ligand	register_ligand_receptor_layer	edge=M20B-E003912; evidence=M20B-EVID-003912;M20B-EVID-003912-P2-DIRECT;M20B-EVID-003912-P2-FUNC;M20B-EVID-003912-P2-RELAY
NODE04785	signaling_cascade	module20_24_export	Node participates in at least one evidence-gated exported mechanism edge.
NODE04786	signaling_cascade	module20_24_export	Node participates in at least one evidence-gated exported mechanism edge.
NODE04786	target_gene	register_target_gene_layer	edge=M22B-E007460; evidence=M22B-EVID-007633
NODE04787	signaling_cascade	module20_24_export	Node participates in at least one evidence-gated exported mechanism edge.
NODE04788	signaling_cascade	module20_24_export	Node participates in at least one evidence-gated exported mechanism edge.
NODE04789	receptor	register_ligand_receptor_layer	edge=M20B-E003909; evidence=M20B-EVID-003909;M20B-EVID-003909-P2-DIRECT;M20B-EVID-003909-P2-FUNC;M20B-EVID-003909-P2-RELAY
NODE04789	signaling_cascade	module20_24_export	Node participates in at least one evidence-gated exported mechanism edge.
NODE04790	receptor	register_ligand_receptor_layer	edge=M20B-E003912; evidence=M20B-EVID-003912;M20B-EVID-003912-P2-DIRECT;M20B-EVID-003912-P2-FUNC;M20B-EVID-003912-P2-RELAY
NODE04790	signaling_cascade	module20_24_export	Node participates in at least one evidence-gated exported mechanism edge.
NODE04791	signaling_cascade	module20_24_export	Node participates in at least one evidence-gated exported mechanism edge.
NODE04791	target_gene	register_target_gene_layer	edge=M22B-E006257; evidence=M22B-EVID-006430 || edge=M22B-E007461; evidence=M22B-EVID-007634 || edge=M22B-E008410; evidence=M22B-EVID-008583
NODE04792	signaling_cascade	module20_24_export	Node participates in at least one evidence-gated exported mechanism edge.
NODE04793	signaling_cascade	module20_24_export	Node participates in at least one evidence-gated exported mechanism edge.
NODE04794	signaling_cascade	module20_24_export	Node participates in at least one evidence-gated exported mechanism edge.
NODE04795	receptor	register_ligand_receptor_layer	edge=M20B-E003267; evidence=M20B-EVID-003267
NODE04795	signaling_cascade	module20_24_export	Node participates in at least one evidence-gated exported mechanism edge.
NODE04796	ligand	register_ligand_receptor_layer	edge=M20B-E003913; evidence=M20B-EVID-003913;M20B-EVID-003913-P2-DIRECT;M20B-EVID-003913-P2-FUNC;M20B-EVID-003913-P2-RELAY || edge=M20B-E003914; evidence=M20B-EVID-003914;M20B-EVID-003914-P2-DIRECT;M20B-EVID-003914-P2-FUNC;M20B-EVID-003914-P2-RELAY
NODE04796	signaling_cascade	module20_24_export	Node participates in at least one evidence-gated exported mechanism edge.
NODE04796	target_gene	register_target_gene_layer	edge=M22B-E006258; evidence=M22B-EVID-006431 || edge=M22B-E006764; evidence=M22B-EVID-006937 || edge=M22B-E008411; evidence=M22B-EVID-008584 || edge=M22B-E008912; evidence=M22B-EVID-009085 || edge=M22B-E010123; evidence=M22B-EVID-010296
NODE04797	receptor	register_ligand_receptor_layer	edge=M20B-E003913; evidence=M20B-EVID-003913;M20B-EVID-003913-P2-DIRECT;M20B-EVID-003913-P2-FUNC;M20B-EVID-003913-P2-RELAY
NODE04797	signaling_cascade	module20_24_export	Node participates in at least one evidence-gated exported mechanism edge.
NODE04798	signaling_cascade	module20_24_export	Node participates in at least one evidence-gated exported mechanism edge.
NODE04799	signaling_cascade	module20_24_export	Node participates in at least one evidence-gated exported mechanism edge.
NODE04800	receptor	register_ligand_receptor_layer	edge=M20B-E003914; evidence=M20B-EVID-003914;M20B-EVID-003914-P2-DIRECT;M20B-EVID-003914-P2-FUNC;M20B-EVID-003914-P2-RELAY || edge=M20B-E003979; evidence=M20B-EVID-003979;M20B-EVID-003979-P2-DIRECT;M20B-EVID-003979-P2-FUNC;M20B-EVID-003979-P2-RELAY
NODE04800	signaling_cascade	module20_24_export	Node participates in at least one evidence-gated exported mechanism edge.
NODE04801	signaling_cascade	module20_24_export	Node participates in at least one evidence-gated exported mechanism edge.
NODE04802	ligand	register_ligand_receptor_layer	edge=M20B-E003918; evidence=M20B-EVID-003918;M20B-EVID-003918-P2-DIRECT;M20B-EVID-003918-P2-FUNC;M20B-EVID-003918-P2-RELAY
NODE04802	signaling_cascade	module20_24_export	Node participates in at least one evidence-gated exported mechanism edge.
NODE04802	target_gene	register_target_gene_layer	edge=M22B-E006465; evidence=M22B-EVID-006638 || edge=M22B-E007462; evidence=M22B-EVID-007635 || edge=M22B-E008620; evidence=M22B-EVID-008793
NODE04803	signaling_cascade	module20_24_export	Node participates in at least one evidence-gated exported mechanism edge.
NODE04804	signaling_cascade	module20_24_export	Node participates in at least one evidence-gated exported mechanism edge.
NODE04805	receptor	register_ligand_receptor_layer	edge=M20B-E003918; evidence=M20B-EVID-003918;M20B-EVID-003918-P2-DIRECT;M20B-EVID-003918-P2-FUNC;M20B-EVID-003918-P2-RELAY
NODE04805	signaling_cascade	module20_24_export	Node participates in at least one evidence-gated exported mechanism edge.
NODE04806	ligand	register_ligand_receptor_layer	edge=M20B-E003922; evidence=M20B-EVID-003922
NODE04806	signaling_cascade	module20_24_export	Node participates in at least one evidence-gated exported mechanism edge.
NODE04807	signaling_cascade	module20_24_export	Node participates in at least one evidence-gated exported mechanism edge.
NODE04808	signaling_cascade	module20_24_export	Node participates in at least one evidence-gated exported mechanism edge.
NODE04808	target_gene	register_target_gene_layer	edge=M22B-E009916; evidence=M22B-EVID-010089 || edge=M22B-E009919; evidence=M22B-EVID-010092 || edge=M22B-E009930; evidence=M22B-EVID-010103 || edge=M22B-E009931; evidence=M22B-EVID-010104
NODE04809	ligand	register_ligand_receptor_layer	edge=M20B-E003934; evidence=M20B-EVID-003934;M20B-EVID-003934-P2-DIRECT;M20B-EVID-003934-P2-FUNC;M20B-EVID-003934-P2-RELAY
NODE04809	signaling_cascade	module20_24_export	Node participates in at least one evidence-gated exported mechanism edge.
NODE04810	signaling_cascade	module20_24_export	Node participates in at least one evidence-gated exported mechanism edge.
NODE04811	signaling_cascade	module20_24_export	Node participates in at least one evidence-gated exported mechanism edge.
NODE04812	signaling_cascade	module20_24_export	Node participates in at least one evidence-gated exported mechanism edge.
NODE04813	ligand	register_ligand_receptor_layer	edge=M24B-E000089; evidence=M24B-EVID-000126
NODE04813	signaling_cascade	module20_24_export	Node participates in at least one evidence-gated exported mechanism edge.
NODE04813	target_gene	register_target_gene_layer	edge=M22B-E007463; evidence=M22B-EVID-007636
NODE04814	signaling_cascade	module20_24_export	Node participates in at least one evidence-gated exported mechanism edge.
NODE04815	signaling_cascade	module20_24_export	Node participates in at least one evidence-gated exported mechanism edge.
NODE04816	signaling_cascade	module20_24_export	Node participates in at least one evidence-gated exported mechanism edge.
NODE04817	signaling_cascade	module20_24_export	Node participates in at least one evidence-gated exported mechanism edge.
NODE04818	signaling_cascade	module20_24_export	Node participates in at least one evidence-gated exported mechanism edge.
NODE04819	receptor	register_ligand_receptor_layer	edge=M20B-E003934; evidence=M20B-EVID-003934;M20B-EVID-003934-P2-DIRECT;M20B-EVID-003934-P2-FUNC;M20B-EVID-003934-P2-RELAY
NODE04819	signaling_cascade	module20_24_export	Node participates in at least one evidence-gated exported mechanism edge.
NODE04820	signaling_cascade	module20_24_export	Node participates in at least one evidence-gated exported mechanism edge.
NODE04821	signaling_cascade	module20_24_export	Node participates in at least one evidence-gated exported mechanism edge.
NODE04822	signaling_cascade	module20_24_export	Node participates in at least one evidence-gated exported mechanism edge.
NODE04823	ligand	register_ligand_receptor_layer	edge=M20B-E003935; evidence=M20B-EVID-003935;M20B-EVID-003935-P2-DIRECT;M20B-EVID-003935-P2-FUNC;M20B-EVID-003935-P2-RELAY || edge=M20B-E003937; evidence=M20B-EVID-003937;M20B-EVID-003937-P2-DIRECT;M20B-EVID-003937-P2-FUNC;M20B-EVID-003937-P2-RELAY
NODE04823	signaling_cascade	module20_24_export	Node participates in at least one evidence-gated exported mechanism edge.
NODE04824	signaling_cascade	module20_24_export	Node participates in at least one evidence-gated exported mechanism edge.
NODE04825	receptor	register_ligand_receptor_layer	edge=M20B-E003935; evidence=M20B-EVID-003935;M20B-EVID-003935-P2-DIRECT;M20B-EVID-003935-P2-FUNC;M20B-EVID-003935-P2-RELAY
NODE04825	signaling_cascade	module20_24_export	Node participates in at least one evidence-gated exported mechanism edge.
NODE04826	signaling_cascade	module20_24_export	Node participates in at least one evidence-gated exported mechanism edge.
NODE04826	target_gene	register_target_gene_layer	edge=M22B-E007464; evidence=M22B-EVID-007637
NODE04827	signaling_cascade	module20_24_export	Node participates in at least one evidence-gated exported mechanism edge.
NODE04828	signaling_cascade	module20_24_export	Node participates in at least one evidence-gated exported mechanism edge.
NODE04829	signaling_cascade	module20_24_export	Node participates in at least one evidence-gated exported mechanism edge.
NODE04830	receptor	register_ligand_receptor_layer	edge=M20B-E003937; evidence=M20B-EVID-003937;M20B-EVID-003937-P2-DIRECT;M20B-EVID-003937-P2-FUNC;M20B-EVID-003937-P2-RELAY
NODE04830	signaling_cascade	module20_24_export	Node participates in at least one evidence-gated exported mechanism edge.
NODE04831	signaling_cascade	module20_24_export	Node participates in at least one evidence-gated exported mechanism edge.
NODE04832	signaling_cascade	module20_24_export	Node participates in at least one evidence-gated exported mechanism edge.
NODE04833	ligand	register_ligand_receptor_layer	edge=M20B-E003940; evidence=M20B-EVID-003940;M20B-EVID-003940-P2-BOUNDARY
NODE04833	signaling_cascade	module20_24_export	Node participates in at least one evidence-gated exported mechanism edge.
NODE04833	target_gene	register_target_gene_layer	edge=M22B-E006173; evidence=M22B-EVID-006346 || edge=M22B-E006526; evidence=M22B-EVID-006699 || edge=M22B-E007183; evidence=M22B-EVID-007356 || edge=M22B-E008325; evidence=M22B-EVID-008498 || edge=M22B-E008684; evidence=M22B-EVID-008857
NODE04834	signaling_cascade	module20_24_export	Node participates in at least one evidence-gated exported mechanism edge.
NODE04835	signaling_cascade	module20_24_export	Node participates in at least one evidence-gated exported mechanism edge.
NODE04836	signaling_cascade	module20_24_export	Node participates in at least one evidence-gated exported mechanism edge.
NODE04837	ligand	register_ligand_receptor_layer	edge=M20B-E003942; evidence=M20B-EVID-003942;M20B-EVID-003942-P2-BOUNDARY
NODE04837	signaling_cascade	module20_24_export	Node participates in at least one evidence-gated exported mechanism edge.
NODE04837	target_gene	register_target_gene_layer	edge=M22B-E005818; evidence=M22B-EVID-005991 || edge=M22B-E006174; evidence=M22B-EVID-006347 || edge=M22B-E006375; evidence=M22B-EVID-006548 || edge=M22B-E006527; evidence=M22B-EVID-006700 || edge=M22B-E007465; evidence=M22B-EVID-007638 || edge=M22B-E007795; evidence=M22B-EVID-007968 || edge=M22B-E007984; evidence=M22B-EVID-008157 || edge=M22B-E008326; evidence=M22B-EVID-008499 || edge=M22B-E008524; evidence=M22B-EVID-008697 || edge=M22B-E008685; evidence=M22B-EVID-008858 || edge=M22B-E009237; evidence=M22B-EVID-009410 || edge=M22B-E009468; evidence=M22B-EVID-009641 || edge=M22B-E009654; evidence=M22B-EVID-009827
NODE04838	signaling_cascade	module20_24_export	Node participates in at least one evidence-gated exported mechanism edge.
NODE04838	target_gene	register_target_gene_layer	edge=M22B-E000136; evidence=M22B-EVID-000386
NODE04839	signaling_cascade	module20_24_export	Node participates in at least one evidence-gated exported mechanism edge.
NODE04840	signaling_cascade	module20_24_export	Node participates in at least one evidence-gated exported mechanism edge.
NODE04841	ligand	register_ligand_receptor_layer	edge=M20B-E003949; evidence=M20B-EVID-003949
NODE04841	signaling_cascade	module20_24_export	Node participates in at least one evidence-gated exported mechanism edge.
NODE04842	ligand	register_ligand_receptor_layer	edge=M20B-E003950; evidence=M20B-EVID-003950
NODE04842	signaling_cascade	module20_24_export	Node participates in at least one evidence-gated exported mechanism edge.
NODE04843	ligand	register_ligand_receptor_layer	edge=M20B-E003951; evidence=M20B-EVID-003951
NODE04843	signaling_cascade	module20_24_export	Node participates in at least one evidence-gated exported mechanism edge.
NODE04844	ligand	register_ligand_receptor_layer	edge=M20B-E003954; evidence=M20B-EVID-003954
NODE04844	signaling_cascade	module20_24_export	Node participates in at least one evidence-gated exported mechanism edge.
NODE04845	signaling_cascade	module20_24_export	Node participates in at least one evidence-gated exported mechanism edge.
NODE04845	target_gene	register_target_gene_layer	edge=M22B-E007466; evidence=M22B-EVID-007639
NODE04846	signaling_cascade	module20_24_export	Node participates in at least one evidence-gated exported mechanism edge.
NODE04847	signaling_cascade	module20_24_export	Node participates in at least one evidence-gated exported mechanism edge.
NODE04848	signaling_cascade	module20_24_export	Node participates in at least one evidence-gated exported mechanism edge.
NODE04849	signaling_cascade	module20_24_export	Node participates in at least one evidence-gated exported mechanism edge.
NODE04850	signaling_cascade	module20_24_export	Node participates in at least one evidence-gated exported mechanism edge.
NODE04851	signaling_cascade	module20_24_export	Node participates in at least one evidence-gated exported mechanism edge.
NODE04852	receptor	register_ligand_receptor_layer	edge=M20B-E003940; evidence=M20B-EVID-003940;M20B-EVID-003940-P2-BOUNDARY || edge=M20B-E003942; evidence=M20B-EVID-003942;M20B-EVID-003942-P2-BOUNDARY
NODE04852	signaling_cascade	module20_24_export	Node participates in at least one evidence-gated exported mechanism edge.
NODE04853	signaling_cascade	module20_24_export	Node participates in at least one evidence-gated exported mechanism edge.
NODE04854	receptor	register_ligand_receptor_layer	edge=M24B-E000121; evidence=M24B-EVID-000163
NODE04854	signaling_cascade	module20_24_export	Node participates in at least one evidence-gated exported mechanism edge.
NODE04855	signaling_cascade	module20_24_export	Node participates in at least one evidence-gated exported mechanism edge.
NODE04856	receptor	register_ligand_receptor_layer	edge=M20B-E003975; evidence=M20B-EVID-003975;M20B-EVID-003975-P2-DIRECT;M20B-EVID-003975-P2-FUNC;M20B-EVID-003975-P2-RELAY
NODE04856	signaling_cascade	module20_24_export	Node participates in at least one evidence-gated exported mechanism edge.
NODE04857	receptor	register_ligand_receptor_layer	edge=M20B-E003949; evidence=M20B-EVID-003949 || edge=M20B-E003950; evidence=M20B-EVID-003950 || edge=M20B-E003951; evidence=M20B-EVID-003951 || edge=M20B-E003954; evidence=M20B-EVID-003954
NODE04857	signaling_cascade	module20_24_export	Node participates in at least one evidence-gated exported mechanism edge.
NODE04858	signaling_cascade	module20_24_export	Node participates in at least one evidence-gated exported mechanism edge.
NODE04859	signaling_cascade	module20_24_export	Node participates in at least one evidence-gated exported mechanism edge.
NODE04860	signaling_cascade	module20_24_export	Node participates in at least one evidence-gated exported mechanism edge.
NODE04860	target_gene	register_target_gene_layer	edge=M22B-E010293; evidence=M22B-EVID-010466 || edge=M22B-E010294; evidence=M22B-EVID-010467
NODE04861	signaling_cascade	module20_24_export	Node participates in at least one evidence-gated exported mechanism edge.
NODE04862	signaling_cascade	module20_24_export	Node participates in at least one evidence-gated exported mechanism edge.
NODE04863	signaling_cascade	module20_24_export	Node participates in at least one evidence-gated exported mechanism edge.
NODE04864	receptor	register_ligand_receptor_layer	edge=M24B-E000093; evidence=M24B-EVID-000130 || edge=M24B-E000094; evidence=M24B-EVID-000131 || edge=M24B-E000095; evidence=M24B-EVID-000132
NODE04864	signaling_cascade	module20_24_export	Node participates in at least one evidence-gated exported mechanism edge.
NODE04865	signaling_cascade	module20_24_export	Node participates in at least one evidence-gated exported mechanism edge.
NODE04866	signaling_cascade	module20_24_export	Node participates in at least one evidence-gated exported mechanism edge.
NODE04867	signaling_cascade	module20_24_export	Node participates in at least one evidence-gated exported mechanism edge.
NODE04868	ligand	register_ligand_receptor_layer	edge=M20B-E003960; evidence=M20B-EVID-003960;M20B-EVID-003960-P2-DIRECT;M20B-EVID-003960-P2-FUNC;M20B-EVID-003960-P2-RELAY || edge=M20B-E003961; evidence=M20B-EVID-003961;M20B-EVID-003961-P2-DIRECT;M20B-EVID-003961-P2-FUNC;M20B-EVID-003961-P2-RELAY
NODE04868	signaling_cascade	module20_24_export	Node participates in at least one evidence-gated exported mechanism edge.
NODE04868	target_gene	register_target_gene_layer	edge=M22B-E005909; evidence=M22B-EVID-006082 || edge=M22B-E006057; evidence=M22B-EVID-006230 || edge=M22B-E006175; evidence=M22B-EVID-006348 || edge=M22B-E006765; evidence=M22B-EVID-006938 || edge=M22B-E006997; evidence=M22B-EVID-007170 || edge=M22B-E007184; evidence=M22B-EVID-007357 || edge=M22B-E008083; evidence=M22B-EVID-008256 || edge=M22B-E008225; evidence=M22B-EVID-008398 || edge=M22B-E008327; evidence=M22B-EVID-008500 || edge=M22B-E008686; evidence=M22B-EVID-008859 || edge=M22B-E008913; evidence=M22B-EVID-009086 || edge=M22B-E009942; evidence=M22B-EVID-010115 || edge=M22B-E009951; evidence=M22B-EVID-010124
NODE04869	signaling_cascade	module20_24_export	Node participates in at least one evidence-gated exported mechanism edge.
NODE04870	ligand	register_ligand_receptor_layer	edge=M20B-E003963; evidence=M20B-EVID-003963;M20B-EVID-003963-P2-DIRECT;M20B-EVID-003963-P2-FUNC;M20B-EVID-003963-P2-RELAY
NODE04870	signaling_cascade	module20_24_export	Node participates in at least one evidence-gated exported mechanism edge.
NODE04870	target_gene	register_target_gene_layer	edge=M22B-E006376; evidence=M22B-EVID-006549 || edge=M22B-E008525; evidence=M22B-EVID-008698
NODE04871	signaling_cascade	module20_24_export	Node participates in at least one evidence-gated exported mechanism edge.
NODE04872	signaling_cascade	module20_24_export	Node participates in at least one evidence-gated exported mechanism edge.
NODE04873	receptor	register_ligand_receptor_layer	edge=M20B-E003963; evidence=M20B-EVID-003963;M20B-EVID-003963-P2-DIRECT;M20B-EVID-003963-P2-FUNC;M20B-EVID-003963-P2-RELAY || edge=M20B-E003973; evidence=M20B-EVID-003973;M20B-EVID-003973-P2-DIRECT;M20B-EVID-003973-P2-RELAY
NODE04873	signaling_cascade	module20_24_export	Node participates in at least one evidence-gated exported mechanism edge.
NODE04874	ligand	register_ligand_receptor_layer	edge=M20B-E003964; evidence=M20B-EVID-003964;M20B-EVID-003964-P2-DIRECT;M20B-EVID-003964-P2-FUNC;M20B-EVID-003964-P2-RELAY
NODE04874	signaling_cascade	module20_24_export	Node participates in at least one evidence-gated exported mechanism edge.
NODE04875	signaling_cascade	module20_24_export	Node participates in at least one evidence-gated exported mechanism edge.
NODE04876	signaling_cascade	module20_24_export	Node participates in at least one evidence-gated exported mechanism edge.
NODE04877	signaling_cascade	module20_24_export	Node participates in at least one evidence-gated exported mechanism edge.
NODE04878	receptor	register_ligand_receptor_layer	edge=M20B-E003964; evidence=M20B-EVID-003964;M20B-EVID-003964-P2-DIRECT;M20B-EVID-003964-P2-FUNC;M20B-EVID-003964-P2-RELAY
NODE04878	signaling_cascade	module20_24_export	Node participates in at least one evidence-gated exported mechanism edge.
NODE04879	signaling_cascade	module20_24_export	Node participates in at least one evidence-gated exported mechanism edge.
NODE04880	signaling_cascade	module20_24_export	Node participates in at least one evidence-gated exported mechanism edge.
NODE04881	signaling_cascade	module20_24_export	Node participates in at least one evidence-gated exported mechanism edge.
NODE04882	signaling_cascade	module20_24_export	Node participates in at least one evidence-gated exported mechanism edge.
NODE04883	signaling_cascade	module20_24_export	Node participates in at least one evidence-gated exported mechanism edge.
NODE04884	signaling_cascade	module20_24_export	Node participates in at least one evidence-gated exported mechanism edge.
NODE04884	target_gene	register_target_gene_layer	edge=M22B-E009625; evidence=M22B-EVID-009798 || edge=M22B-E009798; evidence=M22B-EVID-009971
NODE04885	signaling_cascade	module20_24_export	Node participates in at least one evidence-gated exported mechanism edge.
NODE04886	signaling_cascade	module20_24_export	Node participates in at least one evidence-gated exported mechanism edge.
NODE04887	ligand	register_ligand_receptor_layer	edge=M20B-E003973; evidence=M20B-EVID-003973;M20B-EVID-003973-P2-DIRECT;M20B-EVID-003973-P2-RELAY
NODE04887	signaling_cascade	module20_24_export	Node participates in at least one evidence-gated exported mechanism edge.
NODE04887	target_gene	register_target_gene_layer	edge=M22B-E005819; evidence=M22B-EVID-005992 || edge=M22B-E006528; evidence=M22B-EVID-006701 || edge=M22B-E009709; evidence=M22B-EVID-009882
NODE04888	signaling_cascade	module20_24_export	Node participates in at least one evidence-gated exported mechanism edge.
NODE04889	signaling_cascade	module20_24_export	Node participates in at least one evidence-gated exported mechanism edge.
NODE04890	signaling_cascade	module20_24_export	Node participates in at least one evidence-gated exported mechanism edge.
NODE04890	target_gene	register_target_gene_layer	edge=M22B-E006466; evidence=M22B-EVID-006639 || edge=M22B-E008621; evidence=M22B-EVID-008794 || edge=M22B-E009695; evidence=M22B-EVID-009868 || edge=M22B-E009747; evidence=M22B-EVID-009920
NODE04891	signaling_cascade	module20_24_export	Node participates in at least one evidence-gated exported mechanism edge.
NODE04892	signaling_cascade	module20_24_export	Node participates in at least one evidence-gated exported mechanism edge.
NODE04893	signaling_cascade	module20_24_export	Node participates in at least one evidence-gated exported mechanism edge.
NODE04894	signaling_cascade	module20_24_export	Node participates in at least one evidence-gated exported mechanism edge.
NODE04895	receptor	register_ligand_receptor_layer	edge=M20B-E003268; evidence=M20B-EVID-003268
NODE04895	signaling_cascade	module20_24_export	Node participates in at least one evidence-gated exported mechanism edge.
NODE04896	signaling_cascade	module20_24_export	Node participates in at least one evidence-gated exported mechanism edge.
NODE04896	target_gene	register_target_gene_layer	edge=M22B-E006176; evidence=M22B-EVID-006349 || edge=M22B-E006259; evidence=M22B-EVID-006432 || edge=M22B-E006977; evidence=M22B-EVID-007150 || edge=M22B-E007467; evidence=M22B-EVID-007640 || edge=M22B-E008328; evidence=M22B-EVID-008501 || edge=M22B-E008412; evidence=M22B-EVID-008585 || edge=M22B-E009091; evidence=M22B-EVID-009264
NODE04897	signaling_cascade	module20_24_export	Node participates in at least one evidence-gated exported mechanism edge.
NODE04898	signaling_cascade	module20_24_export	Node participates in at least one evidence-gated exported mechanism edge.
NODE04899	receptor	register_ligand_receptor_layer	edge=M20B-E003960; evidence=M20B-EVID-003960;M20B-EVID-003960-P2-DIRECT;M20B-EVID-003960-P2-FUNC;M20B-EVID-003960-P2-RELAY
NODE04899	signaling_cascade	module20_24_export	Node participates in at least one evidence-gated exported mechanism edge.
NODE04900	signaling_cascade	module20_24_export	Node participates in at least one evidence-gated exported mechanism edge.
NODE04900	target_gene	register_target_gene_layer	edge=M22B-E005910; evidence=M22B-EVID-006083 || edge=M22B-E006058; evidence=M22B-EVID-006231 || edge=M22B-E007185; evidence=M22B-EVID-007358 || edge=M22B-E008084; evidence=M22B-EVID-008257 || edge=M22B-E008226; evidence=M22B-EVID-008399
NODE04901	signaling_cascade	module20_24_export	Node participates in at least one evidence-gated exported mechanism edge.
NODE04902	signaling_cascade	module20_24_export	Node participates in at least one evidence-gated exported mechanism edge.
NODE04903	signaling_cascade	module20_24_export	Node participates in at least one evidence-gated exported mechanism edge.
NODE04904	signaling_cascade	module20_24_export	Node participates in at least one evidence-gated exported mechanism edge.
NODE04905	signaling_cascade	module20_24_export	Node participates in at least one evidence-gated exported mechanism edge.
NODE04906	signaling_cascade	module20_24_export	Node participates in at least one evidence-gated exported mechanism edge.
NODE04907	receptor	register_ligand_receptor_layer	edge=M20B-E003961; evidence=M20B-EVID-003961;M20B-EVID-003961-P2-DIRECT;M20B-EVID-003961-P2-FUNC;M20B-EVID-003961-P2-RELAY
NODE04907	signaling_cascade	module20_24_export	Node participates in at least one evidence-gated exported mechanism edge.
NODE04908	signaling_cascade	module20_24_export	Node participates in at least one evidence-gated exported mechanism edge.
NODE04909	signaling_cascade	module20_24_export	Node participates in at least one evidence-gated exported mechanism edge.
NODE04910	signaling_cascade	module20_24_export	Node participates in at least one evidence-gated exported mechanism edge.
NODE04911	receptor	register_ligand_receptor_layer	edge=M20B-E003982; evidence=M20B-EVID-003982;M20B-EVID-003982-P2-DIRECT;M20B-EVID-003982-P2-FUNC;M20B-EVID-003982-P2-RELAY
NODE04911	signaling_cascade	module20_24_export	Node participates in at least one evidence-gated exported mechanism edge.
NODE04912	receptor	register_ligand_receptor_layer	edge=M20B-E003990; evidence=M20B-EVID-003990;M20B-EVID-003990-P2-DIRECT;M20B-EVID-003990-P2-FUNC;M20B-EVID-003990-P2-RELAY
NODE04912	signaling_cascade	module20_24_export	Node participates in at least one evidence-gated exported mechanism edge.
NODE04913	receptor	register_ligand_receptor_layer	edge=M20B-E003991; evidence=M20B-EVID-003991;M20B-EVID-003991-P2-DIRECT;M20B-EVID-003991-P2-FUNC;M20B-EVID-003991-P2-RELAY
NODE04913	signaling_cascade	module20_24_export	Node participates in at least one evidence-gated exported mechanism edge.
NODE04914	signaling_cascade	module20_24_export	Node participates in at least one evidence-gated exported mechanism edge.
NODE04914	target_gene	register_target_gene_layer	edge=M22B-E005820; evidence=M22B-EVID-005993 || edge=M22B-E005911; evidence=M22B-EVID-006084 || edge=M22B-E006059; evidence=M22B-EVID-006232 || edge=M22B-E006998; evidence=M22B-EVID-007171 || edge=M22B-E007186; evidence=M22B-EVID-007359 || edge=M22B-E009439; evidence=M22B-EVID-009612 || edge=M22B-E009710; evidence=M22B-EVID-009883
NODE04915	signaling_cascade	module20_24_export	Node participates in at least one evidence-gated exported mechanism edge.
NODE04916	signaling_cascade	module20_24_export	Node participates in at least one evidence-gated exported mechanism edge.
NODE04917	signaling_cascade	module20_24_export	Node participates in at least one evidence-gated exported mechanism edge.
NODE04918	signaling_cascade	module20_24_export	Node participates in at least one evidence-gated exported mechanism edge.
NODE04919	ligand	register_ligand_receptor_layer	edge=M20B-E003975; evidence=M20B-EVID-003975;M20B-EVID-003975-P2-DIRECT;M20B-EVID-003975-P2-FUNC;M20B-EVID-003975-P2-RELAY
NODE04919	signaling_cascade	module20_24_export	Node participates in at least one evidence-gated exported mechanism edge.
NODE04920	signaling_cascade	module20_24_export	Node participates in at least one evidence-gated exported mechanism edge.
NODE04921	signaling_cascade	module20_24_export	Node participates in at least one evidence-gated exported mechanism edge.
NODE04922	ligand	register_ligand_receptor_layer	edge=M20B-E003976; evidence=M20B-EVID-003976 || edge=M23B-E000188; evidence=M23B-EVID-000270
NODE04922	signaling_cascade	module20_24_export	Node participates in at least one evidence-gated exported mechanism edge.
NODE04923	signaling_cascade	module20_24_export	Node participates in at least one evidence-gated exported mechanism edge.
NODE04924	signaling_cascade	module20_24_export	Node participates in at least one evidence-gated exported mechanism edge.
NODE04925	ligand	register_ligand_receptor_layer	edge=M24B-E000093; evidence=M24B-EVID-000130
NODE04925	signaling_cascade	module20_24_export	Node participates in at least one evidence-gated exported mechanism edge.
NODE04926	signaling_cascade	module20_24_export	Node participates in at least one evidence-gated exported mechanism edge.
NODE04927	ligand	register_ligand_receptor_layer	edge=M24B-E000094; evidence=M24B-EVID-000131
NODE04927	signaling_cascade	module20_24_export	Node participates in at least one evidence-gated exported mechanism edge.
NODE04928	ligand	register_ligand_receptor_layer	edge=M24B-E000095; evidence=M24B-EVID-000132
NODE04928	signaling_cascade	module20_24_export	Node participates in at least one evidence-gated exported mechanism edge.
NODE04929	signaling_cascade	module20_24_export	Node participates in at least one evidence-gated exported mechanism edge.
NODE04930	signaling_cascade	module20_24_export	Node participates in at least one evidence-gated exported mechanism edge.
NODE04931	signaling_cascade	module20_24_export	Node participates in at least one evidence-gated exported mechanism edge.
NODE04932	ligand	register_ligand_receptor_layer	edge=M20B-E003979; evidence=M20B-EVID-003979;M20B-EVID-003979-P2-DIRECT;M20B-EVID-003979-P2-FUNC;M20B-EVID-003979-P2-RELAY || edge=M20B-E003982; evidence=M20B-EVID-003982;M20B-EVID-003982-P2-DIRECT;M20B-EVID-003982-P2-FUNC;M20B-EVID-003982-P2-RELAY
NODE04932	signaling_cascade	module20_24_export	Node participates in at least one evidence-gated exported mechanism edge.
NODE04932	target_gene	register_target_gene_layer	edge=M22B-E005821; evidence=M22B-EVID-005994 || edge=M22B-E006260; evidence=M22B-EVID-006433 || edge=M22B-E006467; evidence=M22B-EVID-006640 || edge=M22B-E007985; evidence=M22B-EVID-008158 || edge=M22B-E008413; evidence=M22B-EVID-008586 || edge=M22B-E008622; evidence=M22B-EVID-008795 || edge=M22B-E009655; evidence=M22B-EVID-009828 || edge=M22B-E009748; evidence=M22B-EVID-009921 || edge=M22B-E010121; evidence=M22B-EVID-010294
NODE04933	signaling_cascade	module20_24_export	Node participates in at least one evidence-gated exported mechanism edge.
NODE04934	signaling_cascade	module20_24_export	Node participates in at least one evidence-gated exported mechanism edge.
NODE04935	signaling_cascade	module20_24_export	Node participates in at least one evidence-gated exported mechanism edge.
NODE04936	signaling_cascade	module20_24_export	Node participates in at least one evidence-gated exported mechanism edge.
NODE04936	target_gene	register_target_gene_layer	edge=M22B-E006177; evidence=M22B-EVID-006350 || edge=M22B-E006261; evidence=M22B-EVID-006434 || edge=M22B-E008329; evidence=M22B-EVID-008502 || edge=M22B-E008414; evidence=M22B-EVID-008587
NODE04937	signaling_cascade	module20_24_export	Node participates in at least one evidence-gated exported mechanism edge.
NODE04938	signaling_cascade	module20_24_export	Node participates in at least one evidence-gated exported mechanism edge.
NODE04939	signaling_cascade	module20_24_export	Node participates in at least one evidence-gated exported mechanism edge.
NODE04940	signaling_cascade	module20_24_export	Node participates in at least one evidence-gated exported mechanism edge.
NODE04941	signaling_cascade	module20_24_export	Node participates in at least one evidence-gated exported mechanism edge.
NODE04942	signaling_cascade	module20_24_export	Node participates in at least one evidence-gated exported mechanism edge.
NODE04943	signaling_cascade	module20_24_export	Node participates in at least one evidence-gated exported mechanism edge.
NODE04944	ligand	register_ligand_receptor_layer	edge=M20B-E003984; evidence=M20B-EVID-003984;M20B-EVID-003984-P2-DIRECT;M20B-EVID-003984-P2-FUNC;M20B-EVID-003984-P2-RELAY
NODE04944	signaling_cascade	module20_24_export	Node participates in at least one evidence-gated exported mechanism edge.
NODE04944	target_gene	register_target_gene_layer	edge=M22B-E005822; evidence=M22B-EVID-005995 || edge=M22B-E006060; evidence=M22B-EVID-006233 || edge=M22B-E006262; evidence=M22B-EVID-006435 || edge=M22B-E006468; evidence=M22B-EVID-006641 || edge=M22B-E006529; evidence=M22B-EVID-006702 || edge=M22B-E007986; evidence=M22B-EVID-008159 || edge=M22B-E008227; evidence=M22B-EVID-008400 || edge=M22B-E008415; evidence=M22B-EVID-008588 || edge=M22B-E008623; evidence=M22B-EVID-008796 || edge=M22B-E008687; evidence=M22B-EVID-008860 || edge=M22B-E010122; evidence=M22B-EVID-010295
NODE04945	signaling_cascade	module20_24_export	Node participates in at least one evidence-gated exported mechanism edge.
NODE04945	target_gene	register_target_gene_layer	edge=M22B-E006530; evidence=M22B-EVID-006703 || edge=M22B-E008688; evidence=M22B-EVID-008861
NODE04946	signaling_cascade	module20_24_export	Node participates in at least one evidence-gated exported mechanism edge.
NODE04947	ligand	register_ligand_receptor_layer	edge=M20B-E003988; evidence=M20B-EVID-003988
NODE04947	signaling_cascade	module20_24_export	Node participates in at least one evidence-gated exported mechanism edge.
NODE04947	target_gene	register_target_gene_layer	edge=M22B-E000252; evidence=M22B-EVID-000390 || edge=M22B-E005823; evidence=M22B-EVID-005996 || edge=M22B-E006178; evidence=M22B-EVID-006351 || edge=M22B-E006531; evidence=M22B-EVID-006704 || edge=M22B-E006978; evidence=M22B-EVID-007151 || edge=M22B-E007987; evidence=M22B-EVID-008160 || edge=M22B-E008085; evidence=M22B-EVID-008258 || edge=M22B-E008330; evidence=M22B-EVID-008503 || edge=M22B-E008689; evidence=M22B-EVID-008862 || edge=M22B-E009092; evidence=M22B-EVID-009265 || edge=M22B-E009469; evidence=M22B-EVID-009642 || edge=M22B-E009560; evidence=M22B-EVID-009733 || edge=M22B-E009905; evidence=M22B-EVID-010078 || edge=M22B-E009939; evidence=M22B-EVID-010112
NODE04948	signaling_cascade	module20_24_export	Node participates in at least one evidence-gated exported mechanism edge.
NODE04948	target_gene	register_target_gene_layer	edge=M22B-E000329; evidence=M22B-EVID-000300
NODE04949	signaling_cascade	module20_24_export	Node participates in at least one evidence-gated exported mechanism edge.
NODE04950	receptor	register_ligand_receptor_layer	edge=M20B-E003988; evidence=M20B-EVID-003988
NODE04950	signaling_cascade	module20_24_export	Node participates in at least one evidence-gated exported mechanism edge.
NODE04951	signaling_cascade	module20_24_export	Node participates in at least one evidence-gated exported mechanism edge.
NODE04951	target_gene	register_target_gene_layer	edge=M22B-E007468; evidence=M22B-EVID-007641
NODE04952	receptor	register_ligand_receptor_layer	edge=M20B-E003178; evidence=M20B-EVID-003178 || edge=M20B-E004156; evidence=M20B-EVID-004156;M20B-EVID-004156-P2-DIRECT;M20B-EVID-004156-P2-FUNC;M20B-EVID-004156-P2-RELAY || edge=M20B-E004439; evidence=M20B-EVID-004439;M20B-EVID-004439-P2-DIRECT;M20B-EVID-004439-P2-FUNC;M20B-EVID-004439-P2-RELAY
NODE04952	signaling_cascade	module20_24_export	Node participates in at least one evidence-gated exported mechanism edge.
NODE04953	receptor	register_ligand_receptor_layer	edge=M20B-E004440; evidence=M20B-EVID-004440;M20B-EVID-004440-P2-DIRECT;M20B-EVID-004440-P2-FUNC;M20B-EVID-004440-P2-RELAY
NODE04953	signaling_cascade	module20_24_export	Node participates in at least one evidence-gated exported mechanism edge.
NODE04954	ligand	register_ligand_receptor_layer	edge=M20B-E003990; evidence=M20B-EVID-003990;M20B-EVID-003990-P2-DIRECT;M20B-EVID-003990-P2-FUNC;M20B-EVID-003990-P2-RELAY
NODE04954	signaling_cascade	module20_24_export	Node participates in at least one evidence-gated exported mechanism edge.
NODE04955	signaling_cascade	module20_24_export	Node participates in at least one evidence-gated exported mechanism edge.
NODE04956	signaling_cascade	module20_24_export	Node participates in at least one evidence-gated exported mechanism edge.
NODE04956	target_gene	register_target_gene_layer	edge=M22B-E009675; evidence=M22B-EVID-009848
NODE04957	signaling_cascade	module20_24_export	Node participates in at least one evidence-gated exported mechanism edge.
NODE04958	signaling_cascade	module20_24_export	Node participates in at least one evidence-gated exported mechanism edge.
NODE04959	signaling_cascade	module20_24_export	Node participates in at least one evidence-gated exported mechanism edge.
NODE04960	signaling_cascade	module20_24_export	Node participates in at least one evidence-gated exported mechanism edge.
NODE04961	signaling_cascade	module20_24_export	Node participates in at least one evidence-gated exported mechanism edge.
NODE04961	target_gene	register_target_gene_layer	edge=M22B-E010028; evidence=M22B-EVID-010201 || edge=M22B-E010622; evidence=M22B-EVID-010718
NODE04962	ligand	register_ligand_receptor_layer	edge=M20B-E003991; evidence=M20B-EVID-003991;M20B-EVID-003991-P2-DIRECT;M20B-EVID-003991-P2-FUNC;M20B-EVID-003991-P2-RELAY
NODE04962	signaling_cascade	module20_24_export	Node participates in at least one evidence-gated exported mechanism edge.
NODE04962	target_gene	register_target_gene_layer	edge=M22B-E010124; evidence=M22B-EVID-010297
NODE04963	signaling_cascade	module20_24_export	Node participates in at least one evidence-gated exported mechanism edge.
NODE04964	signaling_cascade	module20_24_export	Node participates in at least one evidence-gated exported mechanism edge.
NODE04965	signaling_cascade	module20_24_export	Node participates in at least one evidence-gated exported mechanism edge.
NODE04966	signaling_cascade	module20_24_export	Node participates in at least one evidence-gated exported mechanism edge.
NODE04967	signaling_cascade	module20_24_export	Node participates in at least one evidence-gated exported mechanism edge.
NODE04968	signaling_cascade	module20_24_export	Node participates in at least one evidence-gated exported mechanism edge.
NODE04969	signaling_cascade	module20_24_export	Node participates in at least one evidence-gated exported mechanism edge.
NODE04970	signaling_cascade	module20_24_export	Node participates in at least one evidence-gated exported mechanism edge.
NODE04971	signaling_cascade	module20_24_export	Node participates in at least one evidence-gated exported mechanism edge.
NODE04972	signaling_cascade	module20_24_export	Node participates in at least one evidence-gated exported mechanism edge.
NODE04973	signaling_cascade	module20_24_export	Node participates in at least one evidence-gated exported mechanism edge.
NODE04974	signaling_cascade	module20_24_export	Node participates in at least one evidence-gated exported mechanism edge.
NODE04974	target_gene	register_target_gene_layer	edge=M22B-E006766; evidence=M22B-EVID-006939 || edge=M22B-E008914; evidence=M22B-EVID-009087
NODE04975	signaling_cascade	module20_24_export	Node participates in at least one evidence-gated exported mechanism edge.
NODE04975	target_gene	register_target_gene_layer	edge=M22B-E005783; evidence=M22B-EVID-005956 || edge=M22B-E005912; evidence=M22B-EVID-006085 || edge=M22B-E007187; evidence=M22B-EVID-007360
NODE04976	signaling_cascade	module20_24_export	Node participates in at least one evidence-gated exported mechanism edge.
NODE04977	signaling_cascade	module20_24_export	Node participates in at least one evidence-gated exported mechanism edge.
NODE04978	signaling_cascade	module20_24_export	Node participates in at least one evidence-gated exported mechanism edge.
NODE04979	signaling_cascade	module20_24_export	Node participates in at least one evidence-gated exported mechanism edge.
NODE04980	signaling_cascade	module20_24_export	Node participates in at least one evidence-gated exported mechanism edge.
NODE04981	signaling_cascade	module20_24_export	Node participates in at least one evidence-gated exported mechanism edge.
NODE04982	signaling_cascade	module20_24_export	Node participates in at least one evidence-gated exported mechanism edge.
NODE04983	signaling_cascade	module20_24_export	Node participates in at least one evidence-gated exported mechanism edge.
NODE04983	target_gene	register_target_gene_layer	edge=M22B-E007796; evidence=M22B-EVID-007969 || edge=M22B-E009238; evidence=M22B-EVID-009411
NODE04984	signaling_cascade	module20_24_export	Node participates in at least one evidence-gated exported mechanism edge.
NODE04985	ligand	register_ligand_receptor_layer	edge=M20B-E004003; evidence=M20B-EVID-004003;M20B-EVID-004003-P2-DIRECT;M20B-EVID-004003-P2-FUNC;M20B-EVID-004003-P2-RELAY
NODE04985	signaling_cascade	module20_24_export	Node participates in at least one evidence-gated exported mechanism edge.
NODE04986	signaling_cascade	module20_24_export	Node participates in at least one evidence-gated exported mechanism edge.
NODE04987	signaling_cascade	module20_24_export	Node participates in at least one evidence-gated exported mechanism edge.
NODE04988	signaling_cascade	module20_24_export	Node participates in at least one evidence-gated exported mechanism edge.
NODE04989	signaling_cascade	module20_24_export	Node participates in at least one evidence-gated exported mechanism edge.
NODE04990	signaling_cascade	module20_24_export	Node participates in at least one evidence-gated exported mechanism edge.
NODE04991	signaling_cascade	module20_24_export	Node participates in at least one evidence-gated exported mechanism edge.
NODE04991	target_gene	register_target_gene_layer	edge=M22B-E007469; evidence=M22B-EVID-007642
NODE04992	signaling_cascade	module20_24_export	Node participates in at least one evidence-gated exported mechanism edge.
NODE04993	signaling_cascade	module20_24_export	Node participates in at least one evidence-gated exported mechanism edge.
NODE04994	signaling_cascade	module20_24_export	Node participates in at least one evidence-gated exported mechanism edge.
NODE04994	target_gene	register_target_gene_layer	edge=M22B-E005784; evidence=M22B-EVID-005957
NODE04995	signaling_cascade	module20_24_export	Node participates in at least one evidence-gated exported mechanism edge.
NODE04996	signaling_cascade	module20_24_export	Node participates in at least one evidence-gated exported mechanism edge.
NODE04997	signaling_cascade	module20_24_export	Node participates in at least one evidence-gated exported mechanism edge.
NODE04997	target_gene	register_target_gene_layer	edge=M22B-E007950; evidence=M22B-EVID-008123
NODE04998	ligand	register_ligand_receptor_layer	edge=M20B-E004013; evidence=M20B-EVID-004013;M20B-EVID-004013-P2-DIRECT;M20B-EVID-004013-P2-FUNC;M20B-EVID-004013-P2-RELAY || edge=M20B-E004014; evidence=M20B-EVID-004014;M20B-EVID-004014-P2-DIRECT;M20B-EVID-004014-P2-FUNC;M20B-EVID-004014-P2-RELAY
NODE04998	signaling_cascade	module20_24_export	Node participates in at least one evidence-gated exported mechanism edge.
NODE04998	target_gene	register_target_gene_layer	edge=M22B-E007951; evidence=M22B-EVID-008124
NODE04999	ligand	register_ligand_receptor_layer	edge=M20B-E004025; evidence=M20B-EVID-004025;M20B-EVID-004025-P2-DIRECT;M20B-EVID-004025-P2-FUNC;M20B-EVID-004025-P2-RELAY
NODE04999	signaling_cascade	module20_24_export	Node participates in at least one evidence-gated exported mechanism edge.
NODE05000	ligand	register_ligand_receptor_layer	edge=M20B-E004035; evidence=M20B-EVID-004035;M20B-EVID-004035-P2-DIRECT;M20B-EVID-004035-P2-FUNC;M20B-EVID-004035-P2-RELAY || edge=M20B-E004036; evidence=M20B-EVID-004036;M20B-EVID-004036-P2-DIRECT;M20B-EVID-004036-P2-FUNC;M20B-EVID-004036-P2-RELAY || edge=M23B-E000190; evidence=M23B-EVID-000273
NODE05000	signaling_cascade	module20_24_export	Node participates in at least one evidence-gated exported mechanism edge.
NODE05001	signaling_cascade	module20_24_export	Node participates in at least one evidence-gated exported mechanism edge.
NODE05002	signaling_cascade	module20_24_export	Node participates in at least one evidence-gated exported mechanism edge.
NODE05002	target_gene	register_target_gene_layer	edge=M22B-E006767; evidence=M22B-EVID-006940 || edge=M22B-E008915; evidence=M22B-EVID-009088
NODE05003	receptor	register_ligand_receptor_layer	edge=M20B-E002534; evidence=M20B-EVID-002534 || edge=M20B-E003878; evidence=M20B-EVID-003878;M20B-EVID-003878-P2-FUNC;M20B-EVID-003878-P2-RELAY || edge=M20B-E003884; evidence=M20B-EVID-003884;M20B-EVID-003884-P2-FUNC || edge=M20B-E004014; evidence=M20B-EVID-004014;M20B-EVID-004014-P2-DIRECT;M20B-EVID-004014-P2-FUNC;M20B-EVID-004014-P2-RELAY
NODE05003	signaling_cascade	module20_24_export	Node participates in at least one evidence-gated exported mechanism edge.
NODE05003	target_gene	register_target_gene_layer	edge=M22B-E005824; evidence=M22B-EVID-005997 || edge=M22B-E006768; evidence=M22B-EVID-006941 || edge=M22B-E007188; evidence=M22B-EVID-007361 || edge=M22B-E007988; evidence=M22B-EVID-008161 || edge=M22B-E008916; evidence=M22B-EVID-009089 || edge=M22B-E010357; evidence=M22B-EVID-010529
NODE05004	signaling_cascade	module20_24_export	Node participates in at least one evidence-gated exported mechanism edge.
NODE05005	signaling_cascade	module20_24_export	Node participates in at least one evidence-gated exported mechanism edge.
NODE05006	signaling_cascade	module20_24_export	Node participates in at least one evidence-gated exported mechanism edge.
NODE05007	signaling_cascade	module20_24_export	Node participates in at least one evidence-gated exported mechanism edge.
NODE05008	signaling_cascade	module20_24_export	Node participates in at least one evidence-gated exported mechanism edge.
NODE05009	signaling_cascade	module20_24_export	Node participates in at least one evidence-gated exported mechanism edge.
NODE05010	signaling_cascade	module20_24_export	Node participates in at least one evidence-gated exported mechanism edge.
NODE05011	signaling_cascade	module20_24_export	Node participates in at least one evidence-gated exported mechanism edge.
NODE05012	signaling_cascade	module20_24_export	Node participates in at least one evidence-gated exported mechanism edge.
NODE05012	target_gene	register_target_gene_layer	edge=M22B-E007797; evidence=M22B-EVID-007970
NODE05013	signaling_cascade	module20_24_export	Node participates in at least one evidence-gated exported mechanism edge.
NODE05014	signaling_cascade	module20_24_export	Node participates in at least one evidence-gated exported mechanism edge.
NODE05014	target_gene	register_target_gene_layer	edge=M22B-E009495; evidence=M22B-EVID-009668 || edge=M22B-E009612; evidence=M22B-EVID-009785
NODE05015	signaling_cascade	module20_24_export	Node participates in at least one evidence-gated exported mechanism edge.
NODE05016	signaling_cascade	module20_24_export	Node participates in at least one evidence-gated exported mechanism edge.
NODE05017	signaling_cascade	module20_24_export	Node participates in at least one evidence-gated exported mechanism edge.
NODE05018	signaling_cascade	module20_24_export	Node participates in at least one evidence-gated exported mechanism edge.
NODE05019	signaling_cascade	module20_24_export	Node participates in at least one evidence-gated exported mechanism edge.
NODE05020	signaling_cascade	module20_24_export	Node participates in at least one evidence-gated exported mechanism edge.
NODE05021	signaling_cascade	module20_24_export	Node participates in at least one evidence-gated exported mechanism edge.
NODE05022	signaling_cascade	module20_24_export	Node participates in at least one evidence-gated exported mechanism edge.
NODE05023	signaling_cascade	module20_24_export	Node participates in at least one evidence-gated exported mechanism edge.
NODE05024	signaling_cascade	module20_24_export	Node participates in at least one evidence-gated exported mechanism edge.
NODE05024	target_gene	register_target_gene_layer	edge=M22B-E005913; evidence=M22B-EVID-006086 || edge=M22B-E008086; evidence=M22B-EVID-008259 || edge=M22B-E009906; evidence=M22B-EVID-010079 || edge=M22B-E009912; evidence=M22B-EVID-010085
NODE05024	transcription_factor	register_target_gene_layer	edge=M22B-E005758; evidence=M22B-EVID-005931 || edge=M22B-E005759; evidence=M22B-EVID-005932 || edge=M22B-E005763; evidence=M22B-EVID-005936 || edge=M22B-E005767; evidence=M22B-EVID-005940 || edge=M22B-E006446; evidence=M22B-EVID-006619 || edge=M22B-E006447; evidence=M22B-EVID-006620 || edge=M22B-E006448; evidence=M22B-EVID-006621 || edge=M22B-E006449; evidence=M22B-EVID-006622 || edge=M22B-E006450; evidence=M22B-EVID-006623 || edge=M22B-E006451; evidence=M22B-EVID-006624 || edge=M22B-E006452; evidence=M22B-EVID-006625 || edge=M22B-E006453; evidence=M22B-EVID-006626 || edge=M22B-E006454; evidence=M22B-EVID-006627 || edge=M22B-E006455; evidence=M22B-EVID-006628 || edge=M22B-E006456; evidence=M22B-EVID-006629 || edge=M22B-E006457; evidence=M22B-EVID-006630 || edge=M22B-E006458; evidence=M22B-EVID-006631 || edge=M22B-E006459; evidence=M22B-EVID-006632 || edge=M22B-E006460; evidence=M22B-EVID-006633 || edge=M22B-E006461; evidence=M22B-EVID-006634 || edge=M22B-E006462; evidence=M22B-EVID-006635 || edge=M22B-E006463; evidence=M22B-EVID-006636 || edge=M22B-E006464; evidence=M22B-EVID-006637 || edge=M22B-E006465; evidence=M22B-EVID-006638 || edge=M22B-E006466; evidence=M22B-EVID-006639 || edge=M22B-E006467; evidence=M22B-EVID-006640 || edge=M22B-E006468; evidence=M22B-EVID-006641 || edge=M22B-E006469; evidence=M22B-EVID-006642 || edge=M22B-E006470; evidence=M22B-EVID-006643 || edge=M22B-E006471; evidence=M22B-EVID-006644 || edge=M22B-E006472; evidence=M22B-EVID-006645 || edge=M22B-E006473; evidence=M22B-EVID-006646 || edge=M22B-E006474; evidence=M22B-EVID-006647 || edge=M22B-E006475; evidence=M22B-EVID-006648 || edge=M22B-E006476; evidence=M22B-EVID-006649 || edge=M22B-E006477; evidence=M22B-EVID-006650 || edge=M22B-E006478; evidence=M22B-EVID-006651 || edge=M22B-E008595; evidence=M22B-EVID-008768 || edge=M22B-E008596; evidence=M22B-EVID-008769 || edge=M22B-E008597; evidence=M22B-EVID-008770 || edge=M22B-E008598; evidence=M22B-EVID-008771 || edge=M22B-E008599; evidence=M22B-EVID-008772 || edge=M22B-E008600; evidence=M22B-EVID-008773 || edge=M22B-E008601; evidence=M22B-EVID-008774 || edge=M22B-E008602; evidence=M22B-EVID-008775 || edge=M22B-E008603; evidence=M22B-EVID-008776 || edge=M22B-E008604; evidence=M22B-EVID-008777 || edge=M22B-E008605; evidence=M22B-EVID-008778 || edge=M22B-E008606; evidence=M22B-EVID-008779 || edge=M22B-E008607; evidence=M22B-EVID-008780 || edge=M22B-E008608; evidence=M22B-EVID-008781 || edge=M22B-E008609; evidence=M22B-EVID-008782 || edge=M22B-E008610; evidence=M22B-EVID-008783 || edge=M22B-E008611; evidence=M22B-EVID-008784 || edge=M22B-E008612; evidence=M22B-EVID-008785 || edge=M22B-E008613; evidence=M22B-EVID-008786 || edge=M22B-E008614; evidence=M22B-EVID-008787 || edge=M22B-E008615; evidence=M22B-EVID-008788 || edge=M22B-E008616; evidence=M22B-EVID-008789 || edge=M22B-E008617; evidence=M22B-EVID-008790 || edge=M22B-E008618; evidence=M22B-EVID-008791 || edge=M22B-E008619; evidence=M22B-EVID-008792 || edge=M22B-E008620; evidence=M22B-EVID-008793 || edge=M22B-E008621; evidence=M22B-EVID-008794 || edge=M22B-E008622; evidence=M22B-EVID-008795 || edge=M22B-E008623; evidence=M22B-EVID-008796 || edge=M22B-E008624; evidence=M22B-EVID-008797 || edge=M22B-E008625; evidence=M22B-EVID-008798 || edge=M22B-E008626; evidence=M22B-EVID-008799 || edge=M22B-E008627; evidence=M22B-EVID-008800 || edge=M22B-E008628; evidence=M22B-EVID-008801 || edge=M22B-E008629; evidence=M22B-EVID-008802 || edge=M22B-E008630; evidence=M22B-EVID-008803 || edge=M22B-E008631; evidence=M22B-EVID-008804 || edge=M22B-E008632; evidence=M22B-EVID-008805 || edge=M22B-E008633; evidence=M22B-EVID-008806 || edge=M22B-E009419; evidence=M22B-EVID-009592 || edge=M22B-E009420; evidence=M22B-EVID-009593 || edge=M22B-E009421; evidence=M22B-EVID-009594 || edge=M22B-E009422; evidence=M22B-EVID-009595 || edge=M22B-E009423; evidence=M22B-EVID-009596 || edge=M22B-E009424; evidence=M22B-EVID-009597 || edge=M22B-E009425; evidence=M22B-EVID-009598 || edge=M22B-E009426; evidence=M22B-EVID-009599 || edge=M22B-E009427; evidence=M22B-EVID-009600 || edge=M22B-E009428; evidence=M22B-EVID-009601 || edge=M22B-E009429; evidence=M22B-EVID-009602 || edge=M22B-E009430; evidence=M22B-EVID-009603 || edge=M22B-E009722; evidence=M22B-EVID-009895 || edge=M22B-E009723; evidence=M22B-EVID-009896 || edge=M22B-E009724; evidence=M22B-EVID-009897 || edge=M22B-E009725; evidence=M22B-EVID-009898 || edge=M22B-E009726; evidence=M22B-EVID-009899 || edge=M22B-E009727; evidence=M22B-EVID-009900 || edge=M22B-E009728; evidence=M22B-EVID-009901 || edge=M22B-E009729; evidence=M22B-EVID-009902 || edge=M22B-E009730; evidence=M22B-EVID-009903 || edge=M22B-E010134; evidence=M22B-EVID-010307 || edge=M22B-E010159; evidence=M22B-EVID-010332 || edge=M22B-E010545; evidence=M22B-EVID-010653
NODE05025	signaling_cascade	module20_24_export	Node participates in at least one evidence-gated exported mechanism edge.
NODE05025	target_gene	register_target_gene_layer	edge=M22B-E000412; evidence=M22B-EVID-000035
NODE05026	signaling_cascade	module20_24_export	Node participates in at least one evidence-gated exported mechanism edge.
NODE05026	target_gene	register_target_gene_layer	edge=M22B-E006469; evidence=M22B-EVID-006642 || edge=M22B-E006769; evidence=M22B-EVID-006942 || edge=M22B-E007470; evidence=M22B-EVID-007643 || edge=M22B-E008624; evidence=M22B-EVID-008797 || edge=M22B-E008917; evidence=M22B-EVID-009090
NODE05027	signaling_cascade	module20_24_export	Node participates in at least one evidence-gated exported mechanism edge.
NODE05027	target_gene	register_target_gene_layer	edge=M22B-E007798; evidence=M22B-EVID-007971 || edge=M22B-E009239; evidence=M22B-EVID-009412
NODE05028	signaling_cascade	module20_24_export	Node participates in at least one evidence-gated exported mechanism edge.
NODE05028	target_gene	register_target_gene_layer	edge=M22B-E006770; evidence=M22B-EVID-006943 || edge=M22B-E008918; evidence=M22B-EVID-009091
NODE05028	transcription_factor	register_target_gene_layer	edge=M22B-E010135; evidence=M22B-EVID-010308 || edge=M22B-E010220; evidence=M22B-EVID-010393
NODE05029	signaling_cascade	module20_24_export	Node participates in at least one evidence-gated exported mechanism edge.
NODE05030	signaling_cascade	module20_24_export	Node participates in at least one evidence-gated exported mechanism edge.
NODE05031	signaling_cascade	module20_24_export	Node participates in at least one evidence-gated exported mechanism edge.
NODE05032	signaling_cascade	module20_24_export	Node participates in at least one evidence-gated exported mechanism edge.
NODE05033	signaling_cascade	module20_24_export	Node participates in at least one evidence-gated exported mechanism edge.
NODE05034	signaling_cascade	module20_24_export	Node participates in at least one evidence-gated exported mechanism edge.
NODE05034	target_gene	register_target_gene_layer	edge=M22B-E009366; evidence=M22B-EVID-009539
NODE05035	signaling_cascade	module20_24_export	Node participates in at least one evidence-gated exported mechanism edge.
NODE05035	target_gene	register_target_gene_layer	edge=M22B-E007799; evidence=M22B-EVID-007972 || edge=M22B-E009240; evidence=M22B-EVID-009413 || edge=M22B-E009561; evidence=M22B-EVID-009734
NODE05036	signaling_cascade	module20_24_export	Node participates in at least one evidence-gated exported mechanism edge.
NODE05037	signaling_cascade	module20_24_export	Node participates in at least one evidence-gated exported mechanism edge.
NODE05037	target_gene	register_target_gene_layer	edge=M22B-E005751; evidence=M22B-EVID-005924
NODE05037	transcription_factor	register_target_gene_layer	edge=M22B-E010136; evidence=M22B-EVID-010309
NODE05038	signaling_cascade	module20_24_export	Node participates in at least one evidence-gated exported mechanism edge.
NODE05038	target_gene	register_target_gene_layer	edge=M22B-E007471; evidence=M22B-EVID-007644
NODE05038	transcription_factor	register_target_gene_layer	edge=M22B-E010308; evidence=M22B-EVID-010480 || edge=M22B-E010325; evidence=M22B-EVID-010497
NODE05039	signaling_cascade	module20_24_export	Node participates in at least one evidence-gated exported mechanism edge.
NODE05039	target_gene	register_target_gene_layer	edge=M22B-E007472; evidence=M22B-EVID-007645
NODE05040	signaling_cascade	module20_24_export	Node participates in at least one evidence-gated exported mechanism edge.
NODE05041	signaling_cascade	module20_24_export	Node participates in at least one evidence-gated exported mechanism edge.
NODE05042	ligand	register_ligand_receptor_layer	edge=M23B-E000143; evidence=M23B-EVID-000211 || edge=M23B-E000144; evidence=M23B-EVID-000212
NODE05042	signaling_cascade	module20_24_export	Node participates in at least one evidence-gated exported mechanism edge.
NODE05043	signaling_cascade	module20_24_export	Node participates in at least one evidence-gated exported mechanism edge.
NODE05044	signaling_cascade	module20_24_export	Node participates in at least one evidence-gated exported mechanism edge.
NODE05045	signaling_cascade	module20_24_export	Node participates in at least one evidence-gated exported mechanism edge.
NODE05046	signaling_cascade	module20_24_export	Node participates in at least one evidence-gated exported mechanism edge.
NODE05047	signaling_cascade	module20_24_export	Node participates in at least one evidence-gated exported mechanism edge.
NODE05048	signaling_cascade	module20_24_export	Node participates in at least one evidence-gated exported mechanism edge.
NODE05049	signaling_cascade	module20_24_export	Node participates in at least one evidence-gated exported mechanism edge.
NODE05050	signaling_cascade	module20_24_export	Node participates in at least one evidence-gated exported mechanism edge.
NODE05050	target_gene	register_target_gene_layer	edge=M22B-E007189; evidence=M22B-EVID-007362
NODE05051	signaling_cascade	module20_24_export	Node participates in at least one evidence-gated exported mechanism edge.
NODE05051	transcription_factor	register_target_gene_layer	edge=M22B-E010528; evidence=M22B-EVID-010640
NODE05052	signaling_cascade	module20_24_export	Node participates in at least one evidence-gated exported mechanism edge.
NODE05053	signaling_cascade	module20_24_export	Node participates in at least one evidence-gated exported mechanism edge.
NODE05053	target_gene	register_target_gene_layer	edge=M22B-E007473; evidence=M22B-EVID-007646
NODE05054	ligand	register_ligand_receptor_layer	edge=M23B-E001056; evidence=M23B-EVID-001426
NODE05054	signaling_cascade	module20_24_export	Node participates in at least one evidence-gated exported mechanism edge.
NODE05055	signaling_cascade	module20_24_export	Node participates in at least one evidence-gated exported mechanism edge.
NODE05056	signaling_cascade	module20_24_export	Node participates in at least one evidence-gated exported mechanism edge.
NODE05056	target_gene	register_target_gene_layer	edge=M22B-E006771; evidence=M22B-EVID-006944 || edge=M22B-E007474; evidence=M22B-EVID-007647 || edge=M22B-E008919; evidence=M22B-EVID-009092
NODE05057	signaling_cascade	module20_24_export	Node participates in at least one evidence-gated exported mechanism edge.
NODE05058	signaling_cascade	module20_24_export	Node participates in at least one evidence-gated exported mechanism edge.
NODE05059	signaling_cascade	module20_24_export	Node participates in at least one evidence-gated exported mechanism edge.
NODE05060	signaling_cascade	module20_24_export	Node participates in at least one evidence-gated exported mechanism edge.
NODE05061	signaling_cascade	module20_24_export	Node participates in at least one evidence-gated exported mechanism edge.
NODE05062	signaling_cascade	module20_24_export	Node participates in at least one evidence-gated exported mechanism edge.
NODE05063	receptor	register_ligand_receptor_layer	edge=M20B-E004099; evidence=M20B-EVID-004099;M20B-EVID-004099-P2-DIRECT;M20B-EVID-004099-P2-FUNC;M20B-EVID-004099-P2-RELAY || edge=M20B-E004104; evidence=M20B-EVID-004104;M20B-EVID-004104-P2-DIRECT;M20B-EVID-004104-P2-FUNC;M20B-EVID-004104-P2-RELAY || edge=M20B-E004212; evidence=M20B-EVID-004212;M20B-EVID-004212-P2-DIRECT;M20B-EVID-004212-P2-FUNC;M20B-EVID-004212-P2-RELAY
NODE05063	signaling_cascade	module20_24_export	Node participates in at least one evidence-gated exported mechanism edge.
NODE05063	target_gene	register_target_gene_layer	edge=M22B-E010198; evidence=M22B-EVID-010371 || edge=M22B-E010306; evidence=M22B-EVID-010478
NODE05064	signaling_cascade	module20_24_export	Node participates in at least one evidence-gated exported mechanism edge.
NODE05064	target_gene	register_target_gene_layer	edge=M22B-E010189; evidence=M22B-EVID-010362 || edge=M22B-E010190; evidence=M22B-EVID-010363
NODE05065	receptor	register_ligand_receptor_layer	edge=M23B-E000381; evidence=M23B-EVID-000546
NODE05065	signaling_cascade	module20_24_export	Node participates in at least one evidence-gated exported mechanism edge.
NODE05066	receptor	register_ligand_receptor_layer	edge=M23B-E000931; evidence=M23B-EVID-001276
NODE05066	signaling_cascade	module20_24_export	Node participates in at least one evidence-gated exported mechanism edge.
NODE05067	signaling_cascade	module20_24_export	Node participates in at least one evidence-gated exported mechanism edge.
NODE05068	receptor	register_ligand_receptor_layer	edge=M20B-E001929; evidence=M20B-EVID-001929 || edge=M20B-E001939; evidence=M20B-EVID-001939 || edge=M20B-E001949; evidence=M20B-EVID-001949 || edge=M20B-E003051; evidence=M20B-EVID-003051 || edge=M20B-E003077; evidence=M20B-EVID-003077
NODE05068	signaling_cascade	module20_24_export	Node participates in at least one evidence-gated exported mechanism edge.
NODE05069	receptor	register_ligand_receptor_layer	edge=M20B-E002962; evidence=M20B-EVID-002962
NODE05069	signaling_cascade	module20_24_export	Node participates in at least one evidence-gated exported mechanism edge.
NODE05070	signaling_cascade	module20_24_export	Node participates in at least one evidence-gated exported mechanism edge.
NODE05071	receptor	register_ligand_receptor_layer	edge=M23B-E000345; evidence=M23B-EVID-000504 || edge=M23B-E000353; evidence=M23B-EVID-000513 || edge=M23B-E000368; evidence=M23B-EVID-000531
NODE05071	signaling_cascade	module20_24_export	Node participates in at least one evidence-gated exported mechanism edge.
NODE05072	signaling_cascade	module20_24_export	Node participates in at least one evidence-gated exported mechanism edge.
NODE05073	receptor	register_ligand_receptor_layer	edge=M20B-E001930; evidence=M20B-EVID-001930 || edge=M20B-E001940; evidence=M20B-EVID-001940 || edge=M20B-E001950; evidence=M20B-EVID-001950 || edge=M20B-E003004; evidence=M20B-EVID-003004 || edge=M20B-E003052; evidence=M20B-EVID-003052 || edge=M20B-E003078; evidence=M20B-EVID-003078
NODE05073	signaling_cascade	module20_24_export	Node participates in at least one evidence-gated exported mechanism edge.
NODE05074	signaling_cascade	module20_24_export	Node participates in at least one evidence-gated exported mechanism edge.
NODE05075	receptor	register_ligand_receptor_layer	edge=M23B-E000672; evidence=M23B-EVID-000895
NODE05075	signaling_cascade	module20_24_export	Node participates in at least one evidence-gated exported mechanism edge.
NODE05076	receptor	register_ligand_receptor_layer	edge=M23B-E000356; evidence=M23B-EVID-000516 || edge=M23B-E000383; evidence=M23B-EVID-000549 || edge=M23B-E001186; evidence=M23B-EVID-EXPAND23A-130
NODE05076	signaling_cascade	module20_24_export	Node participates in at least one evidence-gated exported mechanism edge.
NODE05077	signaling_cascade	module20_24_export	Node participates in at least one evidence-gated exported mechanism edge.
NODE05078	signaling_cascade	module20_24_export	Node participates in at least one evidence-gated exported mechanism edge.
NODE05079	signaling_cascade	module20_24_export	Node participates in at least one evidence-gated exported mechanism edge.
NODE05080	signaling_cascade	module20_24_export	Node participates in at least one evidence-gated exported mechanism edge.
NODE05081	receptor	register_ligand_receptor_layer	edge=M20B-E001931; evidence=M20B-EVID-001931 || edge=M20B-E001941; evidence=M20B-EVID-001941 || edge=M20B-E001951; evidence=M20B-EVID-001951 || edge=M20B-E001961; evidence=M20B-EVID-001961 || edge=M20B-E001971; evidence=M20B-EVID-001971 || edge=M20B-E002021; evidence=M20B-EVID-002021 || edge=M20B-E002031; evidence=M20B-EVID-002031 || edge=M20B-E002041; evidence=M20B-EVID-002041 || edge=M20B-E002329; evidence=M20B-EVID-002329 || edge=M20B-E002333; evidence=M20B-EVID-002333 || edge=M20B-E002345; evidence=M20B-EVID-002345 || edge=M20B-E002557; evidence=M20B-EVID-002557 || edge=M20B-E002993; evidence=M20B-EVID-002993 || edge=M20B-E003005; evidence=M20B-EVID-003005 || edge=M20B-E003018; evidence=M20B-EVID-003018 || edge=M20B-E003053; evidence=M20B-EVID-003053 || edge=M20B-E003079; evidence=M20B-EVID-003079 || edge=M20B-E004877; evidence=M20B-EVID-004877;M20B-EVID-004877-P2-FUNC;M20B-EVID-004877-P2-RELAY
NODE05081	signaling_cascade	module20_24_export	Node participates in at least one evidence-gated exported mechanism edge.
NODE05082	signaling_cascade	module20_24_export	Node participates in at least one evidence-gated exported mechanism edge.
NODE05082	target_gene	register_target_gene_layer	edge=M22B-E007190; evidence=M22B-EVID-007363 || edge=M22B-E010179; evidence=M22B-EVID-010352
NODE05083	receptor	register_ligand_receptor_layer	edge=M23B-E000121; evidence=M23B-EVID-000189 || edge=M23B-E000149; evidence=M23B-EVID-000217 || edge=M23B-E000757; evidence=M23B-EVID-001016
NODE05083	signaling_cascade	module20_24_export	Node participates in at least one evidence-gated exported mechanism edge.
NODE05084	receptor	register_ligand_receptor_layer	edge=M23B-E000610; evidence=M23B-EVID-000833 || edge=M23B-E000635; evidence=M23B-EVID-000858 || edge=M23B-E000640; evidence=M23B-EVID-000863
NODE05084	signaling_cascade	module20_24_export	Node participates in at least one evidence-gated exported mechanism edge.
NODE05085	receptor	register_ligand_receptor_layer	edge=M23B-E000370; evidence=M23B-EVID-000534 || edge=M23B-E000385; evidence=M23B-EVID-000552
NODE05085	signaling_cascade	module20_24_export	Node participates in at least one evidence-gated exported mechanism edge.
NODE05086	signaling_cascade	module20_24_export	Node participates in at least one evidence-gated exported mechanism edge.
NODE05087	signaling_cascade	module20_24_export	Node participates in at least one evidence-gated exported mechanism edge.
NODE05088	signaling_cascade	module20_24_export	Node participates in at least one evidence-gated exported mechanism edge.
NODE05089	signaling_cascade	module20_24_export	Node participates in at least one evidence-gated exported mechanism edge.
NODE05090	signaling_cascade	module20_24_export	Node participates in at least one evidence-gated exported mechanism edge.
NODE05091	signaling_cascade	module20_24_export	Node participates in at least one evidence-gated exported mechanism edge.
NODE05092	receptor	register_ligand_receptor_layer	edge=M20B-E001924; evidence=M20B-EVID-001924 || edge=M20B-E001932; evidence=M20B-EVID-001932 || edge=M20B-E001942; evidence=M20B-EVID-001942 || edge=M20B-E001952; evidence=M20B-EVID-001952 || edge=M20B-E001962; evidence=M20B-EVID-001962 || edge=M20B-E002022; evidence=M20B-EVID-002022 || edge=M20B-E002032; evidence=M20B-EVID-002032 || edge=M20B-E002042; evidence=M20B-EVID-002042 || edge=M20B-E002133; evidence=M20B-EVID-002133 || edge=M20B-E002142; evidence=M20B-EVID-002142 || edge=M20B-E002151; evidence=M20B-EVID-002151 || edge=M20B-E002169; evidence=M20B-EVID-002169 || edge=M20B-E002178; evidence=M20B-EVID-002178 || edge=M20B-E002196; evidence=M20B-EVID-002196 || edge=M20B-E002205; evidence=M20B-EVID-002205 || edge=M20B-E002214; evidence=M20B-EVID-002214 || edge=M20B-E002921; evidence=M20B-EVID-002921 || edge=M20B-E002989; evidence=M20B-EVID-002989 || edge=M20B-E002994; evidence=M20B-EVID-002994 || edge=M20B-E003019; evidence=M20B-EVID-003019 || edge=M20B-E003054; evidence=M20B-EVID-003054 || edge=M20B-E003080; evidence=M20B-EVID-003080
NODE05092	signaling_cascade	module20_24_export	Node participates in at least one evidence-gated exported mechanism edge.
NODE05093	receptor	register_ligand_receptor_layer	edge=M20B-E003861; evidence=M20B-EVID-003861
NODE05093	signaling_cascade	module20_24_export	Node participates in at least one evidence-gated exported mechanism edge.
NODE05093	target_gene	register_target_gene_layer	edge=M22B-E009513; evidence=M22B-EVID-009686 || edge=M22B-E009676; evidence=M22B-EVID-009849
NODE05094	signaling_cascade	module20_24_export	Node participates in at least one evidence-gated exported mechanism edge.
NODE05095	receptor	register_ligand_receptor_layer	edge=M23B-E000082; evidence=M23B-EVID-000144 || edge=M23B-E000089; evidence=M23B-EVID-000151
NODE05095	signaling_cascade	module20_24_export	Node participates in at least one evidence-gated exported mechanism edge.
NODE05096	receptor	register_ligand_receptor_layer	edge=M23B-E001042; evidence=M23B-EVID-001406 || edge=M23B-E001043; evidence=M23B-EVID-001412
NODE05096	signaling_cascade	module20_24_export	Node participates in at least one evidence-gated exported mechanism edge.
NODE05097	receptor	register_ligand_receptor_layer	edge=M23B-E000316; evidence=M23B-EVID-000471
NODE05097	signaling_cascade	module20_24_export	Node participates in at least one evidence-gated exported mechanism edge.
NODE05098	signaling_cascade	module20_24_export	Node participates in at least one evidence-gated exported mechanism edge.
NODE05099	signaling_cascade	module20_24_export	Node participates in at least one evidence-gated exported mechanism edge.
NODE05100	receptor	register_ligand_receptor_layer	edge=M23B-E000423; evidence=M23B-EVID-000597
NODE05100	signaling_cascade	module20_24_export	Node participates in at least one evidence-gated exported mechanism edge.
NODE05101	signaling_cascade	module20_24_export	Node participates in at least one evidence-gated exported mechanism edge.
NODE05102	receptor	register_ligand_receptor_layer	edge=M20B-E002116; evidence=M20B-EVID-002116 || edge=M20B-E002282; evidence=M20B-EVID-002282 || edge=M20B-E002289; evidence=M20B-EVID-002289 || edge=M20B-E005058; evidence=M20B-EVID-005058
NODE05102	signaling_cascade	module20_24_export	Node participates in at least one evidence-gated exported mechanism edge.
NODE05103	receptor	register_ligand_receptor_layer	edge=M20B-E002453; evidence=M20B-EVID-002453 || edge=M20B-E005077; evidence=M20B-EVID-005077
NODE05103	signaling_cascade	module20_24_export	Node participates in at least one evidence-gated exported mechanism edge.
NODE05103	target_gene	register_target_gene_layer	edge=M22B-E010210; evidence=M22B-EVID-010383 || edge=M22B-E010649; evidence=M22B-EVID-010744
NODE05104	receptor	register_ligand_receptor_layer	edge=M23B-E000059; evidence=M23B-EVID-000084;M23B-EVID-000098;M23B-EVID-000106 || edge=M23B-E000067; evidence=M23B-EVID-000092;M23B-EVID-000101 || edge=M23B-E001017; evidence=M23B-EVID-000117
NODE05104	signaling_cascade	module20_24_export	Node participates in at least one evidence-gated exported mechanism edge.
NODE05105	receptor	register_ligand_receptor_layer	edge=M23B-E000620; evidence=M23B-EVID-000843 || edge=M23B-E000624; evidence=M23B-EVID-000847 || edge=M23B-E000628; evidence=M23B-EVID-000851 || edge=M23B-E000630; evidence=M23B-EVID-000853 || edge=M23B-E000633; evidence=M23B-EVID-000856 || edge=M23B-E000636; evidence=M23B-EVID-000859 || edge=M23B-E000637; evidence=M23B-EVID-000860 || edge=M23B-E000641; evidence=M23B-EVID-000864 || edge=M23B-E000649; evidence=M23B-EVID-000872 || edge=M23B-E000799; evidence=M23B-EVID-001083;M23B-EVID-001089 || edge=M23B-E001061; evidence=M23B-EVID-001431
NODE05105	signaling_cascade	module20_24_export	Node participates in at least one evidence-gated exported mechanism edge.
NODE05106	receptor	register_ligand_receptor_layer	edge=M23B-E001064; evidence=M23B-EVID-001437
NODE05106	signaling_cascade	module20_24_export	Node participates in at least one evidence-gated exported mechanism edge.
NODE05107	receptor	register_ligand_receptor_layer	edge=M23B-E000388; evidence=M23B-EVID-000558
NODE05107	signaling_cascade	module20_24_export	Node participates in at least one evidence-gated exported mechanism edge.
NODE05108	signaling_cascade	module20_24_export	Node participates in at least one evidence-gated exported mechanism edge.
NODE05109	signaling_cascade	module20_24_export	Node participates in at least one evidence-gated exported mechanism edge.
NODE05110	signaling_cascade	module20_24_export	Node participates in at least one evidence-gated exported mechanism edge.
NODE05111	signaling_cascade	module20_24_export	Node participates in at least one evidence-gated exported mechanism edge.
NODE05112	signaling_cascade	module20_24_export	Node participates in at least one evidence-gated exported mechanism edge.
NODE05113	receptor	register_ligand_receptor_layer	edge=M23B-E000935; evidence=M23B-EVID-001280 || edge=M23B-E000997; evidence=M23B-EVID-001342
NODE05113	signaling_cascade	module20_24_export	Node participates in at least one evidence-gated exported mechanism edge.
NODE05114	receptor	register_ligand_receptor_layer	edge=M23B-E001000; evidence=M23B-EVID-001345
NODE05114	signaling_cascade	module20_24_export	Node participates in at least one evidence-gated exported mechanism edge.
NODE05115	receptor	register_ligand_receptor_layer	edge=M20B-E001933; evidence=M20B-EVID-001933 || edge=M20B-E001983; evidence=M20B-EVID-001983 || edge=M20B-E002117; evidence=M20B-EVID-002117 || edge=M20B-E002152; evidence=M20B-EVID-002152 || edge=M20B-E002161; evidence=M20B-EVID-002161 || edge=M20B-E002170; evidence=M20B-EVID-002170 || edge=M20B-E002179; evidence=M20B-EVID-002179 || edge=M20B-E002188; evidence=M20B-EVID-002188 || edge=M20B-E002197; evidence=M20B-EVID-002197 || edge=M20B-E002206; evidence=M20B-EVID-002206 || edge=M20B-E002215; evidence=M20B-EVID-002215 || edge=M20B-E002237; evidence=M20B-EVID-002237 || edge=M20B-E002240; evidence=M20B-EVID-002240
NODE05115	signaling_cascade	module20_24_export	Node participates in at least one evidence-gated exported mechanism edge.
NODE05116	receptor	register_ligand_receptor_layer	edge=M20B-E003862; evidence=M20B-EVID-003862 || edge=M20B-E005051; evidence=M20B-EVID-005051;M20B-EVID-005051-P2-DIRECT;M20B-EVID-005051-P2-FUNC;M20B-EVID-005051-P2-RELAY || edge=M20B-E005059; evidence=M20B-EVID-005059;M20B-EVID-005059-005060-005067-P2-DIRECT;M20B-EVID-005059-005060-005067-P2-RELAY;M20B-EVID-005059-P2-FUNC
NODE05116	signaling_cascade	module20_24_export	Node participates in at least one evidence-gated exported mechanism edge.
NODE05116	target_gene	register_target_gene_layer	edge=M22B-E006061; evidence=M22B-EVID-006234 || edge=M22B-E010305; evidence=M22B-EVID-010477
NODE05117	signaling_cascade	module20_24_export	Node participates in at least one evidence-gated exported mechanism edge.
NODE05118	receptor	register_ligand_receptor_layer	edge=M23B-E000718; evidence=M23B-EVID-000959 || edge=M23B-E000730; evidence=M23B-EVID-000980 || edge=M23B-E000881; evidence=M23B-EVID-001189
NODE05118	signaling_cascade	module20_24_export	Node participates in at least one evidence-gated exported mechanism edge.
NODE05119	receptor	register_ligand_receptor_layer	edge=M23B-E000678; evidence=M23B-EVID-000902
NODE05119	signaling_cascade	module20_24_export	Node participates in at least one evidence-gated exported mechanism edge.
NODE05120	receptor	register_ligand_receptor_layer	edge=M23B-E000412; evidence=M23B-EVID-000585 || edge=M23B-E001182; evidence=M23B-EVID-EXPAND23A-126
NODE05120	signaling_cascade	module20_24_export	Node participates in at least one evidence-gated exported mechanism edge.
NODE05121	receptor	register_ligand_receptor_layer	edge=M23B-E000535; evidence=M23B-EVID-000729 || edge=M23B-E000573; evidence=M23B-EVID-000786 || edge=M23B-E000588; evidence=M23B-EVID-000804
NODE05121	signaling_cascade	module20_24_export	Node participates in at least one evidence-gated exported mechanism edge.
NODE05122	signaling_cascade	module20_24_export	Node participates in at least one evidence-gated exported mechanism edge.
NODE05123	signaling_cascade	module20_24_export	Node participates in at least one evidence-gated exported mechanism edge.
NODE05124	signaling_cascade	module20_24_export	Node participates in at least one evidence-gated exported mechanism edge.
NODE05125	signaling_cascade	module20_24_export	Node participates in at least one evidence-gated exported mechanism edge.
NODE05126	receptor	register_ligand_receptor_layer	edge=M23B-E000783; evidence=M23B-EVID-001058
NODE05126	signaling_cascade	module20_24_export	Node participates in at least one evidence-gated exported mechanism edge.
NODE05127	receptor	register_ligand_receptor_layer	edge=M23B-E000204; evidence=M23B-EVID-000289;M23B-EVID-PROMO-20260826-012
NODE05127	signaling_cascade	module20_24_export	Node participates in at least one evidence-gated exported mechanism edge.
NODE05128	receptor	register_ligand_receptor_layer	edge=M23B-E000537; evidence=M23B-EVID-000732
NODE05128	signaling_cascade	module20_24_export	Node participates in at least one evidence-gated exported mechanism edge.
NODE05129	signaling_cascade	module20_24_export	Node participates in at least one evidence-gated exported mechanism edge.
NODE05130	receptor	register_ligand_receptor_layer	edge=M20B-E002118; evidence=M20B-EVID-002118 || edge=M20B-E004970; evidence=M20B-EVID-004970 || edge=M20B-E005181; evidence=M20B-EVID-005181
NODE05130	signaling_cascade	module20_24_export	Node participates in at least one evidence-gated exported mechanism edge.
NODE05131	receptor	register_ligand_receptor_layer	edge=M20B-E002119; evidence=M20B-EVID-002119 || edge=M20B-E005182; evidence=M20B-EVID-005182
NODE05131	signaling_cascade	module20_24_export	Node participates in at least one evidence-gated exported mechanism edge.
NODE05132	receptor	register_ligand_receptor_layer	edge=M20B-E002549; evidence=M20B-EVID-002549 || edge=M20B-E002563; evidence=M20B-EVID-002563 || edge=M20B-E003027; evidence=M20B-EVID-003027
NODE05132	signaling_cascade	module20_24_export	Node participates in at least one evidence-gated exported mechanism edge.
NODE05132	target_gene	register_target_gene_layer	edge=M22B-E006062; evidence=M22B-EVID-006235 || edge=M22B-E006179; evidence=M22B-EVID-006352 || edge=M22B-E007191; evidence=M22B-EVID-007364 || edge=M22B-E008228; evidence=M22B-EVID-008401 || edge=M22B-E008331; evidence=M22B-EVID-008504 || edge=M22B-E009749; evidence=M22B-EVID-009922
NODE05133	signaling_cascade	module20_24_export	Node participates in at least one evidence-gated exported mechanism edge.
NODE05134	signaling_cascade	module20_24_export	Node participates in at least one evidence-gated exported mechanism edge.
NODE05135	receptor	register_ligand_receptor_layer	edge=M23B-E000123; evidence=M23B-EVID-000191 || edge=M23B-E000139; evidence=M23B-EVID-000207 || edge=M23B-E000465; evidence=M23B-EVID-000645 || edge=M23B-E000681; evidence=M23B-EVID-000908
NODE05135	signaling_cascade	module20_24_export	Node participates in at least one evidence-gated exported mechanism edge.
NODE05136	receptor	register_ligand_receptor_layer	edge=M23B-E001030; evidence=M23B-EVID-001386 || edge=M23B-E001053; evidence=M23B-EVID-001422
NODE05136	signaling_cascade	module20_24_export	Node participates in at least one evidence-gated exported mechanism edge.
NODE05137	receptor	register_ligand_receptor_layer	edge=M23B-E000415; evidence=M23B-EVID-000588
NODE05137	signaling_cascade	module20_24_export	Node participates in at least one evidence-gated exported mechanism edge.
NODE05138	signaling_cascade	module20_24_export	Node participates in at least one evidence-gated exported mechanism edge.
NODE05139	signaling_cascade	module20_24_export	Node participates in at least one evidence-gated exported mechanism edge.
NODE05140	signaling_cascade	module20_24_export	Node participates in at least one evidence-gated exported mechanism edge.
NODE05141	signaling_cascade	module20_24_export	Node participates in at least one evidence-gated exported mechanism edge.
NODE05142	signaling_cascade	module20_24_export	Node participates in at least one evidence-gated exported mechanism edge.
NODE05143	signaling_cascade	module20_24_export	Node participates in at least one evidence-gated exported mechanism edge.
NODE05144	receptor	register_ligand_receptor_layer	edge=M23B-E000182; evidence=M23B-EVID-000264
NODE05144	signaling_cascade	module20_24_export	Node participates in at least one evidence-gated exported mechanism edge.
NODE05145	receptor	register_ligand_receptor_layer	edge=M23B-E000923; evidence=M23B-EVID-001268
NODE05145	signaling_cascade	module20_24_export	Node participates in at least one evidence-gated exported mechanism edge.
NODE05146	signaling_cascade	module20_24_export	Node participates in at least one evidence-gated exported mechanism edge.
NODE05147	signaling_cascade	module20_24_export	Node participates in at least one evidence-gated exported mechanism edge.
NODE05148	signaling_cascade	module20_24_export	Node participates in at least one evidence-gated exported mechanism edge.
NODE05149	signaling_cascade	module20_24_export	Node participates in at least one evidence-gated exported mechanism edge.
NODE05150	receptor	register_ligand_receptor_layer	edge=M20B-E002120; evidence=M20B-EVID-002120 || edge=M20B-E002552; evidence=M20B-EVID-002552 || edge=M20B-E002560; evidence=M20B-EVID-002560 || edge=M20B-E002567; evidence=M20B-EVID-002567 || edge=M20B-E004095; evidence=M20B-EVID-004095;M20B-EVID-004095-P2-DIRECT;M20B-EVID-004095-P2-FUNC;M20B-EVID-004095-P2-RELAY || edge=M20B-E004971; evidence=M20B-EVID-004971
NODE05150	signaling_cascade	module20_24_export	Node participates in at least one evidence-gated exported mechanism edge.
NODE05151	receptor	register_ligand_receptor_layer	edge=M20B-E002454; evidence=M20B-EVID-002454 || edge=M20B-E005060; evidence=M20B-EVID-005059-005060-005067-P2-DIRECT;M20B-EVID-005059-005060-005067-P2-RELAY;M20B-EVID-005060;M20B-EVID-005060-P2-FUNC || edge=M20B-E005067; evidence=M20B-EVID-005059-005060-005067-P2-DIRECT;M20B-EVID-005059-005060-005067-P2-RELAY;M20B-EVID-005067;M20B-EVID-005067-P2-FUNC
NODE05151	signaling_cascade	module20_24_export	Node participates in at least one evidence-gated exported mechanism edge.
NODE05151	target_gene	register_target_gene_layer	edge=M22B-E006772; evidence=M22B-EVID-006945 || edge=M22B-E008920; evidence=M22B-EVID-009093 || edge=M22B-E009850; evidence=M22B-EVID-010023 || edge=M22B-E010312; evidence=M22B-EVID-010484 || edge=M22B-E010313; evidence=M22B-EVID-010485
NODE05152	signaling_cascade	module20_24_export	Node participates in at least one evidence-gated exported mechanism edge.
NODE05153	receptor	register_ligand_receptor_layer	edge=M23B-E000061; evidence=M23B-EVID-000086;M23B-EVID-000099;M23B-EVID-000107 || edge=M23B-E000064; evidence=M23B-EVID-000089;M23B-EVID-PROMO-20260826-003 || edge=M23B-E000068; evidence=M23B-EVID-000093;M23B-EVID-000102 || edge=M23B-E000732; evidence=M23B-EVID-000983
NODE05153	signaling_cascade	module20_24_export	Node participates in at least one evidence-gated exported mechanism edge.
NODE05154	receptor	register_ligand_receptor_layer	edge=M23B-E000614; evidence=M23B-EVID-000837 || edge=M23B-E000625; evidence=M23B-EVID-000848 || edge=M23B-E000631; evidence=M23B-EVID-000854 || edge=M23B-E000638; evidence=M23B-EVID-000861 || edge=M23B-E000642; evidence=M23B-EVID-000865
NODE05154	signaling_cascade	module20_24_export	Node participates in at least one evidence-gated exported mechanism edge.
NODE05155	signaling_cascade	module20_24_export	Node participates in at least one evidence-gated exported mechanism edge.
NODE05156	signaling_cascade	module20_24_export	Node participates in at least one evidence-gated exported mechanism edge.
NODE05157	signaling_cascade	module20_24_export	Node participates in at least one evidence-gated exported mechanism edge.
NODE05158	signaling_cascade	module20_24_export	Node participates in at least one evidence-gated exported mechanism edge.
NODE05159	signaling_cascade	module20_24_export	Node participates in at least one evidence-gated exported mechanism edge.
NODE05160	signaling_cascade	module20_24_export	Node participates in at least one evidence-gated exported mechanism edge.
NODE05161	receptor	register_ligand_receptor_layer	edge=M23B-E000062; evidence=M23B-EVID-000087;M23B-EVID-000100;M23B-EVID-000108 || edge=M23B-E000071; evidence=M23B-EVID-000096;M23B-EVID-000103
NODE05161	signaling_cascade	module20_24_export	Node participates in at least one evidence-gated exported mechanism edge.
NODE05162	receptor	register_ligand_receptor_layer	edge=M23B-E000622; evidence=M23B-EVID-000845 || edge=M23B-E000629; evidence=M23B-EVID-000852 || edge=M23B-E000632; evidence=M23B-EVID-000855 || edge=M23B-E000634; evidence=M23B-EVID-000857 || edge=M23B-E000639; evidence=M23B-EVID-000862 || edge=M23B-E000643; evidence=M23B-EVID-000866
NODE05162	signaling_cascade	module20_24_export	Node participates in at least one evidence-gated exported mechanism edge.
NODE05163	signaling_cascade	module20_24_export	Node participates in at least one evidence-gated exported mechanism edge.
NODE05164	signaling_cascade	module20_24_export	Node participates in at least one evidence-gated exported mechanism edge.
NODE05165	receptor	register_ligand_receptor_layer	edge=M23B-E000812; evidence=M23B-EVID-001103
NODE05165	signaling_cascade	module20_24_export	Node participates in at least one evidence-gated exported mechanism edge.
NODE05166	signaling_cascade	module20_24_export	Node participates in at least one evidence-gated exported mechanism edge.
NODE05167	receptor	register_ligand_receptor_layer	edge=M20B-E002135; evidence=M20B-EVID-002135;M20B-EVID-PROMO-20260826-038 || edge=M20B-E002144; evidence=M20B-EVID-002144 || edge=M20B-E002153; evidence=M20B-EVID-002153 || edge=M20B-E002162; evidence=M20B-EVID-002162 || edge=M20B-E002171; evidence=M20B-EVID-002171 || edge=M20B-E002180; evidence=M20B-EVID-002180 || edge=M20B-E002189; evidence=M20B-EVID-002189 || edge=M20B-E002198; evidence=M20B-EVID-002198 || edge=M20B-E002207; evidence=M20B-EVID-002207 || edge=M20B-E002216; evidence=M20B-EVID-002216
NODE05167	signaling_cascade	module20_24_export	Node participates in at least one evidence-gated exported mechanism edge.
NODE05168	receptor	register_ligand_receptor_layer	edge=M20B-E002136; evidence=M20B-EVID-002136 || edge=M20B-E002145; evidence=M20B-EVID-002145 || edge=M20B-E002154; evidence=M20B-EVID-002154 || edge=M20B-E002172; evidence=M20B-EVID-002172 || edge=M20B-E002181; evidence=M20B-EVID-002181 || edge=M20B-E002190; evidence=M20B-EVID-002190 || edge=M20B-E002199; evidence=M20B-EVID-002199 || edge=M20B-E002208; evidence=M20B-EVID-002208 || edge=M20B-E002217; evidence=M20B-EVID-002217
NODE05168	signaling_cascade	module20_24_export	Node participates in at least one evidence-gated exported mechanism edge.
NODE05169	receptor	register_ligand_receptor_layer	edge=M20B-E005090; evidence=M20B-EVID-005090
NODE05169	signaling_cascade	module20_24_export	Node participates in at least one evidence-gated exported mechanism edge.
NODE05169	target_gene	register_target_gene_layer	edge=M22B-E009656; evidence=M22B-EVID-009829
NODE05170	receptor	register_ligand_receptor_layer	edge=M23B-E000616; evidence=M23B-EVID-000839 || edge=M23B-E000626; evidence=M23B-EVID-000849
NODE05170	signaling_cascade	module20_24_export	Node participates in at least one evidence-gated exported mechanism edge.
NODE05171	signaling_cascade	module20_24_export	Node participates in at least one evidence-gated exported mechanism edge.
NODE05172	signaling_cascade	module20_24_export	Node participates in at least one evidence-gated exported mechanism edge.
NODE05173	receptor	register_ligand_receptor_layer	edge=M23B-E001004; evidence=M23B-EVID-001349
NODE05173	signaling_cascade	module20_24_export	Node participates in at least one evidence-gated exported mechanism edge.
NODE05174	receptor	register_ligand_receptor_layer	edge=M20B-E002137; evidence=M20B-EVID-002137;M20B-EVID-PROMO-20260826-039 || edge=M20B-E002146; evidence=M20B-EVID-002146 || edge=M20B-E002164; evidence=M20B-EVID-002164 || edge=M20B-E002173; evidence=M20B-EVID-002173 || edge=M20B-E002182; evidence=M20B-EVID-002182 || edge=M20B-E002191; evidence=M20B-EVID-002191 || edge=M20B-E002209; evidence=M20B-EVID-002209
NODE05174	signaling_cascade	module20_24_export	Node participates in at least one evidence-gated exported mechanism edge.
NODE05175	receptor	register_ligand_receptor_layer	edge=M23B-E000072; evidence=M23B-EVID-000097;M23B-EVID-000104
NODE05175	signaling_cascade	module20_24_export	Node participates in at least one evidence-gated exported mechanism edge.
NODE05176	receptor	register_ligand_receptor_layer	edge=M23B-E000065; evidence=M23B-EVID-000090
NODE05176	signaling_cascade	module20_24_export	Node participates in at least one evidence-gated exported mechanism edge.
NODE05177	receptor	register_ligand_receptor_layer	edge=M23B-E000074; evidence=M23B-EVID-000136;M23B-EVID-PROMO-20260826-004 || edge=M23B-E000083; evidence=M23B-EVID-000145 || edge=M23B-E000219; evidence=M23B-EVID-000109;M23B-EVID-000111;M23B-EVID-000304 || edge=M23B-E000683; evidence=M23B-EVID-000911 || edge=M23B-E000883; evidence=M23B-EVID-001192
NODE05177	signaling_cascade	module20_24_export	Node participates in at least one evidence-gated exported mechanism edge.
NODE05178	receptor	register_ligand_receptor_layer	edge=M23B-E001067; evidence=M23B-EVID-001440
NODE05178	signaling_cascade	module20_24_export	Node participates in at least one evidence-gated exported mechanism edge.
NODE05179	receptor	register_ligand_receptor_layer	edge=M23B-E000539; evidence=M23B-EVID-000735
NODE05179	signaling_cascade	module20_24_export	Node participates in at least one evidence-gated exported mechanism edge.
NODE05180	signaling_cascade	module20_24_export	Node participates in at least one evidence-gated exported mechanism edge.
NODE05181	signaling_cascade	module20_24_export	Node participates in at least one evidence-gated exported mechanism edge.
NODE05182	receptor	register_ligand_receptor_layer	edge=M20B-E002121; evidence=M20B-EVID-002121 || edge=M20B-E002257; evidence=M20B-EVID-002257 || edge=M20B-E002264; evidence=M20B-EVID-002264 || edge=M20B-E002283; evidence=M20B-EVID-002283 || edge=M20B-E002377; evidence=M20B-EVID-002377 || edge=M20B-E002378; evidence=M20B-EVID-002378 || edge=M20B-E004972; evidence=M20B-EVID-004972
NODE05182	signaling_cascade	module20_24_export	Node participates in at least one evidence-gated exported mechanism edge.
NODE05183	receptor	register_ligand_receptor_layer	edge=M20B-E002443; evidence=M20B-EVID-002443 || edge=M20B-E003482; evidence=M20B-EVID-003482 || edge=M20B-E005052; evidence=M20B-EVID-005052;M20B-EVID-005052-P2-DIRECT;M20B-EVID-005052-P2-FUNC;M20B-EVID-005052-P2-RELAY
NODE05183	signaling_cascade	module20_24_export	Node participates in at least one evidence-gated exported mechanism edge.
NODE05183	target_gene	register_target_gene_layer	edge=M22B-E010199; evidence=M22B-EVID-010372
NODE05184	receptor	register_ligand_receptor_layer	edge=M23B-E000075; evidence=M23B-EVID-000137 || edge=M23B-E000192; evidence=M23B-EVID-000276;M23B-EVID-PROMO-20260826-008 || edge=M23B-E000460; evidence=M23B-EVID-000640 || edge=M23B-E000685; evidence=M23B-EVID-000914 || edge=M23B-E000761; evidence=M23B-EVID-001025 || edge=M23B-E000767; evidence=M23B-EVID-001040 || edge=M23B-E000771; evidence=M23B-EVID-001046 || edge=M23B-E000774; evidence=M23B-EVID-001049 || edge=M23B-E000777; evidence=M23B-EVID-001052 || edge=M23B-E000780; evidence=M23B-EVID-001055
NODE05184	signaling_cascade	module20_24_export	Node participates in at least one evidence-gated exported mechanism edge.
NODE05185	receptor	register_ligand_receptor_layer	edge=M23B-E001183; evidence=M23B-EVID-EXPAND23A-127
NODE05185	signaling_cascade	module20_24_export	Node participates in at least one evidence-gated exported mechanism edge.
NODE05186	signaling_cascade	module20_24_export	Node participates in at least one evidence-gated exported mechanism edge.
NODE05187	signaling_cascade	module20_24_export	Node participates in at least one evidence-gated exported mechanism edge.
NODE05188	signaling_cascade	module20_24_export	Node participates in at least one evidence-gated exported mechanism edge.
NODE05189	receptor	register_ligand_receptor_layer	edge=M23B-E000960; evidence=M23B-EVID-001305
NODE05189	signaling_cascade	module20_24_export	Node participates in at least one evidence-gated exported mechanism edge.
NODE05190	receptor	register_ligand_receptor_layer	edge=M20B-E002258; evidence=M20B-EVID-002258 || edge=M20B-E004973; evidence=M20B-EVID-004973
NODE05190	signaling_cascade	module20_24_export	Node participates in at least one evidence-gated exported mechanism edge.
NODE05191	signaling_cascade	module20_24_export	Node participates in at least one evidence-gated exported mechanism edge.
NODE05191	target_gene	register_target_gene_layer	edge=M22B-E007192; evidence=M22B-EVID-007365
NODE05192	receptor	register_ligand_receptor_layer	edge=M23B-E000769; evidence=M23B-EVID-001043
NODE05192	signaling_cascade	module20_24_export	Node participates in at least one evidence-gated exported mechanism edge.
NODE05193	signaling_cascade	module20_24_export	Node participates in at least one evidence-gated exported mechanism edge.
NODE05194	receptor	register_ligand_receptor_layer	edge=M20B-E002281; evidence=M20B-EVID-002281
NODE05194	signaling_cascade	module20_24_export	Node participates in at least one evidence-gated exported mechanism edge.
NODE05195	signaling_cascade	module20_24_export	Node participates in at least one evidence-gated exported mechanism edge.
NODE05195	target_gene	register_target_gene_layer	edge=M22B-E006999; evidence=M22B-EVID-007172
NODE05196	signaling_cascade	module20_24_export	Node participates in at least one evidence-gated exported mechanism edge.
NODE05197	receptor	register_ligand_receptor_layer	edge=M23B-E000333; evidence=M23B-EVID-000489
NODE05197	signaling_cascade	module20_24_export	Node participates in at least one evidence-gated exported mechanism edge.
NODE05198	signaling_cascade	module20_24_export	Node participates in at least one evidence-gated exported mechanism edge.
NODE05199	receptor	register_ligand_receptor_layer	edge=M20B-E002922; evidence=M20B-EVID-002922
NODE05199	signaling_cascade	module20_24_export	Node participates in at least one evidence-gated exported mechanism edge.
NODE05200	receptor	register_ligand_receptor_layer	edge=M20B-E003863; evidence=M20B-EVID-003863 || edge=M20B-E003870; evidence=M20B-EVID-003870;M20B-EVID-003870-P2-FUNC
NODE05200	signaling_cascade	module20_24_export	Node participates in at least one evidence-gated exported mechanism edge.
NODE05200	target_gene	register_target_gene_layer	edge=M22B-E010304; evidence=M22B-EVID-010476
NODE05201	receptor	register_ligand_receptor_layer	edge=M23B-E001056; evidence=M23B-EVID-001426
NODE05201	signaling_cascade	module20_24_export	Node participates in at least one evidence-gated exported mechanism edge.
NODE05202	receptor	register_ligand_receptor_layer	edge=M23B-E000504; evidence=M23B-EVID-000687 || edge=M23B-E000563; evidence=M23B-EVID-000765;M23B-EVID-000768
NODE05202	signaling_cascade	module20_24_export	Node participates in at least one evidence-gated exported mechanism edge.
NODE05203	receptor	register_ligand_receptor_layer	edge=M23B-E000555; evidence=M23B-EVID-000756
NODE05203	signaling_cascade	module20_24_export	Node participates in at least one evidence-gated exported mechanism edge.
NODE05204	signaling_cascade	module20_24_export	Node participates in at least one evidence-gated exported mechanism edge.
NODE05205	signaling_cascade	module20_24_export	Node participates in at least one evidence-gated exported mechanism edge.
NODE05206	signaling_cascade	module20_24_export	Node participates in at least one evidence-gated exported mechanism edge.
NODE05207	signaling_cascade	module20_24_export	Node participates in at least one evidence-gated exported mechanism edge.
NODE05208	signaling_cascade	module20_24_export	Node participates in at least one evidence-gated exported mechanism edge.
NODE05209	receptor	register_ligand_receptor_layer	edge=M23B-E000184; evidence=M23B-EVID-000266;M23B-EVID-001457;M23B-EVID-001458
NODE05209	signaling_cascade	module20_24_export	Node participates in at least one evidence-gated exported mechanism edge.
NODE05210	receptor	register_ligand_receptor_layer	edge=M20B-E003855; evidence=M20B-EVID-003855 || edge=M20B-E003859; evidence=M20B-EVID-003859
NODE05210	signaling_cascade	module20_24_export	Node participates in at least one evidence-gated exported mechanism edge.
NODE05211	receptor	register_ligand_receptor_layer	edge=M20B-E003805; evidence=M20B-EVID-003805 || edge=M20B-E003864; evidence=M20B-EVID-003864 || edge=M20B-E004966; evidence=M20B-EVID-004966 || edge=M23B-E000513; evidence=M23B-EVID-000699 || edge=M23B-E000592; evidence=M23B-EVID-000810;M23B-EVID-000813
NODE05211	signaling_cascade	module20_24_export	Node participates in at least one evidence-gated exported mechanism edge.
NODE05211	target_gene	register_target_gene_layer	edge=M22B-E010334; evidence=M22B-EVID-010506
NODE05212	signaling_cascade	module20_24_export	Node participates in at least one evidence-gated exported mechanism edge.
NODE05213	receptor	register_ligand_receptor_layer	edge=M23B-E000742; evidence=M23B-EVID-000998
NODE05213	signaling_cascade	module20_24_export	Node participates in at least one evidence-gated exported mechanism edge.
NODE05214	receptor	register_ligand_receptor_layer	edge=M23B-E001059; evidence=M23B-EVID-001429
NODE05214	signaling_cascade	module20_24_export	Node participates in at least one evidence-gated exported mechanism edge.
NODE05215	receptor	register_ligand_receptor_layer	edge=M23B-E000558; evidence=M23B-EVID-000759 || edge=M23B-E000566; evidence=M23B-EVID-000771;M23B-EVID-000774 || edge=M23B-E000568; evidence=M23B-EVID-000777 || edge=M23B-E000578; evidence=M23B-EVID-000792 || edge=M23B-E000590; evidence=M23B-EVID-000807 || edge=M23B-E000878; evidence=M23B-EVID-001183;M23B-EVID-001186 || edge=M23B-E001169; evidence=M23B-EVID-EXPAND23A-111
NODE05215	signaling_cascade	module20_24_export	Node participates in at least one evidence-gated exported mechanism edge.
NODE05216	receptor	register_ligand_receptor_layer	edge=M23B-E001033; evidence=M23B-EVID-001389
NODE05216	signaling_cascade	module20_24_export	Node participates in at least one evidence-gated exported mechanism edge.
NODE05217	receptor	register_ligand_receptor_layer	edge=M23B-E000338; evidence=M23B-EVID-000495
NODE05217	signaling_cascade	module20_24_export	Node participates in at least one evidence-gated exported mechanism edge.
NODE05218	signaling_cascade	module20_24_export	Node participates in at least one evidence-gated exported mechanism edge.
NODE05219	signaling_cascade	module20_24_export	Node participates in at least one evidence-gated exported mechanism edge.
NODE05220	signaling_cascade	module20_24_export	Node participates in at least one evidence-gated exported mechanism edge.
NODE05221	signaling_cascade	module20_24_export	Node participates in at least one evidence-gated exported mechanism edge.
NODE05222	receptor	register_ligand_receptor_layer	edge=M23B-E000186; evidence=M23B-EVID-000268;M23B-EVID-PROMO-20260826-007
NODE05222	signaling_cascade	module20_24_export	Node participates in at least one evidence-gated exported mechanism edge.
NODE05223	receptor	register_ligand_receptor_layer	edge=M20B-E001837; evidence=M20B-EVID-001837 || edge=M20B-E003856; evidence=M20B-EVID-003856 || edge=M20B-E005071; evidence=M20B-EVID-005071;M20B-EVID-005071-P2-DIRECT-288;M20B-EVID-005071-P2-FUNC-288;M20B-EVID-005071-P2-RELAY-288
NODE05223	signaling_cascade	module20_24_export	Node participates in at least one evidence-gated exported mechanism edge.
NODE05224	receptor	register_ligand_receptor_layer	edge=M20B-E002455; evidence=M20B-EVID-002455 || edge=M20B-E003865; evidence=M20B-EVID-003865
NODE05224	signaling_cascade	module20_24_export	Node participates in at least one evidence-gated exported mechanism edge.
NODE05224	target_gene	register_target_gene_layer	edge=M22B-E007193; evidence=M22B-EVID-007366 || edge=M22B-E010200; evidence=M22B-EVID-010373 || edge=M22B-E010201; evidence=M22B-EVID-010374 || edge=M22B-E010690; evidence=M22B-EVID-010783
NODE05225	receptor	register_ligand_receptor_layer	edge=M23B-E000553; evidence=M23B-EVID-000753
NODE05225	signaling_cascade	module20_24_export	Node participates in at least one evidence-gated exported mechanism edge.
NODE05226	receptor	register_ligand_receptor_layer	edge=M23B-E000467; evidence=M23B-EVID-000647 || edge=M23B-E000687; evidence=M23B-EVID-000917
NODE05226	signaling_cascade	module20_24_export	Node participates in at least one evidence-gated exported mechanism edge.
NODE05227	receptor	register_ligand_receptor_layer	edge=M23B-E000541; evidence=M23B-EVID-000738
NODE05227	signaling_cascade	module20_24_export	Node participates in at least one evidence-gated exported mechanism edge.
NODE05228	signaling_cascade	module20_24_export	Node participates in at least one evidence-gated exported mechanism edge.
NODE05229	signaling_cascade	module20_24_export	Node participates in at least one evidence-gated exported mechanism edge.
NODE05230	receptor	register_ligand_receptor_layer	edge=M23B-E000076; evidence=M23B-EVID-000138 || edge=M23B-E000081; evidence=M23B-EVID-000143 || edge=M23B-E000085; evidence=M23B-EVID-000147 || edge=M23B-E000112; evidence=M23B-EVID-000180 || edge=M23B-E000113; evidence=M23B-EVID-000181 || edge=M23B-E000125; evidence=M23B-EVID-000193 || edge=M23B-E000127; evidence=M23B-EVID-000195 || edge=M23B-E000738; evidence=M23B-EVID-000992 || edge=M23B-E000744; evidence=M23B-EVID-001001 || edge=M23B-E000763; evidence=M23B-EVID-001028 || edge=M23B-E000893; evidence=M23B-EVID-001203
NODE05230	signaling_cascade	module20_24_export	Node participates in at least one evidence-gated exported mechanism edge.
NODE05231	receptor	register_ligand_receptor_layer	edge=M23B-E001039; evidence=M23B-EVID-001398
NODE05231	signaling_cascade	module20_24_export	Node participates in at least one evidence-gated exported mechanism edge.
NODE05232	receptor	register_ligand_receptor_layer	edge=M23B-E000398; evidence=M23B-EVID-000570 || edge=M23B-E000418; evidence=M23B-EVID-000591 || edge=M23B-E000510; evidence=M23B-EVID-000696 || edge=M23B-E000543; evidence=M23B-EVID-000741 || edge=M23B-E000576; evidence=M23B-EVID-000789
NODE05232	signaling_cascade	module20_24_export	Node participates in at least one evidence-gated exported mechanism edge.
NODE05233	receptor	register_ligand_receptor_layer	edge=M23B-E000406; evidence=M23B-EVID-000579 || edge=M23B-E000409; evidence=M23B-EVID-000582
NODE05233	signaling_cascade	module20_24_export	Node participates in at least one evidence-gated exported mechanism edge.
NODE05234	signaling_cascade	module20_24_export	Node participates in at least one evidence-gated exported mechanism edge.
NODE05235	signaling_cascade	module20_24_export	Node participates in at least one evidence-gated exported mechanism edge.
NODE05236	receptor	register_ligand_receptor_layer	edge=M23B-E000131; evidence=M23B-EVID-000199
NODE05236	signaling_cascade	module20_24_export	Node participates in at least one evidence-gated exported mechanism edge.
NODE05237	signaling_cascade	module20_24_export	Node participates in at least one evidence-gated exported mechanism edge.
NODE05238	signaling_cascade	module20_24_export	Node participates in at least one evidence-gated exported mechanism edge.
NODE05239	signaling_cascade	module20_24_export	Node participates in at least one evidence-gated exported mechanism edge.
NODE05240	signaling_cascade	module20_24_export	Node participates in at least one evidence-gated exported mechanism edge.
NODE05241	receptor	register_ligand_receptor_layer	edge=M23B-E000815; evidence=M23B-EVID-001106
NODE05241	signaling_cascade	module20_24_export	Node participates in at least one evidence-gated exported mechanism edge.
NODE05242	signaling_cascade	module20_24_export	Node participates in at least one evidence-gated exported mechanism edge.
NODE05243	signaling_cascade	module20_24_export	Node participates in at least one evidence-gated exported mechanism edge.
NODE05244	signaling_cascade	module20_24_export	Node participates in at least one evidence-gated exported mechanism edge.
NODE05245	signaling_cascade	module20_24_export	Node participates in at least one evidence-gated exported mechanism edge.
NODE05246	receptor	register_ligand_receptor_layer	edge=M23B-E000194; evidence=M23B-EVID-000278;M23B-EVID-PROMO-20260826-010
NODE05246	signaling_cascade	module20_24_export	Node participates in at least one evidence-gated exported mechanism edge.
NODE05247	signaling_cascade	module20_24_export	Node participates in at least one evidence-gated exported mechanism edge.
NODE05248	signaling_cascade	module20_24_export	Node participates in at least one evidence-gated exported mechanism edge.
NODE05249	signaling_cascade	module20_24_export	Node participates in at least one evidence-gated exported mechanism edge.
NODE05250	receptor	register_ligand_receptor_layer	edge=M23B-E000109; evidence=M23B-EVID-000177
NODE05250	signaling_cascade	module20_24_export	Node participates in at least one evidence-gated exported mechanism edge.
NODE05251	signaling_cascade	module20_24_export	Node participates in at least one evidence-gated exported mechanism edge.
NODE05252	receptor	register_ligand_receptor_layer	edge=M23B-E000126; evidence=M23B-EVID-000194 || edge=M23B-E000143; evidence=M23B-EVID-000211 || edge=M23B-E000144; evidence=M23B-EVID-000212 || edge=M23B-E000886; evidence=M23B-EVID-001195
NODE05252	signaling_cascade	module20_24_export	Node participates in at least one evidence-gated exported mechanism edge.
NODE05253	receptor	register_ligand_receptor_layer	edge=M23B-E001070; evidence=M23B-EVID-001443
NODE05253	signaling_cascade	module20_24_export	Node participates in at least one evidence-gated exported mechanism edge.
NODE05254	receptor	register_ligand_receptor_layer	edge=M23B-E000428; evidence=M23B-EVID-000603
NODE05254	signaling_cascade	module20_24_export	Node participates in at least one evidence-gated exported mechanism edge.
NODE05255	signaling_cascade	module20_24_export	Node participates in at least one evidence-gated exported mechanism edge.
NODE05256	signaling_cascade	module20_24_export	Node participates in at least one evidence-gated exported mechanism edge.
NODE05257	signaling_cascade	module20_24_export	Node participates in at least one evidence-gated exported mechanism edge.
NODE05258	signaling_cascade	module20_24_export	Node participates in at least one evidence-gated exported mechanism edge.
NODE05259	signaling_cascade	module20_24_export	Node participates in at least one evidence-gated exported mechanism edge.
NODE05260	receptor	register_ligand_receptor_layer	edge=M23B-E000953; evidence=M23B-EVID-001298
NODE05260	signaling_cascade	module20_24_export	Node participates in at least one evidence-gated exported mechanism edge.
NODE05261	signaling_cascade	module20_24_export	Node participates in at least one evidence-gated exported mechanism edge.
NODE05262	receptor	register_ligand_receptor_layer	edge=M23B-E000078; evidence=M23B-EVID-000140;M23B-EVID-PROMO-20260826-005
NODE05262	signaling_cascade	module20_24_export	Node participates in at least one evidence-gated exported mechanism edge.
NODE05263	receptor	register_ligand_receptor_layer	edge=M23B-E000546; evidence=M23B-EVID-000744
NODE05263	signaling_cascade	module20_24_export	Node participates in at least one evidence-gated exported mechanism edge.
NODE05264	signaling_cascade	module20_24_export	Node participates in at least one evidence-gated exported mechanism edge.
NODE05265	signaling_cascade	module20_24_export	Node participates in at least one evidence-gated exported mechanism edge.
NODE05266	receptor	register_ligand_receptor_layer	edge=M23B-E000991; evidence=M23B-EVID-001336
NODE05266	signaling_cascade	module20_24_export	Node participates in at least one evidence-gated exported mechanism edge.
NODE05267	receptor	register_ligand_receptor_layer	edge=M23B-E000088; evidence=M23B-EVID-000150 || edge=M23B-E000696; evidence=M23B-EVID-000932
NODE05267	signaling_cascade	module20_24_export	Node participates in at least one evidence-gated exported mechanism edge.
NODE05268	receptor	register_ligand_receptor_layer	edge=M23B-E001163; evidence=M23B-EVID-EXPAND23A-089
NODE05268	signaling_cascade	module20_24_export	Node participates in at least one evidence-gated exported mechanism edge.
NODE05269	signaling_cascade	module20_24_export	Node participates in at least one evidence-gated exported mechanism edge.
NODE05270	signaling_cascade	module20_24_export	Node participates in at least one evidence-gated exported mechanism edge.
NODE05271	receptor	register_ligand_receptor_layer	edge=M20B-E002122; evidence=M20B-EVID-002122 || edge=M20B-E002284; evidence=M20B-EVID-002284 || edge=M20B-E002326; evidence=M20B-EVID-002326 || edge=M20B-E004974; evidence=M20B-EVID-004974
NODE05271	signaling_cascade	module20_24_export	Node participates in at least one evidence-gated exported mechanism edge.
NODE05272	receptor	register_ligand_receptor_layer	edge=M20B-E002100; evidence=M20B-EVID-002100 || edge=M20B-E002112; evidence=M20B-EVID-002112 || edge=M20B-E002123; evidence=M20B-EVID-002123 || edge=M20B-E002128; evidence=M20B-EVID-002128 || edge=M20B-E002241; evidence=M20B-EVID-002241 || edge=M20B-E002247; evidence=M20B-EVID-002247 || edge=M20B-E002254; evidence=M20B-EVID-002254 || edge=M20B-E002259; evidence=M20B-EVID-002259 || edge=M20B-E002278; evidence=M20B-EVID-002278 || edge=M20B-E002285; evidence=M20B-EVID-002285 || edge=M20B-E002290; evidence=M20B-EVID-002290 || edge=M20B-E002564; evidence=M20B-EVID-002564 || edge=M20B-E002568; evidence=M20B-EVID-002568 || edge=M20B-E004096; evidence=M20B-EVID-004096;M20B-EVID-004096-P2-DIRECT;M20B-EVID-004096-P2-FUNC;M20B-EVID-004096-P2-RELAY || edge=M20B-E004661; evidence=M20B-EVID-004661;M20B-EVID-004661-P2-DIRECT;M20B-EVID-004661-P2-FUNC;M20B-EVID-004661-P2-RELAY || edge=M20B-E004975; evidence=M20B-EVID-004975 || edge=M20B-E005072; evidence=M20B-EVID-005072;M20B-EVID-005072-P2-DIRECT-288;M20B-EVID-005072-P2-FUNC-288;M20B-EVID-005072-P2-RELAY-288
NODE05272	signaling_cascade	module20_24_export	Node participates in at least one evidence-gated exported mechanism edge.
NODE05273	receptor	register_ligand_receptor_layer	edge=M20B-E002129; evidence=M20B-EVID-002129 || edge=M20B-E002286; evidence=M20B-EVID-002286 || edge=M20B-E004976; evidence=M20B-EVID-004976
NODE05273	signaling_cascade	module20_24_export	Node participates in at least one evidence-gated exported mechanism edge.
NODE05274	receptor	register_ligand_receptor_layer	edge=M20B-E002124; evidence=M20B-EVID-002124 || edge=M20B-E002260; evidence=M20B-EVID-002260 || edge=M20B-E004977; evidence=M20B-EVID-004977 || edge=M20B-E005026; evidence=M20B-EVID-005026
NODE05274	signaling_cascade	module20_24_export	Node participates in at least one evidence-gated exported mechanism edge.
NODE05275	receptor	register_ligand_receptor_layer	edge=M20B-E001945; evidence=M20B-EVID-001945 || edge=M20B-E002125; evidence=M20B-EVID-002125 || edge=M20B-E002287; evidence=M20B-EVID-002287
NODE05275	signaling_cascade	module20_24_export	Node participates in at least one evidence-gated exported mechanism edge.
NODE05276	receptor	register_ligand_receptor_layer	edge=M23B-E000515; evidence=M23B-EVID-000702
NODE05276	signaling_cascade	module20_24_export	Node participates in at least one evidence-gated exported mechanism edge.
NODE05276	target_gene	register_target_gene_layer	edge=M22B-E006532; evidence=M22B-EVID-006705 || edge=M22B-E007000; evidence=M22B-EVID-007173 || edge=M22B-E007194; evidence=M22B-EVID-007367 || edge=M22B-E008690; evidence=M22B-EVID-008863
NODE05277	receptor	register_ligand_receptor_layer	edge=M23B-E000561; evidence=M23B-EVID-000762
NODE05277	signaling_cascade	module20_24_export	Node participates in at least one evidence-gated exported mechanism edge.
NODE05278	signaling_cascade	module20_24_export	Node participates in at least one evidence-gated exported mechanism edge.
NODE05279	signaling_cascade	module20_24_export	Node participates in at least one evidence-gated exported mechanism edge.
NODE05280	signaling_cascade	module20_24_export	Node participates in at least one evidence-gated exported mechanism edge.
NODE05281	signaling_cascade	module20_24_export	Node participates in at least one evidence-gated exported mechanism edge.
NODE05282	receptor	register_ligand_receptor_layer	edge=M23B-E000955; evidence=M23B-EVID-001300
NODE05282	signaling_cascade	module20_24_export	Node participates in at least one evidence-gated exported mechanism edge.
NODE05283	signaling_cascade	module20_24_export	Node participates in at least one evidence-gated exported mechanism edge.
NODE05284	receptor	register_ligand_receptor_layer	edge=M20B-E001838; evidence=M20B-EVID-001838 || edge=M20B-E005073; evidence=M20B-EVID-005073;M20B-EVID-005073-P2-DIRECT-288;M20B-EVID-005073-P2-FUNC-288;M20B-EVID-005073-P2-RELAY-288
NODE05284	signaling_cascade	module20_24_export	Node participates in at least one evidence-gated exported mechanism edge.
NODE05285	receptor	register_ligand_receptor_layer	edge=M20B-E002437; evidence=M20B-EVID-002437 || edge=M20B-E002456; evidence=M20B-EVID-002456 || edge=M20B-E004127; evidence=M20B-EVID-004127;M20B-EVID-004127-P2-DIRECT;M20B-EVID-004127-P2-FUNC;M20B-EVID-004127-P2-RELAY || edge=M20B-E004132; evidence=M20B-EVID-004132 || edge=M20B-E004213; evidence=M20B-EVID-004213;M20B-EVID-004213-P2-DIRECT;M20B-EVID-004213-P2-FUNC;M20B-EVID-004213-P2-RELAY || edge=M20B-E005027; evidence=M20B-EVID-005027 || edge=M20B-E005053; evidence=M20B-EVID-005053;M20B-EVID-005053-P2-DIRECT;M20B-EVID-005053-P2-FUNC;M20B-EVID-005053-P2-RELAY || edge=M20B-E005078; evidence=M20B-EVID-005078
NODE05285	signaling_cascade	module20_24_export	Node participates in at least one evidence-gated exported mechanism edge.
NODE05285	target_gene	register_target_gene_layer	edge=M22B-E006063; evidence=M22B-EVID-006236 || edge=M22B-E006377; evidence=M22B-EVID-006550 || edge=M22B-E006773; evidence=M22B-EVID-006946 || edge=M22B-E008229; evidence=M22B-EVID-008402 || edge=M22B-E008526; evidence=M22B-EVID-008699 || edge=M22B-E008921; evidence=M22B-EVID-009094 || edge=M22B-E010299; evidence=M22B-EVID-010471
NODE05286	signaling_cascade	module20_24_export	Node participates in at least one evidence-gated exported mechanism edge.
NODE05287	signaling_cascade	module20_24_export	Node participates in at least one evidence-gated exported mechanism edge.
NODE05288	signaling_cascade	module20_24_export	Node participates in at least one evidence-gated exported mechanism edge.
NODE05289	signaling_cascade	module20_24_export	Node participates in at least one evidence-gated exported mechanism edge.
NODE05290	signaling_cascade	module20_24_export	Node participates in at least one evidence-gated exported mechanism edge.
NODE05291	signaling_cascade	module20_24_export	Node participates in at least one evidence-gated exported mechanism edge.
NODE05292	signaling_cascade	module20_24_export	Node participates in at least one evidence-gated exported mechanism edge.
NODE05293	receptor	register_ligand_receptor_layer	edge=M23B-E000201; evidence=M23B-EVID-000286
NODE05293	signaling_cascade	module20_24_export	Node participates in at least one evidence-gated exported mechanism edge.
NODE05294	receptor	register_ligand_receptor_layer	edge=M23B-E000647; evidence=M23B-EVID-000870
NODE05294	signaling_cascade	module20_24_export	Node participates in at least one evidence-gated exported mechanism edge.
NODE05295	signaling_cascade	module20_24_export	Node participates in at least one evidence-gated exported mechanism edge.
NODE05296	signaling_cascade	module20_24_export	Node participates in at least one evidence-gated exported mechanism edge.
NODE05297	signaling_cascade	module20_24_export	Node participates in at least one evidence-gated exported mechanism edge.
NODE05298	signaling_cascade	module20_24_export	Node participates in at least one evidence-gated exported mechanism edge.
NODE05299	receptor	register_ligand_receptor_layer	edge=M20B-E001677; evidence=M20B-EVID-001677
NODE05299	signaling_cascade	module20_24_export	Node participates in at least one evidence-gated exported mechanism edge.
NODE05300	receptor	register_ligand_receptor_layer	edge=M20B-E003806; evidence=M20B-EVID-003806 || edge=M20B-E003871; evidence=M20B-EVID-003871;M20B-EVID-003871-P2-FUNC || edge=M20B-E004967; evidence=M20B-EVID-004967
NODE05300	signaling_cascade	module20_24_export	Node participates in at least one evidence-gated exported mechanism edge.
NODE05300	target_gene	register_target_gene_layer	edge=M22B-E006378; evidence=M22B-EVID-006551 || edge=M22B-E007001; evidence=M22B-EVID-007174
NODE05301	signaling_cascade	module20_24_export	Node participates in at least one evidence-gated exported mechanism edge.
NODE05302	receptor	register_ligand_receptor_layer	edge=M20B-E004238; evidence=M20B-EVID-004238;M20B-EVID-004238-P2-DIRECT;M20B-EVID-004238-P2-FUNC;M20B-EVID-004238-P2-RELAY || edge=M20B-E005028; evidence=M20B-EVID-005028
NODE05302	signaling_cascade	module20_24_export	Node participates in at least one evidence-gated exported mechanism edge.
NODE05302	target_gene	register_target_gene_layer	edge=M22B-E006064; evidence=M22B-EVID-006237 || edge=M22B-E008230; evidence=M22B-EVID-008403 || edge=M22B-E009562; evidence=M22B-EVID-009735
NODE05303	receptor	register_ligand_receptor_layer	edge=M23B-E000581; evidence=M23B-EVID-000795
NODE05303	signaling_cascade	module20_24_export	Node participates in at least one evidence-gated exported mechanism edge.
NODE05304	signaling_cascade	module20_24_export	Node participates in at least one evidence-gated exported mechanism edge.
NODE05305	signaling_cascade	module20_24_export	Node participates in at least one evidence-gated exported mechanism edge.
NODE05306	signaling_cascade	module20_24_export	Node participates in at least one evidence-gated exported mechanism edge.
NODE05307	signaling_cascade	module20_24_export	Node participates in at least one evidence-gated exported mechanism edge.
NODE05307	target_gene	register_target_gene_layer	edge=M22B-E000210; evidence=M22B-EVID-000292
NODE05308	receptor	register_ligand_receptor_layer	edge=M23B-E000519; evidence=M23B-EVID-000708 || edge=M23B-E000570; evidence=M23B-EVID-000780 || edge=M23B-E000711; evidence=M23B-EVID-000947
NODE05308	signaling_cascade	module20_24_export	Node participates in at least one evidence-gated exported mechanism edge.
NODE05309	receptor	register_ligand_receptor_layer	edge=M23B-E000268; evidence=M23B-EVID-000393;M23B-EVID-000394
NODE05309	signaling_cascade	module20_24_export	Node participates in at least one evidence-gated exported mechanism edge.
NODE05310	signaling_cascade	module20_24_export	Node participates in at least one evidence-gated exported mechanism edge.
NODE05311	ligand	register_ligand_receptor_layer	edge=M23B-E000581; evidence=M23B-EVID-000795 || edge=M23B-E000584; evidence=M23B-EVID-000798
NODE05311	signaling_cascade	module20_24_export	Node participates in at least one evidence-gated exported mechanism edge.
NODE05312	signaling_cascade	module20_24_export	Node participates in at least one evidence-gated exported mechanism edge.
NODE05313	signaling_cascade	module20_24_export	Node participates in at least one evidence-gated exported mechanism edge.
NODE05314	signaling_cascade	module20_24_export	Node participates in at least one evidence-gated exported mechanism edge.
NODE05315	signaling_cascade	module20_24_export	Node participates in at least one evidence-gated exported mechanism edge.
NODE05316	receptor	register_ligand_receptor_layer	edge=M20B-E004239; evidence=M20B-EVID-004239;M20B-EVID-004239-P2-DIRECT;M20B-EVID-004239-P2-FUNC;M20B-EVID-004239-P2-RELAY || edge=M20B-E005029; evidence=M20B-EVID-005029
NODE05316	signaling_cascade	module20_24_export	Node participates in at least one evidence-gated exported mechanism edge.
NODE05316	target_gene	register_target_gene_layer	edge=M22B-E010524; evidence=M22B-EVID-010638 || edge=M22B-E010525; evidence=M22B-EVID-010638 || edge=M22B-E010526; evidence=M22B-EVID-010638 || edge=M22B-E010624; evidence=M22B-EVID-010720
NODE05317	receptor	register_ligand_receptor_layer	edge=M23B-E000584; evidence=M23B-EVID-000798
NODE05317	signaling_cascade	module20_24_export	Node participates in at least one evidence-gated exported mechanism edge.
NODE05318	receptor	register_ligand_receptor_layer	edge=M23B-E000750; evidence=M23B-EVID-001007
NODE05318	signaling_cascade	module20_24_export	Node participates in at least one evidence-gated exported mechanism edge.
NODE05319	signaling_cascade	module20_24_export	Node participates in at least one evidence-gated exported mechanism edge.
NODE05320	receptor	register_ligand_receptor_layer	edge=M20B-E005048; evidence=M20B-EVID-005048 || edge=M23B-E000507; evidence=M23B-EVID-000693 || edge=M23B-E001035; evidence=M23B-EVID-001391
NODE05320	signaling_cascade	module20_24_export	Node participates in at least one evidence-gated exported mechanism edge.
NODE05320	target_gene	register_target_gene_layer	edge=M22B-E009657; evidence=M22B-EVID-009830 || edge=M22B-E010114; evidence=M22B-EVID-010287
NODE05321	signaling_cascade	module20_24_export	Node participates in at least one evidence-gated exported mechanism edge.
NODE05322	receptor	register_ligand_receptor_layer	edge=M20B-E002445; evidence=M20B-EVID-002445
NODE05322	signaling_cascade	module20_24_export	Node participates in at least one evidence-gated exported mechanism edge.
NODE05322	target_gene	register_target_gene_layer	edge=M22B-E010675; evidence=M22B-EVID-010768
NODE05323	receptor	register_ligand_receptor_layer	edge=M20B-E005030; evidence=M20B-EVID-005030
NODE05323	signaling_cascade	module20_24_export	Node participates in at least one evidence-gated exported mechanism edge.
NODE05324	signaling_cascade	module20_24_export	Node participates in at least one evidence-gated exported mechanism edge.
NODE05325	signaling_cascade	module20_24_export	Node participates in at least one evidence-gated exported mechanism edge.
NODE05325	target_gene	register_target_gene_layer	edge=M22B-E006263; evidence=M22B-EVID-006436 || edge=M22B-E008416; evidence=M22B-EVID-008589
NODE05326	signaling_cascade	module20_24_export	Node participates in at least one evidence-gated exported mechanism edge.
NODE05326	target_gene	register_target_gene_layer	edge=M22B-E006065; evidence=M22B-EVID-006238 || edge=M22B-E006180; evidence=M22B-EVID-006353 || edge=M22B-E008231; evidence=M22B-EVID-008404 || edge=M22B-E008332; evidence=M22B-EVID-008505 || edge=M22B-E009991; evidence=M22B-EVID-010164 || edge=M22B-E010018; evidence=M22B-EVID-010191
NODE05327	signaling_cascade	module20_24_export	Node participates in at least one evidence-gated exported mechanism edge.
NODE05328	signaling_cascade	module20_24_export	Node participates in at least one evidence-gated exported mechanism edge.
NODE05329	signaling_cascade	module20_24_export	Node participates in at least one evidence-gated exported mechanism edge.
NODE05330	signaling_cascade	module20_24_export	Node participates in at least one evidence-gated exported mechanism edge.
NODE05331	signaling_cascade	module20_24_export	Node participates in at least one evidence-gated exported mechanism edge.
NODE05332	signaling_cascade	module20_24_export	Node participates in at least one evidence-gated exported mechanism edge.
NODE05332	target_gene	register_target_gene_layer	edge=M22B-E006533; evidence=M22B-EVID-006706 || edge=M22B-E007195; evidence=M22B-EVID-007368 || edge=M22B-E009606; evidence=M22B-EVID-009779
NODE05333	signaling_cascade	module20_24_export	Node participates in at least one evidence-gated exported mechanism edge.
NODE05334	signaling_cascade	module20_24_export	Node participates in at least one evidence-gated exported mechanism edge.
NODE05335	signaling_cascade	module20_24_export	Node participates in at least one evidence-gated exported mechanism edge.
NODE05336	signaling_cascade	module20_24_export	Node participates in at least one evidence-gated exported mechanism edge.
NODE05337	signaling_cascade	module20_24_export	Node participates in at least one evidence-gated exported mechanism edge.
NODE05338	signaling_cascade	module20_24_export	Node participates in at least one evidence-gated exported mechanism edge.
NODE05339	ligand	register_ligand_receptor_layer	edge=M20B-E004047; evidence=M20B-EVID-004047;M20B-EVID-004047-P2-DIRECT;M20B-EVID-004047-P2-FUNC;M20B-EVID-004047-P2-RELAY
NODE05339	signaling_cascade	module20_24_export	Node participates in at least one evidence-gated exported mechanism edge.
NODE05340	signaling_cascade	module20_24_export	Node participates in at least one evidence-gated exported mechanism edge.
NODE05341	signaling_cascade	module20_24_export	Node participates in at least one evidence-gated exported mechanism edge.
NODE05342	signaling_cascade	module20_24_export	Node participates in at least one evidence-gated exported mechanism edge.
NODE05343	signaling_cascade	module20_24_export	Node participates in at least one evidence-gated exported mechanism edge.
NODE05344	signaling_cascade	module20_24_export	Node participates in at least one evidence-gated exported mechanism edge.
NODE05345	signaling_cascade	module20_24_export	Node participates in at least one evidence-gated exported mechanism edge.
NODE05346	signaling_cascade	module20_24_export	Node participates in at least one evidence-gated exported mechanism edge.
NODE05347	signaling_cascade	module20_24_export	Node participates in at least one evidence-gated exported mechanism edge.
NODE05348	signaling_cascade	module20_24_export	Node participates in at least one evidence-gated exported mechanism edge.
NODE05349	signaling_cascade	module20_24_export	Node participates in at least one evidence-gated exported mechanism edge.
NODE05350	signaling_cascade	module20_24_export	Node participates in at least one evidence-gated exported mechanism edge.
NODE05351	signaling_cascade	module20_24_export	Node participates in at least one evidence-gated exported mechanism edge.
NODE05352	signaling_cascade	module20_24_export	Node participates in at least one evidence-gated exported mechanism edge.
NODE05353	signaling_cascade	module20_24_export	Node participates in at least one evidence-gated exported mechanism edge.
NODE05354	signaling_cascade	module20_24_export	Node participates in at least one evidence-gated exported mechanism edge.
NODE05355	signaling_cascade	module20_24_export	Node participates in at least one evidence-gated exported mechanism edge.
NODE05356	signaling_cascade	module20_24_export	Node participates in at least one evidence-gated exported mechanism edge.
NODE05357	signaling_cascade	module20_24_export	Node participates in at least one evidence-gated exported mechanism edge.
NODE05357	target_gene	register_target_gene_layer	edge=M22B-E006066; evidence=M22B-EVID-006239
NODE05358	signaling_cascade	module20_24_export	Node participates in at least one evidence-gated exported mechanism edge.
NODE05359	signaling_cascade	module20_24_export	Node participates in at least one evidence-gated exported mechanism edge.
NODE05360	signaling_cascade	module20_24_export	Node participates in at least one evidence-gated exported mechanism edge.
NODE05361	signaling_cascade	module20_24_export	Node participates in at least one evidence-gated exported mechanism edge.
NODE05361	target_gene	register_target_gene_layer	edge=M22B-E007475; evidence=M22B-EVID-007648
NODE05362	signaling_cascade	module20_24_export	Node participates in at least one evidence-gated exported mechanism edge.
NODE05362	target_gene	register_target_gene_layer	edge=M22B-E006067; evidence=M22B-EVID-006240 || edge=M22B-E009851; evidence=M22B-EVID-010024
NODE05363	signaling_cascade	module20_24_export	Node participates in at least one evidence-gated exported mechanism edge.
NODE05364	ligand	register_ligand_receptor_layer	edge=M23B-E000588; evidence=M23B-EVID-000804
NODE05364	signaling_cascade	module20_24_export	Node participates in at least one evidence-gated exported mechanism edge.
NODE05365	signaling_cascade	module20_24_export	Node participates in at least one evidence-gated exported mechanism edge.
NODE05366	ligand	register_ligand_receptor_layer	edge=M23B-E000590; evidence=M23B-EVID-000807
NODE05366	signaling_cascade	module20_24_export	Node participates in at least one evidence-gated exported mechanism edge.
NODE05367	signaling_cascade	module20_24_export	Node participates in at least one evidence-gated exported mechanism edge.
NODE05368	ligand	register_ligand_receptor_layer	edge=M23B-E001059; evidence=M23B-EVID-001429
NODE05368	signaling_cascade	module20_24_export	Node participates in at least one evidence-gated exported mechanism edge.
NODE05369	signaling_cascade	module20_24_export	Node participates in at least one evidence-gated exported mechanism edge.
NODE05370	signaling_cascade	module20_24_export	Node participates in at least one evidence-gated exported mechanism edge.
NODE05371	signaling_cascade	module20_24_export	Node participates in at least one evidence-gated exported mechanism edge.
NODE05372	signaling_cascade	module20_24_export	Node participates in at least one evidence-gated exported mechanism edge.
NODE05373	signaling_cascade	module20_24_export	Node participates in at least one evidence-gated exported mechanism edge.
NODE05373	target_gene	register_target_gene_layer	edge=M22B-E010117; evidence=M22B-EVID-010290 || edge=M22B-E010118; evidence=M22B-EVID-010291
NODE05374	signaling_cascade	module20_24_export	Node participates in at least one evidence-gated exported mechanism edge.
NODE05374	target_gene	register_target_gene_layer	edge=M22B-E010567; evidence=M22B-EVID-010665 || edge=M22B-E010568; evidence=M22B-EVID-010665
NODE05375	signaling_cascade	module20_24_export	Node participates in at least one evidence-gated exported mechanism edge.
NODE05376	signaling_cascade	module20_24_export	Node participates in at least one evidence-gated exported mechanism edge.
NODE05377	signaling_cascade	module20_24_export	Node participates in at least one evidence-gated exported mechanism edge.
NODE05377	target_gene	register_target_gene_layer	edge=M22B-E005785; evidence=M22B-EVID-005958 || edge=M22B-E007196; evidence=M22B-EVID-007369 || edge=M22B-E007476; evidence=M22B-EVID-007649 || edge=M22B-E007952; evidence=M22B-EVID-008125 || edge=M22B-E009514; evidence=M22B-EVID-009687
NODE05377	transcription_factor	register_target_gene_layer	edge=M22B-E005736; evidence=M22B-EVID-005909 || edge=M22B-E005737; evidence=M22B-EVID-005910 || edge=M22B-E005744; evidence=M22B-EVID-005917 || edge=M22B-E006479; evidence=M22B-EVID-006652 || edge=M22B-E006480; evidence=M22B-EVID-006653 || edge=M22B-E006481; evidence=M22B-EVID-006654 || edge=M22B-E006482; evidence=M22B-EVID-006655 || edge=M22B-E006483; evidence=M22B-EVID-006656 || edge=M22B-E006484; evidence=M22B-EVID-006657 || edge=M22B-E006485; evidence=M22B-EVID-006658 || edge=M22B-E006486; evidence=M22B-EVID-006659 || edge=M22B-E006487; evidence=M22B-EVID-006660 || edge=M22B-E006488; evidence=M22B-EVID-006661 || edge=M22B-E006489; evidence=M22B-EVID-006662 || edge=M22B-E006490; evidence=M22B-EVID-006663 || edge=M22B-E006491; evidence=M22B-EVID-006664 || edge=M22B-E006492; evidence=M22B-EVID-006665 || edge=M22B-E006493; evidence=M22B-EVID-006666 || edge=M22B-E006494; evidence=M22B-EVID-006667 || edge=M22B-E006495; evidence=M22B-EVID-006668 || edge=M22B-E006496; evidence=M22B-EVID-006669 || edge=M22B-E006497; evidence=M22B-EVID-006670 || edge=M22B-E006498; evidence=M22B-EVID-006671 || edge=M22B-E006499; evidence=M22B-EVID-006672 || edge=M22B-E006500; evidence=M22B-EVID-006673 || edge=M22B-E006501; evidence=M22B-EVID-006674 || edge=M22B-E006502; evidence=M22B-EVID-006675 || edge=M22B-E006503; evidence=M22B-EVID-006676 || edge=M22B-E006504; evidence=M22B-EVID-006677 || edge=M22B-E006505; evidence=M22B-EVID-006678 || edge=M22B-E006506; evidence=M22B-EVID-006679 || edge=M22B-E006507; evidence=M22B-EVID-006680 || edge=M22B-E006508; evidence=M22B-EVID-006681 || edge=M22B-E006509; evidence=M22B-EVID-006682 || edge=M22B-E006510; evidence=M22B-EVID-006683 || edge=M22B-E006511; evidence=M22B-EVID-006684 || edge=M22B-E006512; evidence=M22B-EVID-006685 || edge=M22B-E006513; evidence=M22B-EVID-006686 || edge=M22B-E006514; evidence=M22B-EVID-006687 || edge=M22B-E006515; evidence=M22B-EVID-006688 || edge=M22B-E006516; evidence=M22B-EVID-006689 || edge=M22B-E006517; evidence=M22B-EVID-006690 || edge=M22B-E006518; evidence=M22B-EVID-006691 || edge=M22B-E006519; evidence=M22B-EVID-006692 || edge=M22B-E006520; evidence=M22B-EVID-006693 || edge=M22B-E006521; evidence=M22B-EVID-006694 || edge=M22B-E006522; evidence=M22B-EVID-006695 || edge=M22B-E006523; evidence=M22B-EVID-006696 || edge=M22B-E006524; evidence=M22B-EVID-006697 || edge=M22B-E006525; evidence=M22B-EVID-006698 || edge=M22B-E006526; evidence=M22B-EVID-006699 || edge=M22B-E006527; evidence=M22B-EVID-006700 || edge=M22B-E006528; evidence=M22B-EVID-006701 || edge=M22B-E006529; evidence=M22B-EVID-006702 || edge=M22B-E006530; evidence=M22B-EVID-006703 || edge=M22B-E006531; evidence=M22B-EVID-006704 || edge=M22B-E006532; evidence=M22B-EVID-006705 || edge=M22B-E006533; evidence=M22B-EVID-006706 || edge=M22B-E006534; evidence=M22B-EVID-006707 || edge=M22B-E006535; evidence=M22B-EVID-006708 || edge=M22B-E006536; evidence=M22B-EVID-006709 || edge=M22B-E006537; evidence=M22B-EVID-006710 || edge=M22B-E006538; evidence=M22B-EVID-006711 || edge=M22B-E006539; evidence=M22B-EVID-006712 || edge=M22B-E006540; evidence=M22B-EVID-006713 || edge=M22B-E006541; evidence=M22B-EVID-006714 || edge=M22B-E006542; evidence=M22B-EVID-006715 || edge=M22B-E006543; evidence=M22B-EVID-006716 || edge=M22B-E006544; evidence=M22B-EVID-006717 || edge=M22B-E006545; evidence=M22B-EVID-006718 || edge=M22B-E006546; evidence=M22B-EVID-006719 || edge=M22B-E006547; evidence=M22B-EVID-006720 || edge=M22B-E006548; evidence=M22B-EVID-006721 || edge=M22B-E006549; evidence=M22B-EVID-006722 || edge=M22B-E006550; evidence=M22B-EVID-006723 || edge=M22B-E006551; evidence=M22B-EVID-006724 || edge=M22B-E006552; evidence=M22B-EVID-006725 || edge=M22B-E006553; evidence=M22B-EVID-006726 || edge=M22B-E006554; evidence=M22B-EVID-006727 || edge=M22B-E006555; evidence=M22B-EVID-006728 || edge=M22B-E006556; evidence=M22B-EVID-006729 || edge=M22B-E006557; evidence=M22B-EVID-006730 || edge=M22B-E006558; evidence=M22B-EVID-006731 || edge=M22B-E006559; evidence=M22B-EVID-006732 || edge=M22B-E006560; evidence=M22B-EVID-006733 || edge=M22B-E006561; evidence=M22B-EVID-006734 || edge=M22B-E006562; evidence=M22B-EVID-006735 || edge=M22B-E006563; evidence=M22B-EVID-006736 || edge=M22B-E006564; evidence=M22B-EVID-006737 || edge=M22B-E006565; evidence=M22B-EVID-006738 || edge=M22B-E006566; evidence=M22B-EVID-006739 || edge=M22B-E006567; evidence=M22B-EVID-006740 || edge=M22B-E006568; evidence=M22B-EVID-006741 || edge=M22B-E006569; evidence=M22B-EVID-006742 || edge=M22B-E006570; evidence=M22B-EVID-006743 || edge=M22B-E006571; evidence=M22B-EVID-006744 || edge=M22B-E006572; evidence=M22B-EVID-006745 || edge=M22B-E006573; evidence=M22B-EVID-006746 || edge=M22B-E006574; evidence=M22B-EVID-006747 || edge=M22B-E006575; evidence=M22B-EVID-006748 || edge=M22B-E006576; evidence=M22B-EVID-006749 || edge=M22B-E006577; evidence=M22B-EVID-006750 || edge=M22B-E006578; evidence=M22B-EVID-006751 || edge=M22B-E006579; evidence=M22B-EVID-006752 || edge=M22B-E006580; evidence=M22B-EVID-006753 || edge=M22B-E006581; evidence=M22B-EVID-006754 || edge=M22B-E006582; evidence=M22B-EVID-006755 || edge=M22B-E006583; evidence=M22B-EVID-006756 || edge=M22B-E006584; evidence=M22B-EVID-006757 || edge=M22B-E006585; evidence=M22B-EVID-006758 || edge=M22B-E006586; evidence=M22B-EVID-006759 || edge=M22B-E006587; evidence=M22B-EVID-006760 || edge=M22B-E006588; evidence=M22B-EVID-006761 || edge=M22B-E006589; evidence=M22B-EVID-006762 || edge=M22B-E006590; evidence=M22B-EVID-006763 || edge=M22B-E008634; evidence=M22B-EVID-008807 || edge=M22B-E008635; evidence=M22B-EVID-008808 || edge=M22B-E008636; evidence=M22B-EVID-008809 || edge=M22B-E008637; evidence=M22B-EVID-008810 || edge=M22B-E008638; evidence=M22B-EVID-008811 || edge=M22B-E008639; evidence=M22B-EVID-008812 || edge=M22B-E008640; evidence=M22B-EVID-008813 || edge=M22B-E008641; evidence=M22B-EVID-008814 || edge=M22B-E008642; evidence=M22B-EVID-008815 || edge=M22B-E008643; evidence=M22B-EVID-008816 || edge=M22B-E008644; evidence=M22B-EVID-008817 || edge=M22B-E008645; evidence=M22B-EVID-008818 || edge=M22B-E008646; evidence=M22B-EVID-008819 || edge=M22B-E008647; evidence=M22B-EVID-008820 || edge=M22B-E008648; evidence=M22B-EVID-008821 || edge=M22B-E008649; evidence=M22B-EVID-008822 || edge=M22B-E008650; evidence=M22B-EVID-008823 || edge=M22B-E008651; evidence=M22B-EVID-008824 || edge=M22B-E008652; evidence=M22B-EVID-008825 || edge=M22B-E008653; evidence=M22B-EVID-008826 || edge=M22B-E008654; evidence=M22B-EVID-008827 || edge=M22B-E008655; evidence=M22B-EVID-008828 || edge=M22B-E008656; evidence=M22B-EVID-008829 || edge=M22B-E008657; evidence=M22B-EVID-008830 || edge=M22B-E008658; evidence=M22B-EVID-008831 || edge=M22B-E008659; evidence=M22B-EVID-008832 || edge=M22B-E008660; evidence=M22B-EVID-008833 || edge=M22B-E008661; evidence=M22B-EVID-008834 || edge=M22B-E008662; evidence=M22B-EVID-008835 || edge=M22B-E008663; evidence=M22B-EVID-008836 || edge=M22B-E008664; evidence=M22B-EVID-008837 || edge=M22B-E008665; evidence=M22B-EVID-008838 || edge=M22B-E008666; evidence=M22B-EVID-008839 || edge=M22B-E008667; evidence=M22B-EVID-008840 || edge=M22B-E008668; evidence=M22B-EVID-008841 || edge=M22B-E008669; evidence=M22B-EVID-008842 || edge=M22B-E008670; evidence=M22B-EVID-008843 || edge=M22B-E008671; evidence=M22B-EVID-008844 || edge=M22B-E008672; evidence=M22B-EVID-008845 || edge=M22B-E008673; evidence=M22B-EVID-008846 || edge=M22B-E008674; evidence=M22B-EVID-008847 || edge=M22B-E008675; evidence=M22B-EVID-008848 || edge=M22B-E008676; evidence=M22B-EVID-008849 || edge=M22B-E008677; evidence=M22B-EVID-008850 || edge=M22B-E008678; evidence=M22B-EVID-008851 || edge=M22B-E008679; evidence=M22B-EVID-008852 || edge=M22B-E008680; evidence=M22B-EVID-008853 || edge=M22B-E008681; evidence=M22B-EVID-008854 || edge=M22B-E008682; evidence=M22B-EVID-008855 || edge=M22B-E008683; evidence=M22B-EVID-008856 || edge=M22B-E008684; evidence=M22B-EVID-008857 || edge=M22B-E008685; evidence=M22B-EVID-008858 || edge=M22B-E008686; evidence=M22B-EVID-008859 || edge=M22B-E008687; evidence=M22B-EVID-008860 || edge=M22B-E008688; evidence=M22B-EVID-008861 || edge=M22B-E008689; evidence=M22B-EVID-008862 || edge=M22B-E008690; evidence=M22B-EVID-008863 || edge=M22B-E008691; evidence=M22B-EVID-008864 || edge=M22B-E008692; evidence=M22B-EVID-008865 || edge=M22B-E008693; evidence=M22B-EVID-008866 || edge=M22B-E008694; evidence=M22B-EVID-008867 || edge=M22B-E008695; evidence=M22B-EVID-008868 || edge=M22B-E008696; evidence=M22B-EVID-008869 || edge=M22B-E008697; evidence=M22B-EVID-008870 || edge=M22B-E008698; evidence=M22B-EVID-008871 || edge=M22B-E008699; evidence=M22B-EVID-008872 || edge=M22B-E008700; evidence=M22B-EVID-008873 || edge=M22B-E008701; evidence=M22B-EVID-008874 || edge=M22B-E008702; evidence=M22B-EVID-008875 || edge=M22B-E008703; evidence=M22B-EVID-008876 || edge=M22B-E008704; evidence=M22B-EVID-008877 || edge=M22B-E008705; evidence=M22B-EVID-008878 || edge=M22B-E008706; evidence=M22B-EVID-008879 || edge=M22B-E008707; evidence=M22B-EVID-008880 || edge=M22B-E008708; evidence=M22B-EVID-008881 || edge=M22B-E008709; evidence=M22B-EVID-008882 || edge=M22B-E008710; evidence=M22B-EVID-008883 || edge=M22B-E008711; evidence=M22B-EVID-008884 || edge=M22B-E008712; evidence=M22B-EVID-008885 || edge=M22B-E008713; evidence=M22B-EVID-008886 || edge=M22B-E008714; evidence=M22B-EVID-008887 || edge=M22B-E008715; evidence=M22B-EVID-008888 || edge=M22B-E008716; evidence=M22B-EVID-008889 || edge=M22B-E008717; evidence=M22B-EVID-008890 || edge=M22B-E008718; evidence=M22B-EVID-008891 || edge=M22B-E008719; evidence=M22B-EVID-008892 || edge=M22B-E008720; evidence=M22B-EVID-008893 || edge=M22B-E008721; evidence=M22B-EVID-008894 || edge=M22B-E008722; evidence=M22B-EVID-008895 || edge=M22B-E008723; evidence=M22B-EVID-008896 || edge=M22B-E008724; evidence=M22B-EVID-008897 || edge=M22B-E008725; evidence=M22B-EVID-008898 || edge=M22B-E008726; evidence=M22B-EVID-008899 || edge=M22B-E008727; evidence=M22B-EVID-008900 || edge=M22B-E008728; evidence=M22B-EVID-008901 || edge=M22B-E008729; evidence=M22B-EVID-008902 || edge=M22B-E008730; evidence=M22B-EVID-008903 || edge=M22B-E008731; evidence=M22B-EVID-008904 || edge=M22B-E008732; evidence=M22B-EVID-008905 || edge=M22B-E008733; evidence=M22B-EVID-008906 || edge=M22B-E008734; evidence=M22B-EVID-008907 || edge=M22B-E008735; evidence=M22B-EVID-008908 || edge=M22B-E008736; evidence=M22B-EVID-008909 || edge=M22B-E008737; evidence=M22B-EVID-008910 || edge=M22B-E008738; evidence=M22B-EVID-008911 || edge=M22B-E008739; evidence=M22B-EVID-008912 || edge=M22B-E008740; evidence=M22B-EVID-008913 || edge=M22B-E009431; evidence=M22B-EVID-009604 || edge=M22B-E009432; evidence=M22B-EVID-009605 || edge=M22B-E009433; evidence=M22B-EVID-009606 || edge=M22B-E009434; evidence=M22B-EVID-009607 || edge=M22B-E009435; evidence=M22B-EVID-009608 || edge=M22B-E009436; evidence=M22B-EVID-009609 || edge=M22B-E009437; evidence=M22B-EVID-009610 || edge=M22B-E009438; evidence=M22B-EVID-009611 || edge=M22B-E009439; evidence=M22B-EVID-009612 || edge=M22B-E009440; evidence=M22B-EVID-009613 || edge=M22B-E009441; evidence=M22B-EVID-009614 || edge=M22B-E009442; evidence=M22B-EVID-009615 || edge=M22B-E009443; evidence=M22B-EVID-009616 || edge=M22B-E009444; evidence=M22B-EVID-009617 || edge=M22B-E009445; evidence=M22B-EVID-009618 || edge=M22B-E009446; evidence=M22B-EVID-009619 || edge=M22B-E009447; evidence=M22B-EVID-009620 || edge=M22B-E009448; evidence=M22B-EVID-009621 || edge=M22B-E009449; evidence=M22B-EVID-009622 || edge=M22B-E009450; evidence=M22B-EVID-009623 || edge=M22B-E009451; evidence=M22B-EVID-009624 || edge=M22B-E009452; evidence=M22B-EVID-009625 || edge=M22B-E009453; evidence=M22B-EVID-009626 || edge=M22B-E009454; evidence=M22B-EVID-009627 || edge=M22B-E009731; evidence=M22B-EVID-009904 || edge=M22B-E009732; evidence=M22B-EVID-009905 || edge=M22B-E009733; evidence=M22B-EVID-009906 || edge=M22B-E009734; evidence=M22B-EVID-009907 || edge=M22B-E009735; evidence=M22B-EVID-009908 || edge=M22B-E009736; evidence=M22B-EVID-009909 || edge=M22B-E009737; evidence=M22B-EVID-009910 || edge=M22B-E009738; evidence=M22B-EVID-009911 || edge=M22B-E009739; evidence=M22B-EVID-009912 || edge=M22B-E009740; evidence=M22B-EVID-009913 || edge=M22B-E009741; evidence=M22B-EVID-009914 || edge=M22B-E009742; evidence=M22B-EVID-009915 || edge=M22B-E009743; evidence=M22B-EVID-009916 || edge=M22B-E009744; evidence=M22B-EVID-009917 || edge=M22B-E009745; evidence=M22B-EVID-009918 || edge=M22B-E009746; evidence=M22B-EVID-009919 || edge=M22B-E009747; evidence=M22B-EVID-009920 || edge=M22B-E009748; evidence=M22B-EVID-009921 || edge=M22B-E009749; evidence=M22B-EVID-009922 || edge=M22B-E009750; evidence=M22B-EVID-009923 || edge=M22B-E009751; evidence=M22B-EVID-009924 || edge=M22B-E009752; evidence=M22B-EVID-009925 || edge=M22B-E009753; evidence=M22B-EVID-009926 || edge=M22B-E009754; evidence=M22B-EVID-009927 || edge=M22B-E009755; evidence=M22B-EVID-009928 || edge=M22B-E009756; evidence=M22B-EVID-009929 || edge=M22B-E009757; evidence=M22B-EVID-009930 || edge=M22B-E009758; evidence=M22B-EVID-009931 || edge=M22B-E009759; evidence=M22B-EVID-009932 || edge=M22B-E009760; evidence=M22B-EVID-009933 || edge=M22B-E009761; evidence=M22B-EVID-009934 || edge=M22B-E009762; evidence=M22B-EVID-009935 || edge=M22B-E009763; evidence=M22B-EVID-009936 || edge=M22B-E009764; evidence=M22B-EVID-009937 || edge=M22B-E009765; evidence=M22B-EVID-009938 || edge=M22B-E009766; evidence=M22B-EVID-009939 || edge=M22B-E009767; evidence=M22B-EVID-009940 || edge=M22B-E009768; evidence=M22B-EVID-009941 || edge=M22B-E009769; evidence=M22B-EVID-009942 || edge=M22B-E009770; evidence=M22B-EVID-009943 || edge=M22B-E009936; evidence=M22B-EVID-010109 || edge=M22B-E009992; evidence=M22B-EVID-010165 || edge=M22B-E010068; evidence=M22B-EVID-010241 || edge=M22B-E010186; evidence=M22B-EVID-010359 || edge=M22B-E010341; evidence=M22B-EVID-010513 || edge=M22B-E010412; evidence=M22B-EVID-010584 || edge=M22B-E010514; evidence=M22B-EVID-010630
NODE05378	signaling_cascade	module20_24_export	Node participates in at least one evidence-gated exported mechanism edge.
NODE05378	target_gene	register_target_gene_layer	edge=M22B-E000393; evidence=M22B-EVID-000020
NODE05379	signaling_cascade	module20_24_export	Node participates in at least one evidence-gated exported mechanism edge.
NODE05380	signaling_cascade	module20_24_export	Node participates in at least one evidence-gated exported mechanism edge.
NODE05380	transcription_factor	register_target_gene_layer	edge=M22B-E009993; evidence=M22B-EVID-010166
NODE05381	signaling_cascade	module20_24_export	Node participates in at least one evidence-gated exported mechanism edge.
NODE05381	transcription_factor	register_target_gene_layer	edge=M22B-E010067; evidence=M22B-EVID-010240
NODE05382	signaling_cascade	module20_24_export	Node participates in at least one evidence-gated exported mechanism edge.
NODE05382	transcription_factor	register_target_gene_layer	edge=M22B-E009994; evidence=M22B-EVID-010167
NODE05383	signaling_cascade	module20_24_export	Node participates in at least one evidence-gated exported mechanism edge.
NODE05383	target_gene	register_target_gene_layer	edge=M22B-E006774; evidence=M22B-EVID-006947 || edge=M22B-E007477; evidence=M22B-EVID-007650 || edge=M22B-E008922; evidence=M22B-EVID-009095
NODE05384	signaling_cascade	module20_24_export	Node participates in at least one evidence-gated exported mechanism edge.
NODE05384	target_gene	register_target_gene_layer	edge=M22B-E009658; evidence=M22B-EVID-009831 || edge=M22B-E009852; evidence=M22B-EVID-010025
NODE05384	transcription_factor	register_target_gene_layer	edge=M22B-E000240; evidence=M22B-EVID-000353
NODE05385	signaling_cascade	module20_24_export	Node participates in at least one evidence-gated exported mechanism edge.
NODE05386	signaling_cascade	module20_24_export	Node participates in at least one evidence-gated exported mechanism edge.
NODE05387	signaling_cascade	module20_24_export	Node participates in at least one evidence-gated exported mechanism edge.
NODE05388	signaling_cascade	module20_24_export	Node participates in at least one evidence-gated exported mechanism edge.
NODE05388	target_gene	register_target_gene_layer	edge=M22B-E009360; evidence=M22B-EVID-009533
NODE05389	signaling_cascade	module20_24_export	Node participates in at least one evidence-gated exported mechanism edge.
NODE05390	signaling_cascade	module20_24_export	Node participates in at least one evidence-gated exported mechanism edge.
NODE05391	signaling_cascade	module20_24_export	Node participates in at least one evidence-gated exported mechanism edge.
NODE05392	signaling_cascade	module20_24_export	Node participates in at least one evidence-gated exported mechanism edge.
NODE05393	signaling_cascade	module20_24_export	Node participates in at least one evidence-gated exported mechanism edge.
NODE05394	signaling_cascade	module20_24_export	Node participates in at least one evidence-gated exported mechanism edge.
NODE05395	signaling_cascade	module20_24_export	Node participates in at least one evidence-gated exported mechanism edge.
NODE05396	signaling_cascade	module20_24_export	Node participates in at least one evidence-gated exported mechanism edge.
NODE05397	signaling_cascade	module20_24_export	Node participates in at least one evidence-gated exported mechanism edge.
NODE05398	signaling_cascade	module20_24_export	Node participates in at least one evidence-gated exported mechanism edge.
NODE05399	signaling_cascade	module20_24_export	Node participates in at least one evidence-gated exported mechanism edge.
NODE05400	signaling_cascade	module20_24_export	Node participates in at least one evidence-gated exported mechanism edge.
NODE05401	signaling_cascade	module20_24_export	Node participates in at least one evidence-gated exported mechanism edge.
NODE05402	signaling_cascade	module20_24_export	Node participates in at least one evidence-gated exported mechanism edge.
NODE05403	signaling_cascade	module20_24_export	Node participates in at least one evidence-gated exported mechanism edge.
NODE05404	signaling_cascade	module20_24_export	Node participates in at least one evidence-gated exported mechanism edge.
NODE05405	signaling_cascade	module20_24_export	Node participates in at least one evidence-gated exported mechanism edge.
NODE05406	signaling_cascade	module20_24_export	Node participates in at least one evidence-gated exported mechanism edge.
NODE05406	target_gene	register_target_gene_layer	edge=M22B-E005914; evidence=M22B-EVID-006087
NODE05407	signaling_cascade	module20_24_export	Node participates in at least one evidence-gated exported mechanism edge.
NODE05408	signaling_cascade	module20_24_export	Node participates in at least one evidence-gated exported mechanism edge.
NODE05409	signaling_cascade	module20_24_export	Node participates in at least one evidence-gated exported mechanism edge.
NODE05410	signaling_cascade	module20_24_export	Node participates in at least one evidence-gated exported mechanism edge.
NODE05411	signaling_cascade	module20_24_export	Node participates in at least one evidence-gated exported mechanism edge.
NODE05412	signaling_cascade	module20_24_export	Node participates in at least one evidence-gated exported mechanism edge.
NODE05413	signaling_cascade	module20_24_export	Node participates in at least one evidence-gated exported mechanism edge.
NODE05413	target_gene	register_target_gene_layer	edge=M22B-E010055; evidence=M22B-EVID-010228
NODE05414	signaling_cascade	module20_24_export	Node participates in at least one evidence-gated exported mechanism edge.
NODE05415	signaling_cascade	module20_24_export	Node participates in at least one evidence-gated exported mechanism edge.
NODE05416	signaling_cascade	module20_24_export	Node participates in at least one evidence-gated exported mechanism edge.
NODE05416	target_gene	register_target_gene_layer	edge=M22B-E009563; evidence=M22B-EVID-009736
NODE05417	signaling_cascade	module20_24_export	Node participates in at least one evidence-gated exported mechanism edge.
NODE05418	signaling_cascade	module20_24_export	Node participates in at least one evidence-gated exported mechanism edge.
NODE05419	signaling_cascade	module20_24_export	Node participates in at least one evidence-gated exported mechanism edge.
NODE05419	target_gene	register_target_gene_layer	edge=M22B-E009564; evidence=M22B-EVID-009737
NODE05420	signaling_cascade	module20_24_export	Node participates in at least one evidence-gated exported mechanism edge.
NODE05421	signaling_cascade	module20_24_export	Node participates in at least one evidence-gated exported mechanism edge.
NODE05422	signaling_cascade	module20_24_export	Node participates in at least one evidence-gated exported mechanism edge.
NODE05423	signaling_cascade	module20_24_export	Node participates in at least one evidence-gated exported mechanism edge.
NODE05424	signaling_cascade	module20_24_export	Node participates in at least one evidence-gated exported mechanism edge.
NODE05424	target_gene	register_target_gene_layer	edge=M22B-E007800; evidence=M22B-EVID-007973
NODE05425	signaling_cascade	module20_24_export	Node participates in at least one evidence-gated exported mechanism edge.
NODE05426	signaling_cascade	module20_24_export	Node participates in at least one evidence-gated exported mechanism edge.
NODE05427	signaling_cascade	module20_24_export	Node participates in at least one evidence-gated exported mechanism edge.
NODE05428	signaling_cascade	module20_24_export	Node participates in at least one evidence-gated exported mechanism edge.
NODE05429	signaling_cascade	module20_24_export	Node participates in at least one evidence-gated exported mechanism edge.
NODE05429	target_gene	register_target_gene_layer	edge=M22B-E006379; evidence=M22B-EVID-006552 || edge=M22B-E008527; evidence=M22B-EVID-008700
NODE05430	signaling_cascade	module20_24_export	Node participates in at least one evidence-gated exported mechanism edge.
NODE05431	signaling_cascade	module20_24_export	Node participates in at least one evidence-gated exported mechanism edge.
NODE05431	target_gene	register_target_gene_layer	edge=M22B-E006380; evidence=M22B-EVID-006553 || edge=M22B-E007002; evidence=M22B-EVID-007175
NODE05432	signaling_cascade	module20_24_export	Node participates in at least one evidence-gated exported mechanism edge.
NODE05432	target_gene	register_target_gene_layer	edge=M22B-E009853; evidence=M22B-EVID-010026
NODE05433	signaling_cascade	module20_24_export	Node participates in at least one evidence-gated exported mechanism edge.
NODE05433	target_gene	register_target_gene_layer	edge=M22B-E007478; evidence=M22B-EVID-007651
NODE05434	receptor	register_ligand_receptor_layer	edge=M20B-E003030; evidence=M20B-EVID-003030 || edge=M20B-E003721; evidence=M20B-EVID-003721 || edge=M20B-E004801; evidence=M20B-EVID-004801;M20B-EVID-004801-P2-DIRECT;M20B-EVID-004801-P2-FUNC;M20B-EVID-004801-P2-RELAY || edge=M20B-E005082; evidence=M20B-EVID-005082 || edge=M20B-E005241; evidence=M20B-EVID-005241
NODE05434	signaling_cascade	module20_24_export	Node participates in at least one evidence-gated exported mechanism edge.
NODE05434	target_gene	register_target_gene_layer	edge=M22B-E007197; evidence=M22B-EVID-007370 || edge=M22B-E009677; evidence=M22B-EVID-009850
NODE05435	receptor	register_ligand_receptor_layer	edge=M23B-E000124; evidence=M23B-EVID-000192 || edge=M23B-E001002; evidence=M23B-EVID-001347
NODE05435	signaling_cascade	module20_24_export	Node participates in at least one evidence-gated exported mechanism edge.
NODE05436	signaling_cascade	module20_24_export	Node participates in at least one evidence-gated exported mechanism edge.
NODE05437	signaling_cascade	module20_24_export	Node participates in at least one evidence-gated exported mechanism edge.
NODE05438	signaling_cascade	module20_24_export	Node participates in at least one evidence-gated exported mechanism edge.
NODE05439	signaling_cascade	module20_24_export	Node participates in at least one evidence-gated exported mechanism edge.
NODE05440	signaling_cascade	module20_24_export	Node participates in at least one evidence-gated exported mechanism edge.
NODE05441	signaling_cascade	module20_24_export	Node participates in at least one evidence-gated exported mechanism edge.
NODE05442	signaling_cascade	module20_24_export	Node participates in at least one evidence-gated exported mechanism edge.
NODE05442	target_gene	register_target_gene_layer	edge=M22B-E006775; evidence=M22B-EVID-006948
NODE05443	signaling_cascade	module20_24_export	Node participates in at least one evidence-gated exported mechanism edge.
NODE05444	signaling_cascade	module20_24_export	Node participates in at least one evidence-gated exported mechanism edge.
NODE05445	signaling_cascade	module20_24_export	Node participates in at least one evidence-gated exported mechanism edge.
NODE05446	signaling_cascade	module20_24_export	Node participates in at least one evidence-gated exported mechanism edge.
NODE05446	target_gene	register_target_gene_layer	edge=M22B-E007479; evidence=M22B-EVID-007652
NODE05447	signaling_cascade	module20_24_export	Node participates in at least one evidence-gated exported mechanism edge.
NODE05447	target_gene	register_target_gene_layer	edge=M22B-E007198; evidence=M22B-EVID-007371
NODE05448	signaling_cascade	module20_24_export	Node participates in at least one evidence-gated exported mechanism edge.
NODE05449	signaling_cascade	module20_24_export	Node participates in at least one evidence-gated exported mechanism edge.
NODE05450	signaling_cascade	module20_24_export	Node participates in at least one evidence-gated exported mechanism edge.
NODE05451	signaling_cascade	module20_24_export	Node participates in at least one evidence-gated exported mechanism edge.
NODE05452	signaling_cascade	module20_24_export	Node participates in at least one evidence-gated exported mechanism edge.
NODE05453	signaling_cascade	module20_24_export	Node participates in at least one evidence-gated exported mechanism edge.
NODE05454	signaling_cascade	module20_24_export	Node participates in at least one evidence-gated exported mechanism edge.
NODE05455	signaling_cascade	module20_24_export	Node participates in at least one evidence-gated exported mechanism edge.
NODE05456	signaling_cascade	module20_24_export	Node participates in at least one evidence-gated exported mechanism edge.
NODE05457	signaling_cascade	module20_24_export	Node participates in at least one evidence-gated exported mechanism edge.
NODE05458	signaling_cascade	module20_24_export	Node participates in at least one evidence-gated exported mechanism edge.
NODE05459	signaling_cascade	module20_24_export	Node participates in at least one evidence-gated exported mechanism edge.
NODE05460	signaling_cascade	module20_24_export	Node participates in at least one evidence-gated exported mechanism edge.
NODE05461	signaling_cascade	module20_24_export	Node participates in at least one evidence-gated exported mechanism edge.
NODE05462	signaling_cascade	module20_24_export	Node participates in at least one evidence-gated exported mechanism edge.
NODE05463	signaling_cascade	module20_24_export	Node participates in at least one evidence-gated exported mechanism edge.
NODE05464	signaling_cascade	module20_24_export	Node participates in at least one evidence-gated exported mechanism edge.
NODE05465	signaling_cascade	module20_24_export	Node participates in at least one evidence-gated exported mechanism edge.
NODE05466	signaling_cascade	module20_24_export	Node participates in at least one evidence-gated exported mechanism edge.
NODE05467	signaling_cascade	module20_24_export	Node participates in at least one evidence-gated exported mechanism edge.
NODE05468	signaling_cascade	module20_24_export	Node participates in at least one evidence-gated exported mechanism edge.
NODE05469	signaling_cascade	module20_24_export	Node participates in at least one evidence-gated exported mechanism edge.
NODE05470	signaling_cascade	module20_24_export	Node participates in at least one evidence-gated exported mechanism edge.
NODE05471	signaling_cascade	module20_24_export	Node participates in at least one evidence-gated exported mechanism edge.
NODE05472	signaling_cascade	module20_24_export	Node participates in at least one evidence-gated exported mechanism edge.
NODE05473	signaling_cascade	module20_24_export	Node participates in at least one evidence-gated exported mechanism edge.
NODE05474	signaling_cascade	module20_24_export	Node participates in at least one evidence-gated exported mechanism edge.
NODE05475	ligand	register_ligand_receptor_layer	edge=M20B-E004053; evidence=M20B-EVID-004053;M20B-EVID-004053-P2-DIRECT;M20B-EVID-004053-P2-FUNC;M20B-EVID-004053-P2-RELAY
NODE05475	signaling_cascade	module20_24_export	Node participates in at least one evidence-gated exported mechanism edge.
NODE05475	target_gene	register_target_gene_layer	edge=M22B-E009565; evidence=M22B-EVID-009738
NODE05476	receptor	register_ligand_receptor_layer	edge=M20B-E004053; evidence=M20B-EVID-004053;M20B-EVID-004053-P2-DIRECT;M20B-EVID-004053-P2-FUNC;M20B-EVID-004053-P2-RELAY
NODE05476	signaling_cascade	module20_24_export	Node participates in at least one evidence-gated exported mechanism edge.
NODE05477	signaling_cascade	module20_24_export	Node participates in at least one evidence-gated exported mechanism edge.
NODE05478	signaling_cascade	module20_24_export	Node participates in at least one evidence-gated exported mechanism edge.
NODE05479	signaling_cascade	module20_24_export	Node participates in at least one evidence-gated exported mechanism edge.
NODE05480	signaling_cascade	module20_24_export	Node participates in at least one evidence-gated exported mechanism edge.
NODE05481	receptor	register_ligand_receptor_layer	edge=M20B-E004056; evidence=M20B-EVID-004056;M20B-EVID-004056-P2-DIRECT;M20B-EVID-004056-P2-FUNC;M20B-EVID-004056-P2-RELAY || edge=M23B-E000196; evidence=M23B-EVID-000280
NODE05481	signaling_cascade	module20_24_export	Node participates in at least one evidence-gated exported mechanism edge.
NODE05481	target_gene	register_target_gene_layer	edge=M22B-E007199; evidence=M22B-EVID-007372
NODE05482	signaling_cascade	module20_24_export	Node participates in at least one evidence-gated exported mechanism edge.
NODE05483	signaling_cascade	module20_24_export	Node participates in at least one evidence-gated exported mechanism edge.
NODE05484	signaling_cascade	module20_24_export	Node participates in at least one evidence-gated exported mechanism edge.
NODE05485	signaling_cascade	module20_24_export	Node participates in at least one evidence-gated exported mechanism edge.
NODE05486	signaling_cascade	module20_24_export	Node participates in at least one evidence-gated exported mechanism edge.
NODE05487	signaling_cascade	module20_24_export	Node participates in at least one evidence-gated exported mechanism edge.
NODE05488	signaling_cascade	module20_24_export	Node participates in at least one evidence-gated exported mechanism edge.
NODE05489	signaling_cascade	module20_24_export	Node participates in at least one evidence-gated exported mechanism edge.
NODE05490	ligand	register_ligand_receptor_layer	edge=M20B-E004056; evidence=M20B-EVID-004056;M20B-EVID-004056-P2-DIRECT;M20B-EVID-004056-P2-FUNC;M20B-EVID-004056-P2-RELAY || edge=M23B-E000196; evidence=M23B-EVID-000280
NODE05490	signaling_cascade	module20_24_export	Node participates in at least one evidence-gated exported mechanism edge.
NODE05491	signaling_cascade	module20_24_export	Node participates in at least one evidence-gated exported mechanism edge.
NODE05491	target_gene	register_target_gene_layer	edge=M22B-E006381; evidence=M22B-EVID-006554 || edge=M22B-E007801; evidence=M22B-EVID-007974 || edge=M22B-E008528; evidence=M22B-EVID-008701 || edge=M22B-E009241; evidence=M22B-EVID-009414
NODE05492	signaling_cascade	module20_24_export	Node participates in at least one evidence-gated exported mechanism edge.
NODE05493	signaling_cascade	module20_24_export	Node participates in at least one evidence-gated exported mechanism edge.
NODE05494	signaling_cascade	module20_24_export	Node participates in at least one evidence-gated exported mechanism edge.
NODE05494	target_gene	register_target_gene_layer	edge=M22B-E006776; evidence=M22B-EVID-006949
NODE05495	signaling_cascade	module20_24_export	Node participates in at least one evidence-gated exported mechanism edge.
NODE05495	transcription_factor	register_target_gene_layer	edge=M22B-E010239; evidence=M22B-EVID-010412 || edge=M22B-E010240; evidence=M22B-EVID-010413 || edge=M22B-E010241; evidence=M22B-EVID-010414
NODE05496	signaling_cascade	module20_24_export	Node participates in at least one evidence-gated exported mechanism edge.
NODE05496	target_gene	register_target_gene_layer	edge=M22B-E009854; evidence=M22B-EVID-010027
NODE05497	signaling_cascade	module20_24_export	Node participates in at least one evidence-gated exported mechanism edge.
NODE05497	target_gene	register_target_gene_layer	edge=M22B-E009613; evidence=M22B-EVID-009786
NODE05497	transcription_factor	register_target_gene_layer	edge=M22B-E010140; evidence=M22B-EVID-010313
NODE05498	signaling_cascade	module20_24_export	Node participates in at least one evidence-gated exported mechanism edge.
NODE05498	transcription_factor	register_target_gene_layer	edge=M22B-E005760; evidence=M22B-EVID-005933 || edge=M22B-E005764; evidence=M22B-EVID-005937 || edge=M22B-E005766; evidence=M22B-EVID-005939 || edge=M22B-E006591; evidence=M22B-EVID-006764 || edge=M22B-E006592; evidence=M22B-EVID-006765 || edge=M22B-E006593; evidence=M22B-EVID-006766 || edge=M22B-E006594; evidence=M22B-EVID-006767 || edge=M22B-E006595; evidence=M22B-EVID-006768 || edge=M22B-E006596; evidence=M22B-EVID-006769 || edge=M22B-E006597; evidence=M22B-EVID-006770 || edge=M22B-E006598; evidence=M22B-EVID-006771 || edge=M22B-E006599; evidence=M22B-EVID-006772 || edge=M22B-E006600; evidence=M22B-EVID-006773 || edge=M22B-E008741; evidence=M22B-EVID-008914 || edge=M22B-E008742; evidence=M22B-EVID-008915 || edge=M22B-E008743; evidence=M22B-EVID-008916 || edge=M22B-E008744; evidence=M22B-EVID-008917 || edge=M22B-E008745; evidence=M22B-EVID-008918 || edge=M22B-E008746; evidence=M22B-EVID-008919 || edge=M22B-E008747; evidence=M22B-EVID-008920 || edge=M22B-E008748; evidence=M22B-EVID-008921 || edge=M22B-E008749; evidence=M22B-EVID-008922 || edge=M22B-E008750; evidence=M22B-EVID-008923 || edge=M22B-E009455; evidence=M22B-EVID-009628 || edge=M22B-E009456; evidence=M22B-EVID-009629 || edge=M22B-E009457; evidence=M22B-EVID-009630 || edge=M22B-E009458; evidence=M22B-EVID-009631 || edge=M22B-E009459; evidence=M22B-EVID-009632 || edge=M22B-E009460; evidence=M22B-EVID-009633 || edge=M22B-E009461; evidence=M22B-EVID-009634 || edge=M22B-E009462; evidence=M22B-EVID-009635 || edge=M22B-E009463; evidence=M22B-EVID-009636 || edge=M22B-E009464; evidence=M22B-EVID-009637 || edge=M22B-E009465; evidence=M22B-EVID-009638 || edge=M22B-E009466; evidence=M22B-EVID-009639 || edge=M22B-E009467; evidence=M22B-EVID-009640 || edge=M22B-E009468; evidence=M22B-EVID-009641 || edge=M22B-E009469; evidence=M22B-EVID-009642 || edge=M22B-E009470; evidence=M22B-EVID-009643 || edge=M22B-E009471; evidence=M22B-EVID-009644 || edge=M22B-E009472; evidence=M22B-EVID-009645 || edge=M22B-E009473; evidence=M22B-EVID-009646 || edge=M22B-E009474; evidence=M22B-EVID-009647 || edge=M22B-E009475; evidence=M22B-EVID-009648 || edge=M22B-E009771; evidence=M22B-EVID-009944 || edge=M22B-E009772; evidence=M22B-EVID-009945 || edge=M22B-E009773; evidence=M22B-EVID-009946 || edge=M22B-E009774; evidence=M22B-EVID-009947 || edge=M22B-E009775; evidence=M22B-EVID-009948 || edge=M22B-E009776; evidence=M22B-EVID-009949 || edge=M22B-E009777; evidence=M22B-EVID-009950 || edge=M22B-E009778; evidence=M22B-EVID-009951 || edge=M22B-E009779; evidence=M22B-EVID-009952 || edge=M22B-E009780; evidence=M22B-EVID-009953 || edge=M22B-E009781; evidence=M22B-EVID-009954 || edge=M22B-E010318; evidence=M22B-EVID-010490 || edge=M22B-E010531; evidence=M22B-EVID-010643
NODE05499	signaling_cascade	module20_24_export	Node participates in at least one evidence-gated exported mechanism edge.
NODE05500	signaling_cascade	module20_24_export	Node participates in at least one evidence-gated exported mechanism edge.
NODE05500	target_gene	register_target_gene_layer	edge=M22B-E005915; evidence=M22B-EVID-006088 || edge=M22B-E008087; evidence=M22B-EVID-008260
NODE05500	transcription_factor	register_target_gene_layer	edge=M22B-E010204; evidence=M22B-EVID-010377 || edge=M22B-E010290; evidence=M22B-EVID-010463 || edge=M22B-E010400; evidence=M22B-EVID-010572
NODE05501	signaling_cascade	module20_24_export	Node participates in at least one evidence-gated exported mechanism edge.
NODE05501	target_gene	register_target_gene_layer	edge=M22B-E006181; evidence=M22B-EVID-006354
NODE05502	signaling_cascade	module20_24_export	Node participates in at least one evidence-gated exported mechanism edge.
NODE05502	target_gene	register_target_gene_layer	edge=M22B-E007200; evidence=M22B-EVID-007373
NODE05503	signaling_cascade	module20_24_export	Node participates in at least one evidence-gated exported mechanism edge.
NODE05503	target_gene	register_target_gene_layer	edge=M22B-E008529; evidence=M22B-EVID-008702 || edge=M22B-E009242; evidence=M22B-EVID-009415
NODE05504	signaling_cascade	module20_24_export	Node participates in at least one evidence-gated exported mechanism edge.
NODE05504	target_gene	register_target_gene_layer	edge=M22B-E006777; evidence=M22B-EVID-006950
NODE05505	signaling_cascade	module20_24_export	Node participates in at least one evidence-gated exported mechanism edge.
NODE05505	target_gene	register_target_gene_layer	edge=M22B-E008530; evidence=M22B-EVID-008703 || edge=M22B-E009243; evidence=M22B-EVID-009416
NODE05506	signaling_cascade	module20_24_export	Node participates in at least one evidence-gated exported mechanism edge.
NODE05506	target_gene	register_target_gene_layer	edge=M22B-E008531; evidence=M22B-EVID-008704 || edge=M22B-E009244; evidence=M22B-EVID-009417
NODE05507	signaling_cascade	module20_24_export	Node participates in at least one evidence-gated exported mechanism edge.
NODE05507	target_gene	register_target_gene_layer	edge=M22B-E008532; evidence=M22B-EVID-008705 || edge=M22B-E009245; evidence=M22B-EVID-009418
NODE05508	signaling_cascade	module20_24_export	Node participates in at least one evidence-gated exported mechanism edge.
NODE05508	target_gene	register_target_gene_layer	edge=M22B-E008533; evidence=M22B-EVID-008706 || edge=M22B-E009246; evidence=M22B-EVID-009419
NODE05509	signaling_cascade	module20_24_export	Node participates in at least one evidence-gated exported mechanism edge.
NODE05509	target_gene	register_target_gene_layer	edge=M22B-E008534; evidence=M22B-EVID-008707 || edge=M22B-E009247; evidence=M22B-EVID-009420
NODE05510	signaling_cascade	module20_24_export	Node participates in at least one evidence-gated exported mechanism edge.
NODE05510	target_gene	register_target_gene_layer	edge=M22B-E008535; evidence=M22B-EVID-008708 || edge=M22B-E009248; evidence=M22B-EVID-009421
NODE05511	signaling_cascade	module20_24_export	Node participates in at least one evidence-gated exported mechanism edge.
NODE05511	target_gene	register_target_gene_layer	edge=M22B-E008536; evidence=M22B-EVID-008709 || edge=M22B-E009249; evidence=M22B-EVID-009422
NODE05512	signaling_cascade	module20_24_export	Node participates in at least one evidence-gated exported mechanism edge.
NODE05512	target_gene	register_target_gene_layer	edge=M22B-E008537; evidence=M22B-EVID-008710 || edge=M22B-E009250; evidence=M22B-EVID-009423
NODE05513	signaling_cascade	module20_24_export	Node participates in at least one evidence-gated exported mechanism edge.
NODE05513	target_gene	register_target_gene_layer	edge=M22B-E008538; evidence=M22B-EVID-008711 || edge=M22B-E009251; evidence=M22B-EVID-009424
NODE05514	signaling_cascade	module20_24_export	Node participates in at least one evidence-gated exported mechanism edge.
NODE05514	target_gene	register_target_gene_layer	edge=M22B-E008539; evidence=M22B-EVID-008712 || edge=M22B-E009252; evidence=M22B-EVID-009425
NODE05515	signaling_cascade	module20_24_export	Node participates in at least one evidence-gated exported mechanism edge.
NODE05515	target_gene	register_target_gene_layer	edge=M22B-E008540; evidence=M22B-EVID-008713 || edge=M22B-E009253; evidence=M22B-EVID-009426
NODE05516	signaling_cascade	module20_24_export	Node participates in at least one evidence-gated exported mechanism edge.
NODE05516	target_gene	register_target_gene_layer	edge=M22B-E008541; evidence=M22B-EVID-008714 || edge=M22B-E009254; evidence=M22B-EVID-009427
NODE05517	signaling_cascade	module20_24_export	Node participates in at least one evidence-gated exported mechanism edge.
NODE05517	target_gene	register_target_gene_layer	edge=M22B-E008542; evidence=M22B-EVID-008715 || edge=M22B-E009255; evidence=M22B-EVID-009428
NODE05518	signaling_cascade	module20_24_export	Node participates in at least one evidence-gated exported mechanism edge.
NODE05518	target_gene	register_target_gene_layer	edge=M22B-E009915; evidence=M22B-EVID-010088
NODE05519	signaling_cascade	module20_24_export	Node participates in at least one evidence-gated exported mechanism edge.
NODE05519	target_gene	register_target_gene_layer	edge=M22B-E006382; evidence=M22B-EVID-006555 || edge=M22B-E007003; evidence=M22B-EVID-007176 || edge=M22B-E007201; evidence=M22B-EVID-007374 || edge=M22B-E007802; evidence=M22B-EVID-007975 || edge=M22B-E009374; evidence=M22B-EVID-009547 || edge=M22B-E009914; evidence=M22B-EVID-010087
NODE05520	signaling_cascade	module20_24_export	Node participates in at least one evidence-gated exported mechanism edge.
NODE05521	signaling_cascade	module20_24_export	Node participates in at least one evidence-gated exported mechanism edge.
NODE05522	signaling_cascade	module20_24_export	Node participates in at least one evidence-gated exported mechanism edge.
NODE05522	target_gene	register_target_gene_layer	edge=M22B-E010187; evidence=M22B-EVID-010360
NODE05523	signaling_cascade	module20_24_export	Node participates in at least one evidence-gated exported mechanism edge.
NODE05524	signaling_cascade	module20_24_export	Node participates in at least one evidence-gated exported mechanism edge.
NODE05525	signaling_cascade	module20_24_export	Node participates in at least one evidence-gated exported mechanism edge.
NODE05526	signaling_cascade	module20_24_export	Node participates in at least one evidence-gated exported mechanism edge.
NODE05527	signaling_cascade	module20_24_export	Node participates in at least one evidence-gated exported mechanism edge.
NODE05528	signaling_cascade	module20_24_export	Node participates in at least one evidence-gated exported mechanism edge.
NODE05529	receptor	register_ligand_receptor_layer	edge=M20B-E002923; evidence=M20B-EVID-002923
NODE05529	signaling_cascade	module20_24_export	Node participates in at least one evidence-gated exported mechanism edge.
NODE05530	signaling_cascade	module20_24_export	Node participates in at least one evidence-gated exported mechanism edge.
NODE05531	signaling_cascade	module20_24_export	Node participates in at least one evidence-gated exported mechanism edge.
NODE05531	target_gene	register_target_gene_layer	edge=M22B-E010577; evidence=M22B-EVID-010673
NODE05532	signaling_cascade	module20_24_export	Node participates in at least one evidence-gated exported mechanism edge.
NODE05533	signaling_cascade	module20_24_export	Node participates in at least one evidence-gated exported mechanism edge.
NODE05533	target_gene	register_target_gene_layer	edge=M22B-E006264; evidence=M22B-EVID-006437 || edge=M22B-E008417; evidence=M22B-EVID-008590
NODE05534	ligand	register_ligand_receptor_layer	edge=M23B-E000592; evidence=M23B-EVID-000810;M23B-EVID-000813
NODE05534	signaling_cascade	module20_24_export	Node participates in at least one evidence-gated exported mechanism edge.
NODE05535	signaling_cascade	module20_24_export	Node participates in at least one evidence-gated exported mechanism edge.
NODE05536	signaling_cascade	module20_24_export	Node participates in at least one evidence-gated exported mechanism edge.
NODE05537	signaling_cascade	module20_24_export	Node participates in at least one evidence-gated exported mechanism edge.
NODE05537	target_gene	register_target_gene_layer	edge=M22B-E005916; evidence=M22B-EVID-006089 || edge=M22B-E008088; evidence=M22B-EVID-008261
NODE05538	signaling_cascade	module20_24_export	Node participates in at least one evidence-gated exported mechanism edge.
NODE05538	target_gene	register_target_gene_layer	edge=M22B-E009496; evidence=M22B-EVID-009669
NODE05539	receptor	register_ligand_receptor_layer	edge=M20B-E003238; evidence=M20B-EVID-003238 || edge=M20B-E003243; evidence=M20B-EVID-003243 || edge=M20B-E003246; evidence=M20B-EVID-003246 || edge=M20B-E003247; evidence=M20B-EVID-003247
NODE05539	signaling_cascade	module20_24_export	Node participates in at least one evidence-gated exported mechanism edge.
NODE05540	signaling_cascade	module20_24_export	Node participates in at least one evidence-gated exported mechanism edge.
NODE05541	receptor	register_ligand_receptor_layer	edge=M20B-E003239; evidence=M20B-EVID-003239 || edge=M20B-E003244; evidence=M20B-EVID-003244 || edge=M20B-E003248; evidence=M20B-EVID-003248
NODE05541	signaling_cascade	module20_24_export	Node participates in at least one evidence-gated exported mechanism edge.
NODE05542	signaling_cascade	module20_24_export	Node participates in at least one evidence-gated exported mechanism edge.
NODE05543	signaling_cascade	module20_24_export	Node participates in at least one evidence-gated exported mechanism edge.
NODE05543	target_gene	register_target_gene_layer	edge=M22B-E009566; evidence=M22B-EVID-009739
NODE05544	signaling_cascade	module20_24_export	Node participates in at least one evidence-gated exported mechanism edge.
NODE05544	target_gene	register_target_gene_layer	edge=M22B-E006534; evidence=M22B-EVID-006707 || edge=M22B-E007202; evidence=M22B-EVID-007375 || edge=M22B-E008691; evidence=M22B-EVID-008864
NODE05545	signaling_cascade	module20_24_export	Node participates in at least one evidence-gated exported mechanism edge.
NODE05545	target_gene	register_target_gene_layer	edge=M22B-E007480; evidence=M22B-EVID-007653
NODE05546	signaling_cascade	module20_24_export	Node participates in at least one evidence-gated exported mechanism edge.
NODE05546	target_gene	register_target_gene_layer	edge=M22B-E007203; evidence=M22B-EVID-007376 || edge=M22B-E009696; evidence=M22B-EVID-009869 || edge=M22B-E009750; evidence=M22B-EVID-009923
NODE05547	signaling_cascade	module20_24_export	Node participates in at least one evidence-gated exported mechanism edge.
NODE05547	target_gene	register_target_gene_layer	edge=M22B-E007204; evidence=M22B-EVID-007377 || edge=M22B-E009470; evidence=M22B-EVID-009643
NODE05548	signaling_cascade	module20_24_export	Node participates in at least one evidence-gated exported mechanism edge.
NODE05548	target_gene	register_target_gene_layer	edge=M22B-E007205; evidence=M22B-EVID-007378
NODE05549	signaling_cascade	module20_24_export	Node participates in at least one evidence-gated exported mechanism edge.
NODE05549	target_gene	register_target_gene_layer	edge=M22B-E007803; evidence=M22B-EVID-007976 || edge=M22B-E009256; evidence=M22B-EVID-009429
NODE05550	signaling_cascade	module20_24_export	Node participates in at least one evidence-gated exported mechanism edge.
NODE05551	signaling_cascade	module20_24_export	Node participates in at least one evidence-gated exported mechanism edge.
NODE05552	signaling_cascade	module20_24_export	Node participates in at least one evidence-gated exported mechanism edge.
NODE05553	signaling_cascade	module20_24_export	Node participates in at least one evidence-gated exported mechanism edge.
NODE05554	signaling_cascade	module20_24_export	Node participates in at least one evidence-gated exported mechanism edge.
NODE05555	ligand	register_ligand_receptor_layer	edge=M20B-E004089; evidence=M20B-EVID-004089 || edge=M20B-E004095; evidence=M20B-EVID-004095;M20B-EVID-004095-P2-DIRECT;M20B-EVID-004095-P2-FUNC;M20B-EVID-004095-P2-RELAY || edge=M20B-E004096; evidence=M20B-EVID-004096;M20B-EVID-004096-P2-DIRECT;M20B-EVID-004096-P2-FUNC;M20B-EVID-004096-P2-RELAY || edge=M23B-E000595; evidence=M23B-EVID-000816 || edge=M23B-E000598; evidence=M23B-EVID-000819 || edge=M23B-E000600; evidence=M23B-EVID-000822
NODE05555	receptor	register_ligand_receptor_layer	edge=M20B-E002374; evidence=M20B-EVID-002374
NODE05555	signaling_cascade	module20_24_export	Node participates in at least one evidence-gated exported mechanism edge.
NODE05555	target_gene	register_target_gene_layer	edge=M22B-E010362; evidence=M22B-EVID-010534
NODE05556	signaling_cascade	module20_24_export	Node participates in at least one evidence-gated exported mechanism edge.
NODE05557	signaling_cascade	module20_24_export	Node participates in at least one evidence-gated exported mechanism edge.
NODE05558	signaling_cascade	module20_24_export	Node participates in at least one evidence-gated exported mechanism edge.
NODE05559	signaling_cascade	module20_24_export	Node participates in at least one evidence-gated exported mechanism edge.
NODE05560	receptor	register_ligand_receptor_layer	edge=M23B-E000933; evidence=M23B-EVID-001278
NODE05560	signaling_cascade	module20_24_export	Node participates in at least one evidence-gated exported mechanism edge.
NODE05561	signaling_cascade	module20_24_export	Node participates in at least one evidence-gated exported mechanism edge.
NODE05562	signaling_cascade	module20_24_export	Node participates in at least one evidence-gated exported mechanism edge.
NODE05562	target_gene	register_target_gene_layer	edge=M22B-E008625; evidence=M22B-EVID-008798
NODE05563	signaling_cascade	module20_24_export	Node participates in at least one evidence-gated exported mechanism edge.
NODE05563	target_gene	register_target_gene_layer	edge=M22B-E008333; evidence=M22B-EVID-008506 || edge=M22B-E008692; evidence=M22B-EVID-008865
NODE05564	signaling_cascade	module20_24_export	Node participates in at least one evidence-gated exported mechanism edge.
NODE05565	signaling_cascade	module20_24_export	Node participates in at least one evidence-gated exported mechanism edge.
NODE05566	signaling_cascade	module20_24_export	Node participates in at least one evidence-gated exported mechanism edge.
NODE05567	signaling_cascade	module20_24_export	Node participates in at least one evidence-gated exported mechanism edge.
NODE05568	receptor	register_ligand_receptor_layer	edge=M20B-E002970; evidence=M20B-EVID-002970 || edge=M20B-E003473; evidence=M20B-EVID-003473 || edge=M20B-E004948; evidence=M20B-EVID-004948;M20B-EVID-004948-P2-BOUNDARY;M20B-EVID-004948-P2-DIRECT;M20B-EVID-004948-P2-FUNC;M20B-EVID-004948-P2-RELAY
NODE05568	signaling_cascade	module20_24_export	Node participates in at least one evidence-gated exported mechanism edge.
NODE05569	signaling_cascade	module20_24_export	Node participates in at least one evidence-gated exported mechanism edge.
NODE05570	signaling_cascade	module20_24_export	Node participates in at least one evidence-gated exported mechanism edge.
NODE05570	target_gene	register_target_gene_layer	edge=M22B-E006778; evidence=M22B-EVID-006951 || edge=M22B-E008923; evidence=M22B-EVID-009096
NODE05571	signaling_cascade	module20_24_export	Node participates in at least one evidence-gated exported mechanism edge.
NODE05572	signaling_cascade	module20_24_export	Node participates in at least one evidence-gated exported mechanism edge.
NODE05573	signaling_cascade	module20_24_export	Node participates in at least one evidence-gated exported mechanism edge.
NODE05574	signaling_cascade	module20_24_export	Node participates in at least one evidence-gated exported mechanism edge.
NODE05574	target_gene	register_target_gene_layer	edge=M22B-E006779; evidence=M22B-EVID-006952
NODE05575	signaling_cascade	module20_24_export	Node participates in at least one evidence-gated exported mechanism edge.
NODE05576	ligand	register_ligand_receptor_layer	edge=M20B-E002131; evidence=M20B-EVID-002131 || edge=M20B-E002132; evidence=M20B-EVID-002132 || edge=M20B-E002133; evidence=M20B-EVID-002133 || edge=M20B-E002135; evidence=M20B-EVID-002135;M20B-EVID-PROMO-20260826-038 || edge=M20B-E002136; evidence=M20B-EVID-002136 || edge=M20B-E002137; evidence=M20B-EVID-002137;M20B-EVID-PROMO-20260826-039 || edge=M20B-E002329; evidence=M20B-EVID-002329 || edge=M20B-E004099; evidence=M20B-EVID-004099;M20B-EVID-004099-P2-DIRECT;M20B-EVID-004099-P2-FUNC;M20B-EVID-004099-P2-RELAY || edge=M23B-E000603; evidence=M23B-EVID-000825
NODE05576	signaling_cascade	module20_24_export	Node participates in at least one evidence-gated exported mechanism edge.
NODE05576	target_gene	register_target_gene_layer	edge=M22B-E009471; evidence=M22B-EVID-009644 || edge=M22B-E009855; evidence=M22B-EVID-010028
NODE05577	signaling_cascade	module20_24_export	Node participates in at least one evidence-gated exported mechanism edge.
NODE05578	signaling_cascade	module20_24_export	Node participates in at least one evidence-gated exported mechanism edge.
NODE05579	ligand	register_ligand_receptor_layer	edge=M20B-E002141; evidence=M20B-EVID-002141 || edge=M20B-E002142; evidence=M20B-EVID-002142 || edge=M20B-E002144; evidence=M20B-EVID-002144 || edge=M20B-E002145; evidence=M20B-EVID-002145 || edge=M20B-E002146; evidence=M20B-EVID-002146 || edge=M20B-E002333; evidence=M20B-EVID-002333 || edge=M20B-E004104; evidence=M20B-EVID-004104;M20B-EVID-004104-P2-DIRECT;M20B-EVID-004104-P2-FUNC;M20B-EVID-004104-P2-RELAY
NODE05579	signaling_cascade	module20_24_export	Node participates in at least one evidence-gated exported mechanism edge.
NODE05580	ligand	register_ligand_receptor_layer	edge=M23B-E000049; evidence=M23B-EVID-000074 || edge=M23B-E000054; evidence=M23B-EVID-000079 || edge=M23B-E000058; evidence=M23B-EVID-000083
NODE05580	signaling_cascade	module20_24_export	Node participates in at least one evidence-gated exported mechanism edge.
NODE05581	ligand	register_ligand_receptor_layer	edge=M20B-E002151; evidence=M20B-EVID-002151 || edge=M20B-E002152; evidence=M20B-EVID-002152 || edge=M20B-E002153; evidence=M20B-EVID-002153 || edge=M20B-E002154; evidence=M20B-EVID-002154
NODE05581	signaling_cascade	module20_24_export	Node participates in at least one evidence-gated exported mechanism edge.
NODE05581	target_gene	register_target_gene_layer	edge=M22B-E006594; evidence=M22B-EVID-006767
NODE05582	ligand	register_ligand_receptor_layer	edge=M23B-E000059; evidence=M23B-EVID-000084;M23B-EVID-000098;M23B-EVID-000106 || edge=M23B-E000061; evidence=M23B-EVID-000086;M23B-EVID-000099;M23B-EVID-000107 || edge=M23B-E000062; evidence=M23B-EVID-000087;M23B-EVID-000100;M23B-EVID-000108
NODE05582	signaling_cascade	module20_24_export	Node participates in at least one evidence-gated exported mechanism edge.
NODE05583	signaling_cascade	module20_24_export	Node participates in at least one evidence-gated exported mechanism edge.
NODE05584	ligand	register_ligand_receptor_layer	edge=M20B-E002161; evidence=M20B-EVID-002161 || edge=M20B-E002162; evidence=M20B-EVID-002162 || edge=M20B-E002164; evidence=M20B-EVID-002164
NODE05584	signaling_cascade	module20_24_export	Node participates in at least one evidence-gated exported mechanism edge.
NODE05585	ligand	register_ligand_receptor_layer	edge=M23B-E000064; evidence=M23B-EVID-000089;M23B-EVID-PROMO-20260826-003 || edge=M23B-E000065; evidence=M23B-EVID-000090
NODE05585	signaling_cascade	module20_24_export	Node participates in at least one evidence-gated exported mechanism edge.
NODE05586	signaling_cascade	module20_24_export	Node participates in at least one evidence-gated exported mechanism edge.
NODE05587	signaling_cascade	module20_24_export	Node participates in at least one evidence-gated exported mechanism edge.
NODE05588	ligand	register_ligand_receptor_layer	edge=M20B-E002167; evidence=M20B-EVID-002167 || edge=M20B-E002168; evidence=M20B-EVID-002168 || edge=M20B-E002169; evidence=M20B-EVID-002169 || edge=M20B-E002170; evidence=M20B-EVID-002170 || edge=M20B-E002171; evidence=M20B-EVID-002171 || edge=M20B-E002172; evidence=M20B-EVID-002172 || edge=M20B-E002173; evidence=M20B-EVID-002173 || edge=M20B-E002345; evidence=M20B-EVID-002345 || edge=M20B-E002346; evidence=M20B-EVID-002346 || edge=M20B-E004107; evidence=M20B-EVID-004107;M20B-EVID-004107-P2-DIRECT;M20B-EVID-004107-P2-FUNC;M20B-EVID-004107-P2-RELAY
NODE05588	signaling_cascade	module20_24_export	Node participates in at least one evidence-gated exported mechanism edge.
NODE05589	signaling_cascade	module20_24_export	Node participates in at least one evidence-gated exported mechanism edge.
NODE05589	target_gene	register_target_gene_layer	edge=M22B-E000461; evidence=M22B-EVID-000185
NODE05590	ligand	register_ligand_receptor_layer	edge=M23B-E000067; evidence=M23B-EVID-000092;M23B-EVID-000101 || edge=M23B-E000071; evidence=M23B-EVID-000096;M23B-EVID-000103 || edge=M23B-E000072; evidence=M23B-EVID-000097;M23B-EVID-000104
NODE05590	signaling_cascade	module20_24_export	Node participates in at least one evidence-gated exported mechanism edge.
NODE05591	ligand	register_ligand_receptor_layer	edge=M23B-E000066; evidence=M23B-EVID-000091 || edge=M23B-E000068; evidence=M23B-EVID-000093;M23B-EVID-000102
NODE05591	signaling_cascade	module20_24_export	Node participates in at least one evidence-gated exported mechanism edge.
NODE05592	signaling_cascade	module20_24_export	Node participates in at least one evidence-gated exported mechanism edge.
NODE05593	signaling_cascade	module20_24_export	Node participates in at least one evidence-gated exported mechanism edge.
NODE05594	ligand	register_ligand_receptor_layer	edge=M20B-E002177; evidence=M20B-EVID-002177 || edge=M20B-E002178; evidence=M20B-EVID-002178 || edge=M20B-E002179; evidence=M20B-EVID-002179 || edge=M20B-E002180; evidence=M20B-EVID-002180 || edge=M20B-E002181; evidence=M20B-EVID-002181 || edge=M20B-E002182; evidence=M20B-EVID-002182
NODE05594	signaling_cascade	module20_24_export	Node participates in at least one evidence-gated exported mechanism edge.
NODE05595	ligand	register_ligand_receptor_layer	edge=M20B-E002186; evidence=M20B-EVID-002186 || edge=M20B-E002188; evidence=M20B-EVID-002188 || edge=M20B-E002189; evidence=M20B-EVID-002189 || edge=M20B-E002190; evidence=M20B-EVID-002190 || edge=M20B-E002191; evidence=M20B-EVID-002191
NODE05595	signaling_cascade	module20_24_export	Node participates in at least one evidence-gated exported mechanism edge.
NODE05595	target_gene	register_target_gene_layer	edge=M22B-E006780; evidence=M22B-EVID-006953 || edge=M22B-E008924; evidence=M22B-EVID-009097
NODE05596	ligand	register_ligand_receptor_layer	edge=M20B-E002196; evidence=M20B-EVID-002196 || edge=M20B-E002197; evidence=M20B-EVID-002197 || edge=M20B-E002198; evidence=M20B-EVID-002198 || edge=M20B-E002199; evidence=M20B-EVID-002199
NODE05596	signaling_cascade	module20_24_export	Node participates in at least one evidence-gated exported mechanism edge.
NODE05597	signaling_cascade	module20_24_export	Node participates in at least one evidence-gated exported mechanism edge.
NODE05598	ligand	register_ligand_receptor_layer	edge=M20B-E002204; evidence=M20B-EVID-002204 || edge=M20B-E002205; evidence=M20B-EVID-002205 || edge=M20B-E002206; evidence=M20B-EVID-002206 || edge=M20B-E002207; evidence=M20B-EVID-002207 || edge=M20B-E002208; evidence=M20B-EVID-002208 || edge=M20B-E002209; evidence=M20B-EVID-002209
NODE05598	signaling_cascade	module20_24_export	Node participates in at least one evidence-gated exported mechanism edge.
NODE05599	signaling_cascade	module20_24_export	Node participates in at least one evidence-gated exported mechanism edge.
NODE05600	ligand	register_ligand_receptor_layer	edge=M20B-E002214; evidence=M20B-EVID-002214 || edge=M20B-E002215; evidence=M20B-EVID-002215 || edge=M20B-E002216; evidence=M20B-EVID-002216 || edge=M20B-E002217; evidence=M20B-EVID-002217
NODE05600	signaling_cascade	module20_24_export	Node participates in at least one evidence-gated exported mechanism edge.
NODE05601	signaling_cascade	module20_24_export	Node participates in at least one evidence-gated exported mechanism edge.
NODE05602	signaling_cascade	module20_24_export	Node participates in at least one evidence-gated exported mechanism edge.
NODE05603	signaling_cascade	module20_24_export	Node participates in at least one evidence-gated exported mechanism edge.
NODE05604	signaling_cascade	module20_24_export	Node participates in at least one evidence-gated exported mechanism edge.
NODE05605	ligand	register_ligand_receptor_layer	edge=M23B-E000608; evidence=M23B-EVID-000831
NODE05605	signaling_cascade	module20_24_export	Node participates in at least one evidence-gated exported mechanism edge.
NODE05606	ligand	register_ligand_receptor_layer	edge=M23B-E000610; evidence=M23B-EVID-000833
NODE05606	signaling_cascade	module20_24_export	Node participates in at least one evidence-gated exported mechanism edge.
NODE05607	signaling_cascade	module20_24_export	Node participates in at least one evidence-gated exported mechanism edge.
NODE05608	signaling_cascade	module20_24_export	Node participates in at least one evidence-gated exported mechanism edge.
NODE05609	signaling_cascade	module20_24_export	Node participates in at least one evidence-gated exported mechanism edge.
NODE05610	signaling_cascade	module20_24_export	Node participates in at least one evidence-gated exported mechanism edge.
NODE05611	ligand	register_ligand_receptor_layer	edge=M23B-E000614; evidence=M23B-EVID-000837
NODE05611	signaling_cascade	module20_24_export	Node participates in at least one evidence-gated exported mechanism edge.
NODE05612	signaling_cascade	module20_24_export	Node participates in at least one evidence-gated exported mechanism edge.
NODE05613	ligand	register_ligand_receptor_layer	edge=M23B-E000605; evidence=M23B-EVID-000828
NODE05613	signaling_cascade	module20_24_export	Node participates in at least one evidence-gated exported mechanism edge.
NODE05614	ligand	register_ligand_receptor_layer	edge=M23B-E000616; evidence=M23B-EVID-000839
NODE05614	signaling_cascade	module20_24_export	Node participates in at least one evidence-gated exported mechanism edge.
NODE05615	signaling_cascade	module20_24_export	Node participates in at least one evidence-gated exported mechanism edge.
NODE05616	signaling_cascade	module20_24_export	Node participates in at least one evidence-gated exported mechanism edge.
NODE05617	ligand	register_ligand_receptor_layer	edge=M23B-E000620; evidence=M23B-EVID-000843
NODE05617	signaling_cascade	module20_24_export	Node participates in at least one evidence-gated exported mechanism edge.
NODE05618	ligand	register_ligand_receptor_layer	edge=M23B-E000622; evidence=M23B-EVID-000845 || edge=M23B-E001061; evidence=M23B-EVID-001431
NODE05618	signaling_cascade	module20_24_export	Node participates in at least one evidence-gated exported mechanism edge.
NODE05619	ligand	register_ligand_receptor_layer	edge=M23B-E000635; evidence=M23B-EVID-000858 || edge=M23B-E000636; evidence=M23B-EVID-000859
NODE05619	signaling_cascade	module20_24_export	Node participates in at least one evidence-gated exported mechanism edge.
NODE05620	ligand	register_ligand_receptor_layer	edge=M23B-E000639; evidence=M23B-EVID-000862
NODE05620	signaling_cascade	module20_24_export	Node participates in at least one evidence-gated exported mechanism edge.
NODE05621	ligand	register_ligand_receptor_layer	edge=M23B-E000640; evidence=M23B-EVID-000863 || edge=M23B-E000641; evidence=M23B-EVID-000864 || edge=M23B-E000642; evidence=M23B-EVID-000865 || edge=M23B-E000643; evidence=M23B-EVID-000866
NODE05621	signaling_cascade	module20_24_export	Node participates in at least one evidence-gated exported mechanism edge.
NODE05622	signaling_cascade	module20_24_export	Node participates in at least one evidence-gated exported mechanism edge.
NODE05623	signaling_cascade	module20_24_export	Node participates in at least one evidence-gated exported mechanism edge.
NODE05624	signaling_cascade	module20_24_export	Node participates in at least one evidence-gated exported mechanism edge.
NODE05625	ligand	register_ligand_receptor_layer	edge=M23B-E000624; evidence=M23B-EVID-000847 || edge=M23B-E000625; evidence=M23B-EVID-000848 || edge=M23B-E000626; evidence=M23B-EVID-000849
NODE05625	signaling_cascade	module20_24_export	Node participates in at least one evidence-gated exported mechanism edge.
NODE05626	signaling_cascade	module20_24_export	Node participates in at least one evidence-gated exported mechanism edge.
NODE05627	signaling_cascade	module20_24_export	Node participates in at least one evidence-gated exported mechanism edge.
NODE05628	ligand	register_ligand_receptor_layer	edge=M23B-E000627; evidence=M23B-EVID-000850
NODE05628	signaling_cascade	module20_24_export	Node participates in at least one evidence-gated exported mechanism edge.
NODE05629	ligand	register_ligand_receptor_layer	edge=M23B-E000631; evidence=M23B-EVID-000854
NODE05629	signaling_cascade	module20_24_export	Node participates in at least one evidence-gated exported mechanism edge.
NODE05630	signaling_cascade	module20_24_export	Node participates in at least one evidence-gated exported mechanism edge.
NODE05631	ligand	register_ligand_receptor_layer	edge=M23B-E000637; evidence=M23B-EVID-000860 || edge=M23B-E000638; evidence=M23B-EVID-000861
NODE05631	signaling_cascade	module20_24_export	Node participates in at least one evidence-gated exported mechanism edge.
NODE05632	ligand	register_ligand_receptor_layer	edge=M23B-E000628; evidence=M23B-EVID-000851 || edge=M23B-E000629; evidence=M23B-EVID-000852
NODE05632	signaling_cascade	module20_24_export	Node participates in at least one evidence-gated exported mechanism edge.
NODE05633	ligand	register_ligand_receptor_layer	edge=M23B-E000630; evidence=M23B-EVID-000853 || edge=M23B-E000632; evidence=M23B-EVID-000855
NODE05633	signaling_cascade	module20_24_export	Node participates in at least one evidence-gated exported mechanism edge.
NODE05634	ligand	register_ligand_receptor_layer	edge=M23B-E000633; evidence=M23B-EVID-000856 || edge=M23B-E000634; evidence=M23B-EVID-000857
NODE05634	signaling_cascade	module20_24_export	Node participates in at least one evidence-gated exported mechanism edge.
NODE05635	signaling_cascade	module20_24_export	Node participates in at least one evidence-gated exported mechanism edge.
NODE05636	ligand	register_ligand_receptor_layer	edge=M23B-E000644; evidence=M23B-EVID-000867
NODE05636	signaling_cascade	module20_24_export	Node participates in at least one evidence-gated exported mechanism edge.
NODE05637	signaling_cascade	module20_24_export	Node participates in at least one evidence-gated exported mechanism edge.
NODE05638	signaling_cascade	module20_24_export	Node participates in at least one evidence-gated exported mechanism edge.
NODE05639	receptor	register_ligand_receptor_layer	edge=M20B-E002542; evidence=M20B-EVID-002542 || edge=M23B-E000473; evidence=M23B-EVID-000653
NODE05639	signaling_cascade	module20_24_export	Node participates in at least one evidence-gated exported mechanism edge.
NODE05639	target_gene	register_target_gene_layer	edge=M22B-E006781; evidence=M22B-EVID-006954 || edge=M22B-E008925; evidence=M22B-EVID-009098
NODE05640	signaling_cascade	module20_24_export	Node participates in at least one evidence-gated exported mechanism edge.
NODE05641	receptor	register_ligand_receptor_layer	edge=M20B-E002543; evidence=M20B-EVID-002543 || edge=M23B-E000474; evidence=M23B-EVID-000654
NODE05641	signaling_cascade	module20_24_export	Node participates in at least one evidence-gated exported mechanism edge.
NODE05642	signaling_cascade	module20_24_export	Node participates in at least one evidence-gated exported mechanism edge.
NODE05643	signaling_cascade	module20_24_export	Node participates in at least one evidence-gated exported mechanism edge.
NODE05644	signaling_cascade	module20_24_export	Node participates in at least one evidence-gated exported mechanism edge.
NODE05645	signaling_cascade	module20_24_export	Node participates in at least one evidence-gated exported mechanism edge.
NODE05645	target_gene	register_target_gene_layer	edge=M22B-E007481; evidence=M22B-EVID-007654
NODE05646	signaling_cascade	module20_24_export	Node participates in at least one evidence-gated exported mechanism edge.
NODE05647	signaling_cascade	module20_24_export	Node participates in at least one evidence-gated exported mechanism edge.
NODE05648	signaling_cascade	module20_24_export	Node participates in at least one evidence-gated exported mechanism edge.
NODE05649	signaling_cascade	module20_24_export	Node participates in at least one evidence-gated exported mechanism edge.
NODE05650	signaling_cascade	module20_24_export	Node participates in at least one evidence-gated exported mechanism edge.
NODE05651	signaling_cascade	module20_24_export	Node participates in at least one evidence-gated exported mechanism edge.
NODE05652	signaling_cascade	module20_24_export	Node participates in at least one evidence-gated exported mechanism edge.
NODE05653	signaling_cascade	module20_24_export	Node participates in at least one evidence-gated exported mechanism edge.
NODE05654	signaling_cascade	module20_24_export	Node participates in at least one evidence-gated exported mechanism edge.
NODE05655	signaling_cascade	module20_24_export	Node participates in at least one evidence-gated exported mechanism edge.
NODE05656	signaling_cascade	module20_24_export	Node participates in at least one evidence-gated exported mechanism edge.
NODE05657	ligand	register_ligand_receptor_layer	edge=M23B-E000991; evidence=M23B-EVID-001336
NODE05657	signaling_cascade	module20_24_export	Node participates in at least one evidence-gated exported mechanism edge.
NODE05658	signaling_cascade	module20_24_export	Node participates in at least one evidence-gated exported mechanism edge.
NODE05659	signaling_cascade	module20_24_export	Node participates in at least one evidence-gated exported mechanism edge.
NODE05660	signaling_cascade	module20_24_export	Node participates in at least one evidence-gated exported mechanism edge.
NODE05661	signaling_cascade	module20_24_export	Node participates in at least one evidence-gated exported mechanism edge.
NODE05662	signaling_cascade	module20_24_export	Node participates in at least one evidence-gated exported mechanism edge.
NODE05663	signaling_cascade	module20_24_export	Node participates in at least one evidence-gated exported mechanism edge.
NODE05664	signaling_cascade	module20_24_export	Node participates in at least one evidence-gated exported mechanism edge.
NODE05665	signaling_cascade	module20_24_export	Node participates in at least one evidence-gated exported mechanism edge.
NODE05666	signaling_cascade	module20_24_export	Node participates in at least one evidence-gated exported mechanism edge.
NODE05667	signaling_cascade	module20_24_export	Node participates in at least one evidence-gated exported mechanism edge.
NODE05668	signaling_cascade	module20_24_export	Node participates in at least one evidence-gated exported mechanism edge.
NODE05669	signaling_cascade	module20_24_export	Node participates in at least one evidence-gated exported mechanism edge.
NODE05670	signaling_cascade	module20_24_export	Node participates in at least one evidence-gated exported mechanism edge.
NODE05670	target_gene	register_target_gene_layer	edge=M22B-E006535; evidence=M22B-EVID-006708 || edge=M22B-E008693; evidence=M22B-EVID-008866 || edge=M22B-E010677; evidence=M22B-EVID-010770
NODE05671	signaling_cascade	module20_24_export	Node participates in at least one evidence-gated exported mechanism edge.
NODE05671	target_gene	register_target_gene_layer	edge=M22B-E006782; evidence=M22B-EVID-006955 || edge=M22B-E008926; evidence=M22B-EVID-009099
NODE05672	signaling_cascade	module20_24_export	Node participates in at least one evidence-gated exported mechanism edge.
NODE05672	target_gene	register_target_gene_layer	edge=M22B-E007206; evidence=M22B-EVID-007379
NODE05673	signaling_cascade	module20_24_export	Node participates in at least one evidence-gated exported mechanism edge.
NODE05673	target_gene	register_target_gene_layer	edge=M22B-E006068; evidence=M22B-EVID-006241 || edge=M22B-E008232; evidence=M22B-EVID-008405
NODE05674	signaling_cascade	module20_24_export	Node participates in at least one evidence-gated exported mechanism edge.
NODE05675	signaling_cascade	module20_24_export	Node participates in at least one evidence-gated exported mechanism edge.
NODE05676	signaling_cascade	module20_24_export	Node participates in at least one evidence-gated exported mechanism edge.
NODE05677	signaling_cascade	module20_24_export	Node participates in at least one evidence-gated exported mechanism edge.
NODE05677	target_gene	register_target_gene_layer	edge=M22B-E010013; evidence=M22B-EVID-010186
NODE05678	signaling_cascade	module20_24_export	Node participates in at least one evidence-gated exported mechanism edge.
NODE05679	signaling_cascade	module20_24_export	Node participates in at least one evidence-gated exported mechanism edge.
NODE05680	signaling_cascade	module20_24_export	Node participates in at least one evidence-gated exported mechanism edge.
NODE05681	signaling_cascade	module20_24_export	Node participates in at least one evidence-gated exported mechanism edge.
NODE05681	target_gene	register_target_gene_layer	edge=M22B-E010034; evidence=M22B-EVID-010207
NODE05682	signaling_cascade	module20_24_export	Node participates in at least one evidence-gated exported mechanism edge.
NODE05682	target_gene	register_target_gene_layer	edge=M22B-E006069; evidence=M22B-EVID-006242 || edge=M22B-E008233; evidence=M22B-EVID-008406
NODE05683	signaling_cascade	module20_24_export	Node participates in at least one evidence-gated exported mechanism edge.
NODE05683	target_gene	register_target_gene_layer	edge=M22B-E007004; evidence=M22B-EVID-007177 || edge=M22B-E007482; evidence=M22B-EVID-007655
NODE05684	signaling_cascade	module20_24_export	Node participates in at least one evidence-gated exported mechanism edge.
NODE05685	signaling_cascade	module20_24_export	Node participates in at least one evidence-gated exported mechanism edge.
NODE05686	signaling_cascade	module20_24_export	Node participates in at least one evidence-gated exported mechanism edge.
NODE05687	signaling_cascade	module20_24_export	Node participates in at least one evidence-gated exported mechanism edge.
NODE05688	signaling_cascade	module20_24_export	Node participates in at least one evidence-gated exported mechanism edge.
NODE05688	target_gene	register_target_gene_layer	edge=M22B-E005748; evidence=M22B-EVID-005921 || edge=M22B-E006783; evidence=M22B-EVID-006956 || edge=M22B-E007207; evidence=M22B-EVID-007380 || edge=M22B-E008927; evidence=M22B-EVID-009100 || edge=M22B-E009440; evidence=M22B-EVID-009613
NODE05689	signaling_cascade	module20_24_export	Node participates in at least one evidence-gated exported mechanism edge.
NODE05689	target_gene	register_target_gene_layer	edge=M22B-E006784; evidence=M22B-EVID-006957 || edge=M22B-E008928; evidence=M22B-EVID-009101
NODE05690	signaling_cascade	module20_24_export	Node participates in at least one evidence-gated exported mechanism edge.
NODE05691	receptor	register_ligand_receptor_layer	edge=M20B-E002602; evidence=M20B-EVID-002602 || edge=M20B-E002621; evidence=M20B-EVID-002621 || edge=M20B-E003375; evidence=M20B-EVID-003375 || edge=M20B-E004453; evidence=M20B-EVID-004453;M20B-EVID-004453-P2-DIRECT;M20B-EVID-004453-P2-FUNC;M20B-EVID-004453-P2-RELAY;M20B-EVID-005332-P2-RELAY;M20B-EVID-005333-P2-FUNC
NODE05691	signaling_cascade	module20_24_export	Node participates in at least one evidence-gated exported mechanism edge.
NODE05691	target_gene	register_target_gene_layer	edge=M22B-E005917; evidence=M22B-EVID-006090 || edge=M22B-E007208; evidence=M22B-EVID-007381 || edge=M22B-E008089; evidence=M22B-EVID-008262 || edge=M22B-E009967; evidence=M22B-EVID-010140
NODE05692	signaling_cascade	module20_24_export	Node participates in at least one evidence-gated exported mechanism edge.
NODE05693	signaling_cascade	module20_24_export	Node participates in at least one evidence-gated exported mechanism edge.
NODE05694	signaling_cascade	module20_24_export	Node participates in at least one evidence-gated exported mechanism edge.
NODE05695	signaling_cascade	module20_24_export	Node participates in at least one evidence-gated exported mechanism edge.
NODE05696	signaling_cascade	module20_24_export	Node participates in at least one evidence-gated exported mechanism edge.
NODE05697	signaling_cascade	module20_24_export	Node participates in at least one evidence-gated exported mechanism edge.
NODE05698	ligand	register_ligand_receptor_layer	edge=M24B-E000098; evidence=M24B-EVID-000135;M24B-EVID-PROMO-20260826-012
NODE05698	signaling_cascade	module20_24_export	Node participates in at least one evidence-gated exported mechanism edge.
NODE05699	signaling_cascade	module20_24_export	Node participates in at least one evidence-gated exported mechanism edge.
NODE05700	signaling_cascade	module20_24_export	Node participates in at least one evidence-gated exported mechanism edge.
NODE05701	signaling_cascade	module20_24_export	Node participates in at least one evidence-gated exported mechanism edge.
NODE05702	signaling_cascade	module20_24_export	Node participates in at least one evidence-gated exported mechanism edge.
NODE05702	transcription_factor	register_target_gene_layer	edge=M22B-E009978; evidence=M22B-EVID-010151 || edge=M22B-E009979; evidence=M22B-EVID-010152 || edge=M22B-E009980; evidence=M22B-EVID-010153 || edge=M22B-E010322; evidence=M22B-EVID-010494
NODE05703	signaling_cascade	module20_24_export	Node participates in at least one evidence-gated exported mechanism edge.
NODE05704	signaling_cascade	module20_24_export	Node participates in at least one evidence-gated exported mechanism edge.
NODE05705	signaling_cascade	module20_24_export	Node participates in at least one evidence-gated exported mechanism edge.
NODE05705	target_gene	register_target_gene_layer	edge=M22B-E009777; evidence=M22B-EVID-009950 || edge=M22B-E010111; evidence=M22B-EVID-010284
NODE05706	signaling_cascade	module20_24_export	Node participates in at least one evidence-gated exported mechanism edge.
NODE05706	target_gene	register_target_gene_layer	edge=M22B-E010112; evidence=M22B-EVID-010285
NODE05707	ligand	register_ligand_receptor_layer	edge=M20B-E004124; evidence=M20B-EVID-004124;M20B-EVID-004124-P2-DIRECT;M20B-EVID-004124-P2-FUNC;M20B-EVID-004124-P2-RELAY
NODE05707	signaling_cascade	module20_24_export	Node participates in at least one evidence-gated exported mechanism edge.
NODE05707	target_gene	register_target_gene_layer	edge=M22B-E006383; evidence=M22B-EVID-006556 || edge=M22B-E007209; evidence=M22B-EVID-007382 || edge=M22B-E008543; evidence=M22B-EVID-008716
NODE05708	receptor	register_ligand_receptor_layer	edge=M20B-E004124; evidence=M20B-EVID-004124;M20B-EVID-004124-P2-DIRECT;M20B-EVID-004124-P2-FUNC;M20B-EVID-004124-P2-RELAY
NODE05708	signaling_cascade	module20_24_export	Node participates in at least one evidence-gated exported mechanism edge.
NODE05709	signaling_cascade	module20_24_export	Node participates in at least one evidence-gated exported mechanism edge.
NODE05710	signaling_cascade	module20_24_export	Node participates in at least one evidence-gated exported mechanism edge.
NODE05711	signaling_cascade	module20_24_export	Node participates in at least one evidence-gated exported mechanism edge.
NODE05712	signaling_cascade	module20_24_export	Node participates in at least one evidence-gated exported mechanism edge.
NODE05713	signaling_cascade	module20_24_export	Node participates in at least one evidence-gated exported mechanism edge.
NODE05714	signaling_cascade	module20_24_export	Node participates in at least one evidence-gated exported mechanism edge.
NODE05715	signaling_cascade	module20_24_export	Node participates in at least one evidence-gated exported mechanism edge.
NODE05716	signaling_cascade	module20_24_export	Node participates in at least one evidence-gated exported mechanism edge.
NODE05717	signaling_cascade	module20_24_export	Node participates in at least one evidence-gated exported mechanism edge.
NODE05718	signaling_cascade	module20_24_export	Node participates in at least one evidence-gated exported mechanism edge.
NODE05719	signaling_cascade	module20_24_export	Node participates in at least one evidence-gated exported mechanism edge.
NODE05720	signaling_cascade	module20_24_export	Node participates in at least one evidence-gated exported mechanism edge.
NODE05721	signaling_cascade	module20_24_export	Node participates in at least one evidence-gated exported mechanism edge.
NODE05722	ligand	register_ligand_receptor_layer	edge=M20B-E004126; evidence=M20B-EVID-004126;M20B-EVID-004126-P2-DIRECT;M20B-EVID-004126-P2-FUNC;M20B-EVID-004126-P2-RELAY || edge=M20B-E004127; evidence=M20B-EVID-004127;M20B-EVID-004127-P2-DIRECT;M20B-EVID-004127-P2-FUNC;M20B-EVID-004127-P2-RELAY || edge=M23B-E000201; evidence=M23B-EVID-000286
NODE05722	signaling_cascade	module20_24_export	Node participates in at least one evidence-gated exported mechanism edge.
NODE05722	target_gene	register_target_gene_layer	edge=M22B-E006384; evidence=M22B-EVID-006557 || edge=M22B-E008544; evidence=M22B-EVID-008717 || edge=M22B-E009856; evidence=M22B-EVID-010029
NODE05723	signaling_cascade	module20_24_export	Node participates in at least one evidence-gated exported mechanism edge.
NODE05724	ligand	register_ligand_receptor_layer	edge=M20B-E004129; evidence=M20B-EVID-004129;M20B-EVID-004129-P2-DIRECT;M20B-EVID-004129-P2-FUNC;M20B-EVID-004129-P2-RELAY || edge=M20B-E004131; evidence=M20B-EVID-004131;M20B-EVID-004131-P2-DIRECT;M20B-EVID-004131-P2-FUNC;M20B-EVID-004131-P2-RELAY
NODE05724	signaling_cascade	module20_24_export	Node participates in at least one evidence-gated exported mechanism edge.
NODE05724	target_gene	register_target_gene_layer	edge=M22B-E007005; evidence=M22B-EVID-007178 || edge=M22B-E007483; evidence=M22B-EVID-007656 || edge=M22B-E009441; evidence=M22B-EVID-009614
NODE05725	ligand	register_ligand_receptor_layer	edge=M23B-E001101; evidence=M23B-EVID-EXPAND23A-026
NODE05725	signaling_cascade	module20_24_export	Node participates in at least one evidence-gated exported mechanism edge.
NODE05726	ligand	register_ligand_receptor_layer	edge=M23B-E001064; evidence=M23B-EVID-001437
NODE05726	signaling_cascade	module20_24_export	Node participates in at least one evidence-gated exported mechanism edge.
NODE05727	ligand	register_ligand_receptor_layer	edge=M20B-E004132; evidence=M20B-EVID-004132
NODE05727	signaling_cascade	module20_24_export	Node participates in at least one evidence-gated exported mechanism edge.
NODE05728	ligand	register_ligand_receptor_layer	edge=M23B-E000647; evidence=M23B-EVID-000870
NODE05728	signaling_cascade	module20_24_export	Node participates in at least one evidence-gated exported mechanism edge.
NODE05729	signaling_cascade	module20_24_export	Node participates in at least one evidence-gated exported mechanism edge.
NODE05730	signaling_cascade	module20_24_export	Node participates in at least one evidence-gated exported mechanism edge.
NODE05731	receptor	register_ligand_receptor_layer	edge=M23B-E000400; evidence=M23B-EVID-000573
NODE05731	signaling_cascade	module20_24_export	Node participates in at least one evidence-gated exported mechanism edge.
NODE05732	signaling_cascade	module20_24_export	Node participates in at least one evidence-gated exported mechanism edge.
NODE05733	ligand	register_ligand_receptor_layer	edge=M23B-E000649; evidence=M23B-EVID-000872
NODE05733	signaling_cascade	module20_24_export	Node participates in at least one evidence-gated exported mechanism edge.
NODE05734	ligand	register_ligand_receptor_layer	edge=M24B-E000074; evidence=M24B-EVID-000110
NODE05734	signaling_cascade	module20_24_export	Node participates in at least one evidence-gated exported mechanism edge.
NODE05735	ligand	register_ligand_receptor_layer	edge=M23B-E000652; evidence=M23B-EVID-000875
NODE05735	signaling_cascade	module20_24_export	Node participates in at least one evidence-gated exported mechanism edge.
NODE05736	ligand	register_ligand_receptor_layer	edge=M20B-E004134; evidence=M20B-EVID-004134 || edge=M20B-E004135; evidence=M20B-EVID-004135;M20B-EVID-004135-P2-DIRECT;M20B-EVID-004135-P2-FUNC;M20B-EVID-004135-P2-RELAY || edge=M20B-E004136; evidence=M20B-EVID-004136;M20B-EVID-004136-P2-DIRECT;M20B-EVID-004136-P2-FUNC;M20B-EVID-004136-P2-RELAY || edge=M23B-E000970; evidence=M23B-EVID-001315
NODE05736	signaling_cascade	module20_24_export	Node participates in at least one evidence-gated exported mechanism edge.
NODE05737	ligand	register_ligand_receptor_layer	edge=M20B-E004138; evidence=M20B-EVID-004138;M20B-EVID-004138-P2-DIRECT;M20B-EVID-004138-P2-FUNC;M20B-EVID-004138-P2-RELAY
NODE05737	signaling_cascade	module20_24_export	Node participates in at least one evidence-gated exported mechanism edge.
NODE05738	ligand	register_ligand_receptor_layer	edge=M20B-E004140; evidence=M20B-EVID-004140;M20B-EVID-004140-P2-DIRECT;M20B-EVID-004140-P2-FUNC;M20B-EVID-004140-P2-RELAY
NODE05738	signaling_cascade	module20_24_export	Node participates in at least one evidence-gated exported mechanism edge.
NODE05739	ligand	register_ligand_receptor_layer	edge=M20B-E004143; evidence=M20B-EVID-004143;M20B-EVID-004143-P2-DIRECT;M20B-EVID-004143-P2-FUNC;M20B-EVID-004143-P2-RELAY || edge=M20B-E004144; evidence=M20B-EVID-004144;M20B-EVID-004144-P2-DIRECT;M20B-EVID-004144-P2-FUNC;M20B-EVID-004144-P2-RELAY
NODE05739	signaling_cascade	module20_24_export	Node participates in at least one evidence-gated exported mechanism edge.
NODE05740	signaling_cascade	module20_24_export	Node participates in at least one evidence-gated exported mechanism edge.
NODE05741	receptor	register_ligand_receptor_layer	edge=M20B-E004297; evidence=M20B-EVID-004297;M20B-EVID-004297-P2-DIRECT;M20B-EVID-004297-P2-FUNC;M20B-EVID-004297-P2-RELAY || edge=M20B-E004728; evidence=M20B-EVID-004728;M20B-EVID-004728-P2-DIRECT;M20B-EVID-004728-P2-FUNC;M20B-EVID-004728-P2-RELAY || edge=M20B-E004734; evidence=M20B-EVID-004734;M20B-EVID-004734-P2-DIRECT;M20B-EVID-004734-P2-FUNC;M20B-EVID-004734-P2-RELAY || edge=M20B-E004739; evidence=M20B-EVID-004739;M20B-EVID-004739-P2-DIRECT;M20B-EVID-004739-P2-FUNC;M20B-EVID-004739-P2-RELAY
NODE05741	signaling_cascade	module20_24_export	Node participates in at least one evidence-gated exported mechanism edge.
NODE05742	signaling_cascade	module20_24_export	Node participates in at least one evidence-gated exported mechanism edge.
NODE05743	receptor	register_ligand_receptor_layer	edge=M20B-E004729; evidence=M20B-EVID-004729;M20B-EVID-004729-P2-DIRECT;M20B-EVID-004729-P2-FUNC;M20B-EVID-004729-P2-RELAY || edge=M20B-E004735; evidence=M20B-EVID-004735;M20B-EVID-004735-P2-DIRECT;M20B-EVID-004735-P2-FUNC;M20B-EVID-004735-P2-RELAY || edge=M20B-E004740; evidence=M20B-EVID-004740;M20B-EVID-004740-P2-DIRECT;M20B-EVID-004740-P2-FUNC;M20B-EVID-004740-P2-RELAY
NODE05743	signaling_cascade	module20_24_export	Node participates in at least one evidence-gated exported mechanism edge.
NODE05743	target_gene	register_target_gene_layer	edge=M22B-E010658; evidence=M22B-EVID-010753
NODE05744	signaling_cascade	module20_24_export	Node participates in at least one evidence-gated exported mechanism edge.
NODE05745	receptor	register_ligand_receptor_layer	edge=M20B-E004730; evidence=M20B-EVID-004730;M20B-EVID-004730-P2-DIRECT;M20B-EVID-004730-P2-FUNC;M20B-EVID-004730-P2-RELAY || edge=M20B-E004736; evidence=M20B-EVID-004736;M20B-EVID-004736-P2-DIRECT;M20B-EVID-004736-P2-FUNC;M20B-EVID-004736-P2-RELAY || edge=M20B-E004741; evidence=M20B-EVID-004741;M20B-EVID-004741-P2-DIRECT;M20B-EVID-004741-P2-FUNC;M20B-EVID-004741-P2-RELAY || edge=M20B-E004750; evidence=M20B-EVID-004750;M20B-EVID-004750-P2-DIRECT;M20B-EVID-004750-P2-FUNC;M20B-EVID-004750-P2-RELAY
NODE05745	signaling_cascade	module20_24_export	Node participates in at least one evidence-gated exported mechanism edge.
NODE05746	signaling_cascade	module20_24_export	Node participates in at least one evidence-gated exported mechanism edge.
NODE05747	signaling_cascade	module20_24_export	Node participates in at least one evidence-gated exported mechanism edge.
NODE05748	ligand	register_ligand_receptor_layer	edge=M20B-E004150; evidence=M20B-EVID-004150;M20B-EVID-004150-P2-DIRECT;M20B-EVID-004150-P2-FUNC;M20B-EVID-004150-P2-RELAY
NODE05748	signaling_cascade	module20_24_export	Node participates in at least one evidence-gated exported mechanism edge.
NODE05748	target_gene	register_target_gene_layer	edge=M22B-E005918; evidence=M22B-EVID-006091
NODE05749	receptor	register_ligand_receptor_layer	edge=M20B-E004150; evidence=M20B-EVID-004150;M20B-EVID-004150-P2-DIRECT;M20B-EVID-004150-P2-FUNC;M20B-EVID-004150-P2-RELAY
NODE05749	signaling_cascade	module20_24_export	Node participates in at least one evidence-gated exported mechanism edge.
NODE05749	target_gene	register_target_gene_layer	edge=M22B-E007210; evidence=M22B-EVID-007383
NODE05750	signaling_cascade	module20_24_export	Node participates in at least one evidence-gated exported mechanism edge.
NODE05751	signaling_cascade	module20_24_export	Node participates in at least one evidence-gated exported mechanism edge.
NODE05752	signaling_cascade	module20_24_export	Node participates in at least one evidence-gated exported mechanism edge.
NODE05753	signaling_cascade	module20_24_export	Node participates in at least one evidence-gated exported mechanism edge.
NODE05753	target_gene	register_target_gene_layer	edge=M22B-E010107; evidence=M22B-EVID-010280
NODE05753	transcription_factor	register_target_gene_layer	edge=M22B-E010414; evidence=M22B-EVID-010586
NODE05754	signaling_cascade	module20_24_export	Node participates in at least one evidence-gated exported mechanism edge.
NODE05754	target_gene	register_target_gene_layer	edge=M22B-E010108; evidence=M22B-EVID-010281
NODE05754	transcription_factor	register_target_gene_layer	edge=M22B-E010365; evidence=M22B-EVID-010537
NODE05755	signaling_cascade	module20_24_export	Node participates in at least one evidence-gated exported mechanism edge.
NODE05756	signaling_cascade	module20_24_export	Node participates in at least one evidence-gated exported mechanism edge.
NODE05757	signaling_cascade	module20_24_export	Node participates in at least one evidence-gated exported mechanism edge.
NODE05758	signaling_cascade	module20_24_export	Node participates in at least one evidence-gated exported mechanism edge.
NODE05759	signaling_cascade	module20_24_export	Node participates in at least one evidence-gated exported mechanism edge.
NODE05760	ligand	register_ligand_receptor_layer	edge=M20B-E004156; evidence=M20B-EVID-004156;M20B-EVID-004156-P2-DIRECT;M20B-EVID-004156-P2-FUNC;M20B-EVID-004156-P2-RELAY
NODE05760	signaling_cascade	module20_24_export	Node participates in at least one evidence-gated exported mechanism edge.
NODE05760	target_gene	register_target_gene_layer	edge=M22B-E007804; evidence=M22B-EVID-007977 || edge=M22B-E009257; evidence=M22B-EVID-009430
NODE05761	receptor	register_ligand_receptor_layer	edge=M20B-E003389; evidence=M20B-EVID-003389
NODE05761	signaling_cascade	module20_24_export	Node participates in at least one evidence-gated exported mechanism edge.
NODE05762	signaling_cascade	module20_24_export	Node participates in at least one evidence-gated exported mechanism edge.
NODE05763	signaling_cascade	module20_24_export	Node participates in at least one evidence-gated exported mechanism edge.
NODE05763	target_gene	register_target_gene_layer	edge=M22B-E007805; evidence=M22B-EVID-007978
NODE05764	signaling_cascade	module20_24_export	Node participates in at least one evidence-gated exported mechanism edge.
NODE05765	signaling_cascade	module20_24_export	Node participates in at least one evidence-gated exported mechanism edge.
NODE05766	signaling_cascade	module20_24_export	Node participates in at least one evidence-gated exported mechanism edge.
NODE05767	signaling_cascade	module20_24_export	Node participates in at least one evidence-gated exported mechanism edge.
NODE05768	signaling_cascade	module20_24_export	Node participates in at least one evidence-gated exported mechanism edge.
NODE05769	signaling_cascade	module20_24_export	Node participates in at least one evidence-gated exported mechanism edge.
NODE05770	signaling_cascade	module20_24_export	Node participates in at least one evidence-gated exported mechanism edge.
NODE05771	signaling_cascade	module20_24_export	Node participates in at least one evidence-gated exported mechanism edge.
NODE05772	signaling_cascade	module20_24_export	Node participates in at least one evidence-gated exported mechanism edge.
NODE05773	signaling_cascade	module20_24_export	Node participates in at least one evidence-gated exported mechanism edge.
NODE05774	signaling_cascade	module20_24_export	Node participates in at least one evidence-gated exported mechanism edge.
NODE05775	signaling_cascade	module20_24_export	Node participates in at least one evidence-gated exported mechanism edge.
NODE05776	signaling_cascade	module20_24_export	Node participates in at least one evidence-gated exported mechanism edge.
NODE05777	signaling_cascade	module20_24_export	Node participates in at least one evidence-gated exported mechanism edge.
NODE05778	signaling_cascade	module20_24_export	Node participates in at least one evidence-gated exported mechanism edge.
NODE05779	signaling_cascade	module20_24_export	Node participates in at least one evidence-gated exported mechanism edge.
NODE05780	signaling_cascade	module20_24_export	Node participates in at least one evidence-gated exported mechanism edge.
NODE05781	signaling_cascade	module20_24_export	Node participates in at least one evidence-gated exported mechanism edge.
NODE05782	signaling_cascade	module20_24_export	Node participates in at least one evidence-gated exported mechanism edge.
NODE05783	signaling_cascade	module20_24_export	Node participates in at least one evidence-gated exported mechanism edge.
NODE05784	signaling_cascade	module20_24_export	Node participates in at least one evidence-gated exported mechanism edge.
NODE05785	signaling_cascade	module20_24_export	Node participates in at least one evidence-gated exported mechanism edge.
NODE05786	signaling_cascade	module20_24_export	Node participates in at least one evidence-gated exported mechanism edge.
NODE05787	signaling_cascade	module20_24_export	Node participates in at least one evidence-gated exported mechanism edge.
NODE05788	signaling_cascade	module20_24_export	Node participates in at least one evidence-gated exported mechanism edge.
NODE05788	target_gene	register_target_gene_layer	edge=M22B-E010427; evidence=M22B-EVID-010597
NODE05789	signaling_cascade	module20_24_export	Node participates in at least one evidence-gated exported mechanism edge.
NODE05790	signaling_cascade	module20_24_export	Node participates in at least one evidence-gated exported mechanism edge.
NODE05791	signaling_cascade	module20_24_export	Node participates in at least one evidence-gated exported mechanism edge.
NODE05791	target_gene	register_target_gene_layer	edge=M22B-E009857; evidence=M22B-EVID-010030
NODE05792	signaling_cascade	module20_24_export	Node participates in at least one evidence-gated exported mechanism edge.
NODE05793	signaling_cascade	module20_24_export	Node participates in at least one evidence-gated exported mechanism edge.
NODE05794	signaling_cascade	module20_24_export	Node participates in at least one evidence-gated exported mechanism edge.
NODE05795	signaling_cascade	module20_24_export	Node participates in at least one evidence-gated exported mechanism edge.
NODE05796	signaling_cascade	module20_24_export	Node participates in at least one evidence-gated exported mechanism edge.
NODE05797	signaling_cascade	module20_24_export	Node participates in at least one evidence-gated exported mechanism edge.
NODE05797	target_gene	register_target_gene_layer	edge=M22B-E007806; evidence=M22B-EVID-007979 || edge=M22B-E009258; evidence=M22B-EVID-009431
NODE05798	signaling_cascade	module20_24_export	Node participates in at least one evidence-gated exported mechanism edge.
NODE05799	signaling_cascade	module20_24_export	Node participates in at least one evidence-gated exported mechanism edge.
NODE05800	signaling_cascade	module20_24_export	Node participates in at least one evidence-gated exported mechanism edge.
NODE05801	signaling_cascade	module20_24_export	Node participates in at least one evidence-gated exported mechanism edge.
NODE05802	signaling_cascade	module20_24_export	Node participates in at least one evidence-gated exported mechanism edge.
NODE05803	signaling_cascade	module20_24_export	Node participates in at least one evidence-gated exported mechanism edge.
NODE05803	target_gene	register_target_gene_layer	edge=M22B-E006785; evidence=M22B-EVID-006958 || edge=M22B-E007807; evidence=M22B-EVID-007980 || edge=M22B-E008929; evidence=M22B-EVID-009102 || edge=M22B-E009259; evidence=M22B-EVID-009432
NODE05804	signaling_cascade	module20_24_export	Node participates in at least one evidence-gated exported mechanism edge.
NODE05804	target_gene	register_target_gene_layer	edge=M22B-E007006; evidence=M22B-EVID-007179
NODE05805	signaling_cascade	module20_24_export	Node participates in at least one evidence-gated exported mechanism edge.
NODE05805	transcription_factor	register_target_gene_layer	edge=M22B-E010513; evidence=M22B-EVID-010629
NODE05806	signaling_cascade	module20_24_export	Node participates in at least one evidence-gated exported mechanism edge.
NODE05807	signaling_cascade	module20_24_export	Node participates in at least one evidence-gated exported mechanism edge.
NODE05807	target_gene	register_target_gene_layer	edge=M22B-E005919; evidence=M22B-EVID-006092 || edge=M22B-E008090; evidence=M22B-EVID-008263
NODE05808	signaling_cascade	module20_24_export	Node participates in at least one evidence-gated exported mechanism edge.
NODE05809	signaling_cascade	module20_24_export	Node participates in at least one evidence-gated exported mechanism edge.
NODE05809	target_gene	register_target_gene_layer	edge=M22B-E006786; evidence=M22B-EVID-006959
NODE05809	transcription_factor	register_target_gene_layer	edge=M22B-E010244; evidence=M22B-EVID-010417
NODE05810	signaling_cascade	module20_24_export	Node participates in at least one evidence-gated exported mechanism edge.
NODE05811	signaling_cascade	module20_24_export	Node participates in at least one evidence-gated exported mechanism edge.
NODE05812	signaling_cascade	module20_24_export	Node participates in at least one evidence-gated exported mechanism edge.
NODE05813	signaling_cascade	module20_24_export	Node participates in at least one evidence-gated exported mechanism edge.
NODE05814	signaling_cascade	module20_24_export	Node participates in at least one evidence-gated exported mechanism edge.
NODE05815	signaling_cascade	module20_24_export	Node participates in at least one evidence-gated exported mechanism edge.
NODE05816	signaling_cascade	module20_24_export	Node participates in at least one evidence-gated exported mechanism edge.
NODE05816	target_gene	register_target_gene_layer	edge=M22B-E009442; evidence=M22B-EVID-009615 || edge=M22B-E009567; evidence=M22B-EVID-009740 || edge=M22B-E009751; evidence=M22B-EVID-009924 || edge=M22B-E009858; evidence=M22B-EVID-010031
NODE05817	signaling_cascade	module20_24_export	Node participates in at least one evidence-gated exported mechanism edge.
NODE05818	signaling_cascade	module20_24_export	Node participates in at least one evidence-gated exported mechanism edge.
NODE05819	signaling_cascade	module20_24_export	Node participates in at least one evidence-gated exported mechanism edge.
NODE05819	target_gene	register_target_gene_layer	edge=M22B-E006385; evidence=M22B-EVID-006558 || edge=M22B-E008545; evidence=M22B-EVID-008718 || edge=M22B-E009394; evidence=M22B-EVID-009567
NODE05820	signaling_cascade	module20_24_export	Node participates in at least one evidence-gated exported mechanism edge.
NODE05820	target_gene	register_target_gene_layer	edge=M22B-E006182; evidence=M22B-EVID-006355 || edge=M22B-E009568; evidence=M22B-EVID-009741
NODE05821	signaling_cascade	module20_24_export	Node participates in at least one evidence-gated exported mechanism edge.
NODE05822	signaling_cascade	module20_24_export	Node participates in at least one evidence-gated exported mechanism edge.
NODE05823	signaling_cascade	module20_24_export	Node participates in at least one evidence-gated exported mechanism edge.
NODE05824	signaling_cascade	module20_24_export	Node participates in at least one evidence-gated exported mechanism edge.
NODE05825	signaling_cascade	module20_24_export	Node participates in at least one evidence-gated exported mechanism edge.
NODE05826	signaling_cascade	module20_24_export	Node participates in at least one evidence-gated exported mechanism edge.
NODE05827	signaling_cascade	module20_24_export	Node participates in at least one evidence-gated exported mechanism edge.
NODE05828	signaling_cascade	module20_24_export	Node participates in at least one evidence-gated exported mechanism edge.
NODE05829	signaling_cascade	module20_24_export	Node participates in at least one evidence-gated exported mechanism edge.
NODE05830	signaling_cascade	module20_24_export	Node participates in at least one evidence-gated exported mechanism edge.
NODE05830	target_gene	register_target_gene_layer	edge=M22B-E000095; evidence=M22B-EVID-000215
NODE05831	signaling_cascade	module20_24_export	Node participates in at least one evidence-gated exported mechanism edge.
NODE05831	target_gene	register_target_gene_layer	edge=M22B-E010623; evidence=M22B-EVID-010719
NODE05832	signaling_cascade	module20_24_export	Node participates in at least one evidence-gated exported mechanism edge.
NODE05833	signaling_cascade	module20_24_export	Node participates in at least one evidence-gated exported mechanism edge.
NODE05834	ligand	register_ligand_receptor_layer	edge=M23B-E000654; evidence=M23B-EVID-000877 || edge=M23B-E000656; evidence=M23B-EVID-000879 || edge=M23B-E000658; evidence=M23B-EVID-000881
NODE05834	signaling_cascade	module20_24_export	Node participates in at least one evidence-gated exported mechanism edge.
NODE05835	ligand	register_ligand_receptor_layer	edge=M23B-E000660; evidence=M23B-EVID-000883 || edge=M23B-E000662; evidence=M23B-EVID-000885 || edge=M23B-E000664; evidence=M23B-EVID-000887
NODE05835	signaling_cascade	module20_24_export	Node participates in at least one evidence-gated exported mechanism edge.
NODE05836	signaling_cascade	module20_24_export	Node participates in at least one evidence-gated exported mechanism edge.
NODE05836	target_gene	register_target_gene_layer	edge=M22B-E010052; evidence=M22B-EVID-010225
NODE05837	signaling_cascade	module20_24_export	Node participates in at least one evidence-gated exported mechanism edge.
NODE05838	signaling_cascade	module20_24_export	Node participates in at least one evidence-gated exported mechanism edge.
NODE05839	signaling_cascade	module20_24_export	Node participates in at least one evidence-gated exported mechanism edge.
NODE05839	target_gene	register_target_gene_layer	edge=M22B-E006183; evidence=M22B-EVID-006356 || edge=M22B-E008334; evidence=M22B-EVID-008507
NODE05840	signaling_cascade	module20_24_export	Node participates in at least one evidence-gated exported mechanism edge.
NODE05841	receptor	register_ligand_receptor_layer	edge=M20B-E002399; evidence=M20B-EVID-002399 || edge=M20B-E002594; evidence=M20B-EVID-002594 || edge=M20B-E002603; evidence=M20B-EVID-002603 || edge=M20B-E003376; evidence=M20B-EVID-003376 || edge=M20B-E003379; evidence=M20B-EVID-003379 || edge=M20B-E003710; evidence=M20B-EVID-003710 || edge=M20B-E003808; evidence=M20B-EVID-003808;M20B-EVID-003808-P2-FUNC || edge=M20B-E004202; evidence=M20B-EVID-004202;M20B-EVID-004202-P2-DIRECT;M20B-EVID-004202-P2-FUNC;M20B-EVID-004202-P2-RELAY || edge=M20B-E004222; evidence=M20B-EVID-004222;M20B-EVID-004222-P2-DIRECT;M20B-EVID-004222-P2-FUNC;M20B-EVID-004222-P2-RELAY || edge=M20B-E004888; evidence=M20B-EVID-004888;M20B-EVID-004888-P2-DIRECT;M20B-EVID-004888-P2-FUNC;M20B-EVID-004888-P2-RELAY || edge=M20B-E005012; evidence=M20B-EVID-005012 || edge=M20B-E005061; evidence=M20B-EVID-005061;M20B-EVID-005061-P2-DIRECT;M20B-EVID-005061-P2-FUNC;M20B-EVID-005061-P2-RELAY || edge=M20B-E005247; evidence=M20B-EVID-005247 || edge=M23B-E000017; evidence=M23B-EVID-000018 || edge=M23B-E000094; evidence=M23B-EVID-000156 || edge=M23B-E000720; evidence=M23B-EVID-000962 || edge=M23B-E001023; evidence=M23B-EVID-001376 || edge=M23B-E001026; evidence=M23B-EVID-001379 || edge=M23B-E001073; evidence=M23B-EVID-001451
NODE05841	signaling_cascade	module20_24_export	Node participates in at least one evidence-gated exported mechanism edge.
NODE05841	target_gene	register_target_gene_layer	edge=M22B-E007808; evidence=M22B-EVID-007981 || edge=M22B-E010295; evidence=M22B-EVID-010468
NODE05842	signaling_cascade	module20_24_export	Node participates in at least one evidence-gated exported mechanism edge.
NODE05843	signaling_cascade	module20_24_export	Node participates in at least one evidence-gated exported mechanism edge.
NODE05844	signaling_cascade	module20_24_export	Node participates in at least one evidence-gated exported mechanism edge.
NODE05845	signaling_cascade	module20_24_export	Node participates in at least one evidence-gated exported mechanism edge.
NODE05846	signaling_cascade	module20_24_export	Node participates in at least one evidence-gated exported mechanism edge.
NODE05847	signaling_cascade	module20_24_export	Node participates in at least one evidence-gated exported mechanism edge.
NODE05848	receptor	register_ligand_receptor_layer	edge=M23B-E000226; evidence=M23B-EVID-000312
NODE05848	signaling_cascade	module20_24_export	Node participates in at least one evidence-gated exported mechanism edge.
NODE05849	signaling_cascade	module20_24_export	Node participates in at least one evidence-gated exported mechanism edge.
NODE05850	receptor	register_ligand_receptor_layer	edge=M23B-E001044; evidence=M23B-EVID-001413 || edge=M23B-E001047; evidence=M23B-EVID-001416 || edge=M23B-E001050; evidence=M23B-EVID-001419
NODE05850	signaling_cascade	module20_24_export	Node participates in at least one evidence-gated exported mechanism edge.
NODE05851	signaling_cascade	module20_24_export	Node participates in at least one evidence-gated exported mechanism edge.
NODE05852	signaling_cascade	module20_24_export	Node participates in at least one evidence-gated exported mechanism edge.
NODE05853	signaling_cascade	module20_24_export	Node participates in at least one evidence-gated exported mechanism edge.
NODE05854	signaling_cascade	module20_24_export	Node participates in at least one evidence-gated exported mechanism edge.
NODE05855	signaling_cascade	module20_24_export	Node participates in at least one evidence-gated exported mechanism edge.
NODE05856	receptor	register_ligand_receptor_layer	edge=M20B-E002537; evidence=M20B-EVID-002537;M20B-EVID-002537-P2-FUNC || edge=M20B-E003529; evidence=M20B-EVID-003529 || edge=M20B-E004185; evidence=M20B-EVID-004185;M20B-EVID-004185-P2-DIRECT;M20B-EVID-004185-P2-FUNC;M20B-EVID-004185-P2-RELAY || edge=M20B-E004999; evidence=M20B-EVID-004999 || edge=M20B-E005016; evidence=M20B-EVID-005016
NODE05856	signaling_cascade	module20_24_export	Node participates in at least one evidence-gated exported mechanism edge.
NODE05856	target_gene	register_target_gene_layer	edge=M22B-E010277; evidence=M22B-EVID-010450
NODE05857	signaling_cascade	module20_24_export	Node participates in at least one evidence-gated exported mechanism edge.
NODE05858	signaling_cascade	module20_24_export	Node participates in at least one evidence-gated exported mechanism edge.
NODE05859	signaling_cascade	module20_24_export	Node participates in at least one evidence-gated exported mechanism edge.
NODE05860	receptor	register_ligand_receptor_layer	edge=M20B-E002518; evidence=M20B-EVID-002518;M20B-EVID-005277-P2-DIRECT;M20B-EVID-005278-P2-RELAY;M20B-EVID-005279-P2-FUNC || edge=M20B-E002623; evidence=M20B-EVID-002623 || edge=M20B-E003240; evidence=M20B-EVID-003240 || edge=M20B-E004953; evidence=M20B-EVID-004953;M20B-EVID-004953-P2-BOUNDARY || edge=M20B-E004956; evidence=M20B-EVID-004956;M20B-EVID-004956-P2-BOUNDARY;M20B-EVID-004956-P2-FUNC;M20B-EVID-004956-P2-RELAY
NODE05860	signaling_cascade	module20_24_export	Node participates in at least one evidence-gated exported mechanism edge.
NODE05861	signaling_cascade	module20_24_export	Node participates in at least one evidence-gated exported mechanism edge.
NODE05862	signaling_cascade	module20_24_export	Node participates in at least one evidence-gated exported mechanism edge.
NODE05863	receptor	register_ligand_receptor_layer	edge=M20B-E003241; evidence=M20B-EVID-003241 || edge=M20B-E003245; evidence=M20B-EVID-003245 || edge=M20B-E004954; evidence=M20B-EVID-004954;M20B-EVID-004954-P2-DIRECT;M20B-EVID-004954-P2-FUNC;M20B-EVID-004954-P2-RELAY
NODE05863	signaling_cascade	module20_24_export	Node participates in at least one evidence-gated exported mechanism edge.
NODE05863	target_gene	register_target_gene_layer	edge=M22B-E007211; evidence=M22B-EVID-007384
NODE05864	signaling_cascade	module20_24_export	Node participates in at least one evidence-gated exported mechanism edge.
NODE05865	receptor	register_ligand_receptor_layer	edge=M20B-E002605; evidence=M20B-EVID-002605 || edge=M20B-E002625; evidence=M20B-EVID-002625 || edge=M20B-E003242; evidence=M20B-EVID-003242 || edge=M20B-E003250; evidence=M20B-EVID-003250 || edge=M20B-E003888; evidence=M20B-EVID-003888;M20B-EVID-003888-P2-FUNC || edge=M20B-E004629; evidence=M20B-EVID-004629 || edge=M20B-E004731; evidence=M20B-EVID-004731;M20B-EVID-004731-P2-DIRECT;M20B-EVID-004731-P2-FUNC;M20B-EVID-004731-P2-RELAY || edge=M20B-E004955; evidence=M20B-EVID-004955 || edge=M20B-E004958; evidence=M20B-EVID-004958
NODE05865	signaling_cascade	module20_24_export	Node participates in at least one evidence-gated exported mechanism edge.
NODE05865	target_gene	register_target_gene_layer	edge=M22B-E010656; evidence=M22B-EVID-010751 || edge=M22B-E010657; evidence=M22B-EVID-010752
NODE05866	signaling_cascade	module20_24_export	Node participates in at least one evidence-gated exported mechanism edge.
NODE05867	signaling_cascade	module20_24_export	Node participates in at least one evidence-gated exported mechanism edge.
NODE05868	signaling_cascade	module20_24_export	Node participates in at least one evidence-gated exported mechanism edge.
NODE05869	signaling_cascade	module20_24_export	Node participates in at least one evidence-gated exported mechanism edge.
NODE05870	signaling_cascade	module20_24_export	Node participates in at least one evidence-gated exported mechanism edge.
NODE05871	receptor	register_ligand_receptor_layer	edge=M20B-E002626; evidence=M20B-EVID-002626 || edge=M20B-E004455; evidence=M20B-EVID-004455;M20B-EVID-004455-P2-DIRECT;M20B-EVID-004455-P2-FUNC;M20B-EVID-004455-P2-RELAY || edge=M20B-E004965; evidence=M20B-EVID-004965;M20B-EVID-004965-P2-DIRECT;M20B-EVID-004965-P2-FUNC;M20B-EVID-004965-P2-RELAY
NODE05871	signaling_cascade	module20_24_export	Node participates in at least one evidence-gated exported mechanism edge.
NODE05871	target_gene	register_target_gene_layer	edge=M22B-E010278; evidence=M22B-EVID-010451
NODE05872	receptor	register_ligand_receptor_layer	edge=M23B-E000909; evidence=M23B-EVID-001254
NODE05872	signaling_cascade	module20_24_export	Node participates in at least one evidence-gated exported mechanism edge.
NODE05873	ligand	register_ligand_receptor_layer	edge=M20B-E004185; evidence=M20B-EVID-004185;M20B-EVID-004185-P2-DIRECT;M20B-EVID-004185-P2-FUNC;M20B-EVID-004185-P2-RELAY
NODE05873	signaling_cascade	module20_24_export	Node participates in at least one evidence-gated exported mechanism edge.
NODE05874	signaling_cascade	module20_24_export	Node participates in at least one evidence-gated exported mechanism edge.
NODE05875	signaling_cascade	module20_24_export	Node participates in at least one evidence-gated exported mechanism edge.
NODE05876	receptor	register_ligand_receptor_layer	edge=M20B-E004417; evidence=M20B-EVID-004417;M20B-EVID-004417-P2-DIRECT;M20B-EVID-004417-P2-FUNC;M20B-EVID-004417-P2-RELAY
NODE05876	signaling_cascade	module20_24_export	Node participates in at least one evidence-gated exported mechanism edge.
NODE05877	ligand	register_ligand_receptor_layer	edge=M23B-E000666; evidence=M23B-EVID-000889
NODE05877	receptor	register_ligand_receptor_layer	edge=M23B-E000832; evidence=M23B-EVID-001123
NODE05877	signaling_cascade	module20_24_export	Node participates in at least one evidence-gated exported mechanism edge.
NODE05878	signaling_cascade	module20_24_export	Node participates in at least one evidence-gated exported mechanism edge.
NODE05879	ligand	register_ligand_receptor_layer	edge=M20B-E004190; evidence=M20B-EVID-004190;M20B-EVID-004190-P2-DIRECT;M20B-EVID-004190-P2-FUNC;M20B-EVID-004190-P2-RELAY
NODE05879	signaling_cascade	module20_24_export	Node participates in at least one evidence-gated exported mechanism edge.
NODE05880	ligand	register_ligand_receptor_layer	edge=M23B-E000668; evidence=M23B-EVID-000891 || edge=M23B-E000973; evidence=M23B-EVID-001318
NODE05880	signaling_cascade	module20_24_export	Node participates in at least one evidence-gated exported mechanism edge.
NODE05881	receptor	register_ligand_receptor_layer	edge=M20B-E004416; evidence=M20B-EVID-004416;M20B-EVID-004416-P2-DIRECT;M20B-EVID-004416-P2-FUNC;M20B-EVID-004416-P2-RELAY
NODE05881	signaling_cascade	module20_24_export	Node participates in at least one evidence-gated exported mechanism edge.
NODE05882	ligand	register_ligand_receptor_layer	edge=M23B-E000670; evidence=M23B-EVID-000893
NODE05882	receptor	register_ligand_receptor_layer	edge=M23B-E000830; evidence=M23B-EVID-001121
NODE05882	signaling_cascade	module20_24_export	Node participates in at least one evidence-gated exported mechanism edge.
NODE05883	signaling_cascade	module20_24_export	Node participates in at least one evidence-gated exported mechanism edge.
NODE05884	signaling_cascade	module20_24_export	Node participates in at least one evidence-gated exported mechanism edge.
NODE05885	signaling_cascade	module20_24_export	Node participates in at least one evidence-gated exported mechanism edge.
NODE05886	signaling_cascade	module20_24_export	Node participates in at least one evidence-gated exported mechanism edge.
NODE05886	target_gene	register_target_gene_layer	edge=M22B-E010401; evidence=M22B-EVID-010573
NODE05887	signaling_cascade	module20_24_export	Node participates in at least one evidence-gated exported mechanism edge.
NODE05888	signaling_cascade	module20_24_export	Node participates in at least one evidence-gated exported mechanism edge.
NODE05889	signaling_cascade	module20_24_export	Node participates in at least one evidence-gated exported mechanism edge.
NODE05890	signaling_cascade	module20_24_export	Node participates in at least one evidence-gated exported mechanism edge.
NODE05891	signaling_cascade	module20_24_export	Node participates in at least one evidence-gated exported mechanism edge.
NODE05892	signaling_cascade	module20_24_export	Node participates in at least one evidence-gated exported mechanism edge.
NODE05893	signaling_cascade	module20_24_export	Node participates in at least one evidence-gated exported mechanism edge.
NODE05894	signaling_cascade	module20_24_export	Node participates in at least one evidence-gated exported mechanism edge.
NODE05895	receptor	register_ligand_receptor_layer	edge=M20B-E002607; evidence=M20B-EVID-002607 || edge=M20B-E002627; evidence=M20B-EVID-002627
NODE05895	signaling_cascade	module20_24_export	Node participates in at least one evidence-gated exported mechanism edge.
NODE05896	signaling_cascade	module20_24_export	Node participates in at least one evidence-gated exported mechanism edge.
NODE05897	signaling_cascade	module20_24_export	Node participates in at least one evidence-gated exported mechanism edge.
NODE05898	signaling_cascade	module20_24_export	Node participates in at least one evidence-gated exported mechanism edge.
NODE05899	signaling_cascade	module20_24_export	Node participates in at least one evidence-gated exported mechanism edge.
NODE05900	signaling_cascade	module20_24_export	Node participates in at least one evidence-gated exported mechanism edge.
NODE05901	signaling_cascade	module20_24_export	Node participates in at least one evidence-gated exported mechanism edge.
NODE05901	target_gene	register_target_gene_layer	edge=M22B-E006787; evidence=M22B-EVID-006960 || edge=M22B-E008930; evidence=M22B-EVID-009103
NODE05902	ligand	register_ligand_receptor_layer	edge=M20B-E004193; evidence=M20B-EVID-004193;M20B-EVID-004193-P2-DIRECT;M20B-EVID-004193-P2-FUNC;M20B-EVID-004193-P2-RELAY
NODE05902	signaling_cascade	module20_24_export	Node participates in at least one evidence-gated exported mechanism edge.
NODE05903	signaling_cascade	module20_24_export	Node participates in at least one evidence-gated exported mechanism edge.
NODE05903	target_gene	register_target_gene_layer	edge=M22B-E005920; evidence=M22B-EVID-006093 || edge=M22B-E006070; evidence=M22B-EVID-006243 || edge=M22B-E006788; evidence=M22B-EVID-006961 || edge=M22B-E008091; evidence=M22B-EVID-008264 || edge=M22B-E008234; evidence=M22B-EVID-008407 || edge=M22B-E008931; evidence=M22B-EVID-009104 || edge=M22B-E010098; evidence=M22B-EVID-010271
NODE05904	signaling_cascade	module20_24_export	Node participates in at least one evidence-gated exported mechanism edge.
NODE05905	signaling_cascade	module20_24_export	Node participates in at least one evidence-gated exported mechanism edge.
NODE05906	signaling_cascade	module20_24_export	Node participates in at least one evidence-gated exported mechanism edge.
NODE05907	signaling_cascade	module20_24_export	Node participates in at least one evidence-gated exported mechanism edge.
NODE05908	signaling_cascade	module20_24_export	Node participates in at least one evidence-gated exported mechanism edge.
NODE05908	target_gene	register_target_gene_layer	edge=M22B-E000336; evidence=M22B-EVID-000620
NODE05909	signaling_cascade	module20_24_export	Node participates in at least one evidence-gated exported mechanism edge.
NODE05909	target_gene	register_target_gene_layer	edge=M22B-E010073; evidence=M22B-EVID-010246
NODE05910	signaling_cascade	module20_24_export	Node participates in at least one evidence-gated exported mechanism edge.
NODE05910	target_gene	register_target_gene_layer	edge=M22B-E007212; evidence=M22B-EVID-007385
NODE05911	receptor	register_ligand_receptor_layer	edge=M20B-E004193; evidence=M20B-EVID-004193;M20B-EVID-004193-P2-DIRECT;M20B-EVID-004193-P2-FUNC;M20B-EVID-004193-P2-RELAY
NODE05911	signaling_cascade	module20_24_export	Node participates in at least one evidence-gated exported mechanism edge.
NODE05911	target_gene	register_target_gene_layer	edge=M22B-E010285; evidence=M22B-EVID-010458
NODE05912	signaling_cascade	module20_24_export	Node participates in at least one evidence-gated exported mechanism edge.
NODE05913	signaling_cascade	module20_24_export	Node participates in at least one evidence-gated exported mechanism edge.
NODE05914	signaling_cascade	module20_24_export	Node participates in at least one evidence-gated exported mechanism edge.
NODE05914	target_gene	register_target_gene_layer	edge=M22B-E007213; evidence=M22B-EVID-007386
NODE05915	ligand	register_ligand_receptor_layer	edge=M20B-E004202; evidence=M20B-EVID-004202;M20B-EVID-004202-P2-DIRECT;M20B-EVID-004202-P2-FUNC;M20B-EVID-004202-P2-RELAY
NODE05915	signaling_cascade	module20_24_export	Node participates in at least one evidence-gated exported mechanism edge.
NODE05915	target_gene	register_target_gene_layer	edge=M22B-E006071; evidence=M22B-EVID-006244 || edge=M22B-E007214; evidence=M22B-EVID-007387 || edge=M22B-E008235; evidence=M22B-EVID-008408
NODE05916	signaling_cascade	module20_24_export	Node participates in at least one evidence-gated exported mechanism edge.
NODE05917	signaling_cascade	module20_24_export	Node participates in at least one evidence-gated exported mechanism edge.
NODE05918	signaling_cascade	module20_24_export	Node participates in at least one evidence-gated exported mechanism edge.
NODE05919	signaling_cascade	module20_24_export	Node participates in at least one evidence-gated exported mechanism edge.
NODE05920	signaling_cascade	module20_24_export	Node participates in at least one evidence-gated exported mechanism edge.
NODE05921	signaling_cascade	module20_24_export	Node participates in at least one evidence-gated exported mechanism edge.
NODE05921	target_gene	register_target_gene_layer	edge=M22B-E009472; evidence=M22B-EVID-009645
NODE05922	signaling_cascade	module20_24_export	Node participates in at least one evidence-gated exported mechanism edge.
NODE05923	signaling_cascade	module20_24_export	Node participates in at least one evidence-gated exported mechanism edge.
NODE05924	signaling_cascade	module20_24_export	Node participates in at least one evidence-gated exported mechanism edge.
NODE05925	signaling_cascade	module20_24_export	Node participates in at least one evidence-gated exported mechanism edge.
NODE05926	signaling_cascade	module20_24_export	Node participates in at least one evidence-gated exported mechanism edge.
NODE05927	signaling_cascade	module20_24_export	Node participates in at least one evidence-gated exported mechanism edge.
NODE05928	signaling_cascade	module20_24_export	Node participates in at least one evidence-gated exported mechanism edge.
NODE05929	signaling_cascade	module20_24_export	Node participates in at least one evidence-gated exported mechanism edge.
NODE05930	signaling_cascade	module20_24_export	Node participates in at least one evidence-gated exported mechanism edge.
NODE05930	target_gene	register_target_gene_layer	edge=M22B-E007484; evidence=M22B-EVID-007657
NODE05931	signaling_cascade	module20_24_export	Node participates in at least one evidence-gated exported mechanism edge.
NODE05932	signaling_cascade	module20_24_export	Node participates in at least one evidence-gated exported mechanism edge.
NODE05933	signaling_cascade	module20_24_export	Node participates in at least one evidence-gated exported mechanism edge.
NODE05934	signaling_cascade	module20_24_export	Node participates in at least one evidence-gated exported mechanism edge.
NODE05935	signaling_cascade	module20_24_export	Node participates in at least one evidence-gated exported mechanism edge.
NODE05936	signaling_cascade	module20_24_export	Node participates in at least one evidence-gated exported mechanism edge.
NODE05937	signaling_cascade	module20_24_export	Node participates in at least one evidence-gated exported mechanism edge.
NODE05938	signaling_cascade	module20_24_export	Node participates in at least one evidence-gated exported mechanism edge.
NODE05939	signaling_cascade	module20_24_export	Node participates in at least one evidence-gated exported mechanism edge.
NODE05940	signaling_cascade	module20_24_export	Node participates in at least one evidence-gated exported mechanism edge.
NODE05941	signaling_cascade	module20_24_export	Node participates in at least one evidence-gated exported mechanism edge.
NODE05942	signaling_cascade	module20_24_export	Node participates in at least one evidence-gated exported mechanism edge.
NODE05942	transcription_factor	register_target_gene_layer	edge=M22B-E010326; evidence=M22B-EVID-010498
NODE05943	signaling_cascade	module20_24_export	Node participates in at least one evidence-gated exported mechanism edge.
NODE05943	target_gene	register_target_gene_layer	edge=M22B-E008092; evidence=M22B-EVID-008265
NODE05944	signaling_cascade	module20_24_export	Node participates in at least one evidence-gated exported mechanism edge.
NODE05945	signaling_cascade	module20_24_export	Node participates in at least one evidence-gated exported mechanism edge.
NODE05946	signaling_cascade	module20_24_export	Node participates in at least one evidence-gated exported mechanism edge.
NODE05947	signaling_cascade	module20_24_export	Node participates in at least one evidence-gated exported mechanism edge.
NODE05948	signaling_cascade	module20_24_export	Node participates in at least one evidence-gated exported mechanism edge.
NODE05949	signaling_cascade	module20_24_export	Node participates in at least one evidence-gated exported mechanism edge.
NODE05950	signaling_cascade	module20_24_export	Node participates in at least one evidence-gated exported mechanism edge.
NODE05951	ligand	register_ligand_receptor_layer	edge=M23B-E000883; evidence=M23B-EVID-001192
NODE05951	signaling_cascade	module20_24_export	Node participates in at least one evidence-gated exported mechanism edge.
NODE05952	signaling_cascade	module20_24_export	Node participates in at least one evidence-gated exported mechanism edge.
NODE05953	ligand	register_ligand_receptor_layer	edge=M23B-E000886; evidence=M23B-EVID-001195
NODE05953	signaling_cascade	module20_24_export	Node participates in at least one evidence-gated exported mechanism edge.
NODE05954	signaling_cascade	module20_24_export	Node participates in at least one evidence-gated exported mechanism edge.
NODE05955	signaling_cascade	module20_24_export	Node participates in at least one evidence-gated exported mechanism edge.
NODE05956	ligand	register_ligand_receptor_layer	edge=M23B-E000890; evidence=M23B-EVID-001200
NODE05956	signaling_cascade	module20_24_export	Node participates in at least one evidence-gated exported mechanism edge.
NODE05957	ligand	register_ligand_receptor_layer	edge=M23B-E000893; evidence=M23B-EVID-001203
NODE05957	signaling_cascade	module20_24_export	Node participates in at least one evidence-gated exported mechanism edge.
NODE05958	ligand	register_ligand_receptor_layer	edge=M23B-E000895; evidence=M23B-EVID-001205
NODE05958	signaling_cascade	module20_24_export	Node participates in at least one evidence-gated exported mechanism edge.
NODE05959	ligand	register_ligand_receptor_layer	edge=M23B-E000898; evidence=M23B-EVID-001208
NODE05959	signaling_cascade	module20_24_export	Node participates in at least one evidence-gated exported mechanism edge.
NODE05960	signaling_cascade	module20_24_export	Node participates in at least one evidence-gated exported mechanism edge.
NODE05961	ligand	register_ligand_receptor_layer	edge=M23B-E000903; evidence=M23B-EVID-001214
NODE05961	signaling_cascade	module20_24_export	Node participates in at least one evidence-gated exported mechanism edge.
NODE05962	ligand	register_ligand_receptor_layer	edge=M23B-E000906; evidence=M23B-EVID-001218
NODE05962	signaling_cascade	module20_24_export	Node participates in at least one evidence-gated exported mechanism edge.
NODE05963	ligand	register_ligand_receptor_layer	edge=M23B-E000909; evidence=M23B-EVID-001254
NODE05963	signaling_cascade	module20_24_export	Node participates in at least one evidence-gated exported mechanism edge.
NODE05964	ligand	register_ligand_receptor_layer	edge=M23B-E000912; evidence=M23B-EVID-001257
NODE05964	signaling_cascade	module20_24_export	Node participates in at least one evidence-gated exported mechanism edge.
NODE05965	signaling_cascade	module20_24_export	Node participates in at least one evidence-gated exported mechanism edge.
NODE05966	signaling_cascade	module20_24_export	Node participates in at least one evidence-gated exported mechanism edge.
NODE05967	signaling_cascade	module20_24_export	Node participates in at least one evidence-gated exported mechanism edge.
NODE05968	signaling_cascade	module20_24_export	Node participates in at least one evidence-gated exported mechanism edge.
NODE05969	signaling_cascade	module20_24_export	Node participates in at least one evidence-gated exported mechanism edge.
NODE05970	signaling_cascade	module20_24_export	Node participates in at least one evidence-gated exported mechanism edge.
NODE05971	signaling_cascade	module20_24_export	Node participates in at least one evidence-gated exported mechanism edge.
NODE05971	target_gene	register_target_gene_layer	edge=M22B-E007215; evidence=M22B-EVID-007388
NODE05972	signaling_cascade	module20_24_export	Node participates in at least one evidence-gated exported mechanism edge.
NODE05973	signaling_cascade	module20_24_export	Node participates in at least one evidence-gated exported mechanism edge.
NODE05974	signaling_cascade	module20_24_export	Node participates in at least one evidence-gated exported mechanism edge.
NODE05975	signaling_cascade	module20_24_export	Node participates in at least one evidence-gated exported mechanism edge.
NODE05976	signaling_cascade	module20_24_export	Node participates in at least one evidence-gated exported mechanism edge.
NODE05977	signaling_cascade	module20_24_export	Node participates in at least one evidence-gated exported mechanism edge.
NODE05978	signaling_cascade	module20_24_export	Node participates in at least one evidence-gated exported mechanism edge.
NODE05979	signaling_cascade	module20_24_export	Node participates in at least one evidence-gated exported mechanism edge.
NODE05980	signaling_cascade	module20_24_export	Node participates in at least one evidence-gated exported mechanism edge.
NODE05981	signaling_cascade	module20_24_export	Node participates in at least one evidence-gated exported mechanism edge.
NODE05981	target_gene	register_target_gene_layer	edge=M22B-E005825; evidence=M22B-EVID-005998 || edge=M22B-E007809; evidence=M22B-EVID-007982 || edge=M22B-E007989; evidence=M22B-EVID-008162 || edge=M22B-E009260; evidence=M22B-EVID-009433
NODE05982	signaling_cascade	module20_24_export	Node participates in at least one evidence-gated exported mechanism edge.
NODE05982	target_gene	register_target_gene_layer	edge=M22B-E007007; evidence=M22B-EVID-007180
NODE05983	signaling_cascade	module20_24_export	Node participates in at least one evidence-gated exported mechanism edge.
NODE05984	signaling_cascade	module20_24_export	Node participates in at least one evidence-gated exported mechanism edge.
NODE05985	ligand	register_ligand_receptor_layer	edge=M23B-E000204; evidence=M23B-EVID-000289;M23B-EVID-PROMO-20260826-012
NODE05985	signaling_cascade	module20_24_export	Node participates in at least one evidence-gated exported mechanism edge.
NODE05985	target_gene	register_target_gene_layer	edge=M22B-E010586; evidence=M22B-EVID-010682
NODE05986	signaling_cascade	module20_24_export	Node participates in at least one evidence-gated exported mechanism edge.
NODE05987	signaling_cascade	module20_24_export	Node participates in at least one evidence-gated exported mechanism edge.
NODE05987	target_gene	register_target_gene_layer	edge=M22B-E006184; evidence=M22B-EVID-006357 || edge=M22B-E006265; evidence=M22B-EVID-006438 || edge=M22B-E008335; evidence=M22B-EVID-008508 || edge=M22B-E008418; evidence=M22B-EVID-008591 || edge=M22B-E009752; evidence=M22B-EVID-009925
NODE05988	signaling_cascade	module20_24_export	Node participates in at least one evidence-gated exported mechanism edge.
NODE05989	receptor	register_ligand_receptor_layer	edge=M23B-E001126; evidence=M23B-EVID-EXPAND23A-051
NODE05989	signaling_cascade	module20_24_export	Node participates in at least one evidence-gated exported mechanism edge.
NODE05990	signaling_cascade	module20_24_export	Node participates in at least one evidence-gated exported mechanism edge.
NODE05990	target_gene	register_target_gene_layer	edge=M22B-E006789; evidence=M22B-EVID-006962
NODE05991	signaling_cascade	module20_24_export	Node participates in at least one evidence-gated exported mechanism edge.
NODE05992	signaling_cascade	module20_24_export	Node participates in at least one evidence-gated exported mechanism edge.
NODE05993	signaling_cascade	module20_24_export	Node participates in at least one evidence-gated exported mechanism edge.
NODE05994	signaling_cascade	module20_24_export	Node participates in at least one evidence-gated exported mechanism edge.
NODE05995	signaling_cascade	module20_24_export	Node participates in at least one evidence-gated exported mechanism edge.
NODE05996	signaling_cascade	module20_24_export	Node participates in at least one evidence-gated exported mechanism edge.
NODE05997	signaling_cascade	module20_24_export	Node participates in at least one evidence-gated exported mechanism edge.
NODE05998	signaling_cascade	module20_24_export	Node participates in at least one evidence-gated exported mechanism edge.
NODE05998	target_gene	register_target_gene_layer	edge=M22B-E007485; evidence=M22B-EVID-007658
NODE05999	signaling_cascade	module20_24_export	Node participates in at least one evidence-gated exported mechanism edge.
NODE05999	target_gene	register_target_gene_layer	edge=M22B-E006790; evidence=M22B-EVID-006963 || edge=M22B-E008932; evidence=M22B-EVID-009105
NODE06000	signaling_cascade	module20_24_export	Node participates in at least one evidence-gated exported mechanism edge.
NODE06001	signaling_cascade	module20_24_export	Node participates in at least one evidence-gated exported mechanism edge.
NODE06001	target_gene	register_target_gene_layer	edge=M22B-E007216; evidence=M22B-EVID-007389
NODE06002	signaling_cascade	module20_24_export	Node participates in at least one evidence-gated exported mechanism edge.
NODE06003	signaling_cascade	module20_24_export	Node participates in at least one evidence-gated exported mechanism edge.
NODE06004	signaling_cascade	module20_24_export	Node participates in at least one evidence-gated exported mechanism edge.
NODE06004	target_gene	register_target_gene_layer	edge=M22B-E005921; evidence=M22B-EVID-006094 || edge=M22B-E008093; evidence=M22B-EVID-008266
NODE06005	signaling_cascade	module20_24_export	Node participates in at least one evidence-gated exported mechanism edge.
NODE06006	signaling_cascade	module20_24_export	Node participates in at least one evidence-gated exported mechanism edge.
NODE06007	signaling_cascade	module20_24_export	Node participates in at least one evidence-gated exported mechanism edge.
NODE06008	signaling_cascade	module20_24_export	Node participates in at least one evidence-gated exported mechanism edge.
NODE06009	signaling_cascade	module20_24_export	Node participates in at least one evidence-gated exported mechanism edge.
NODE06010	signaling_cascade	module20_24_export	Node participates in at least one evidence-gated exported mechanism edge.
NODE06011	signaling_cascade	module20_24_export	Node participates in at least one evidence-gated exported mechanism edge.
NODE06012	signaling_cascade	module20_24_export	Node participates in at least one evidence-gated exported mechanism edge.
NODE06013	signaling_cascade	module20_24_export	Node participates in at least one evidence-gated exported mechanism edge.
NODE06014	signaling_cascade	module20_24_export	Node participates in at least one evidence-gated exported mechanism edge.
NODE06015	signaling_cascade	module20_24_export	Node participates in at least one evidence-gated exported mechanism edge.
NODE06015	target_gene	register_target_gene_layer	edge=M22B-E005741; evidence=M22B-EVID-005914
NODE06016	signaling_cascade	module20_24_export	Node participates in at least one evidence-gated exported mechanism edge.
NODE06017	signaling_cascade	module20_24_export	Node participates in at least one evidence-gated exported mechanism edge.
NODE06017	target_gene	register_target_gene_layer	edge=M22B-E007810; evidence=M22B-EVID-007983
NODE06018	signaling_cascade	module20_24_export	Node participates in at least one evidence-gated exported mechanism edge.
NODE06019	signaling_cascade	module20_24_export	Node participates in at least one evidence-gated exported mechanism edge.
NODE06020	signaling_cascade	module20_24_export	Node participates in at least one evidence-gated exported mechanism edge.
NODE06021	signaling_cascade	module20_24_export	Node participates in at least one evidence-gated exported mechanism edge.
NODE06022	signaling_cascade	module20_24_export	Node participates in at least one evidence-gated exported mechanism edge.
NODE06023	signaling_cascade	module20_24_export	Node participates in at least one evidence-gated exported mechanism edge.
NODE06024	signaling_cascade	module20_24_export	Node participates in at least one evidence-gated exported mechanism edge.
NODE06025	signaling_cascade	module20_24_export	Node participates in at least one evidence-gated exported mechanism edge.
NODE06026	signaling_cascade	module20_24_export	Node participates in at least one evidence-gated exported mechanism edge.
NODE06027	signaling_cascade	module20_24_export	Node participates in at least one evidence-gated exported mechanism edge.
NODE06027	target_gene	register_target_gene_layer	edge=M22B-E009958; evidence=M22B-EVID-010131
NODE06028	signaling_cascade	module20_24_export	Node participates in at least one evidence-gated exported mechanism edge.
NODE06029	signaling_cascade	module20_24_export	Node participates in at least one evidence-gated exported mechanism edge.
NODE06030	signaling_cascade	module20_24_export	Node participates in at least one evidence-gated exported mechanism edge.
NODE06031	signaling_cascade	module20_24_export	Node participates in at least one evidence-gated exported mechanism edge.
NODE06032	signaling_cascade	module20_24_export	Node participates in at least one evidence-gated exported mechanism edge.
NODE06033	signaling_cascade	module20_24_export	Node participates in at least one evidence-gated exported mechanism edge.
NODE06033	target_gene	register_target_gene_layer	edge=M22B-E009659; evidence=M22B-EVID-009832 || edge=M22B-E009726; evidence=M22B-EVID-009899
NODE06034	signaling_cascade	module20_24_export	Node participates in at least one evidence-gated exported mechanism edge.
NODE06035	signaling_cascade	module20_24_export	Node participates in at least one evidence-gated exported mechanism edge.
NODE06036	signaling_cascade	module20_24_export	Node participates in at least one evidence-gated exported mechanism edge.
NODE06037	signaling_cascade	module20_24_export	Node participates in at least one evidence-gated exported mechanism edge.
NODE06038	signaling_cascade	module20_24_export	Node participates in at least one evidence-gated exported mechanism edge.
NODE06039	signaling_cascade	module20_24_export	Node participates in at least one evidence-gated exported mechanism edge.
NODE06040	signaling_cascade	module20_24_export	Node participates in at least one evidence-gated exported mechanism edge.
NODE06041	signaling_cascade	module20_24_export	Node participates in at least one evidence-gated exported mechanism edge.
NODE06042	signaling_cascade	module20_24_export	Node participates in at least one evidence-gated exported mechanism edge.
NODE06042	target_gene	register_target_gene_layer	edge=M22B-E009443; evidence=M22B-EVID-009616 || edge=M22B-E009660; evidence=M22B-EVID-009833
NODE06043	signaling_cascade	module20_24_export	Node participates in at least one evidence-gated exported mechanism edge.
NODE06044	signaling_cascade	module20_24_export	Node participates in at least one evidence-gated exported mechanism edge.
NODE06045	signaling_cascade	module20_24_export	Node participates in at least one evidence-gated exported mechanism edge.
NODE06046	signaling_cascade	module20_24_export	Node participates in at least one evidence-gated exported mechanism edge.
NODE06047	signaling_cascade	module20_24_export	Node participates in at least one evidence-gated exported mechanism edge.
NODE06048	signaling_cascade	module20_24_export	Node participates in at least one evidence-gated exported mechanism edge.
NODE06049	signaling_cascade	module20_24_export	Node participates in at least one evidence-gated exported mechanism edge.
NODE06050	signaling_cascade	module20_24_export	Node participates in at least one evidence-gated exported mechanism edge.
NODE06051	signaling_cascade	module20_24_export	Node participates in at least one evidence-gated exported mechanism edge.
NODE06052	signaling_cascade	module20_24_export	Node participates in at least one evidence-gated exported mechanism edge.
NODE06053	signaling_cascade	module20_24_export	Node participates in at least one evidence-gated exported mechanism edge.
NODE06054	signaling_cascade	module20_24_export	Node participates in at least one evidence-gated exported mechanism edge.
NODE06055	signaling_cascade	module20_24_export	Node participates in at least one evidence-gated exported mechanism edge.
NODE06055	target_gene	register_target_gene_layer	edge=M22B-E010668; evidence=M22B-EVID-010761
NODE06056	signaling_cascade	module20_24_export	Node participates in at least one evidence-gated exported mechanism edge.
NODE06057	signaling_cascade	module20_24_export	Node participates in at least one evidence-gated exported mechanism edge.
NODE06058	signaling_cascade	module20_24_export	Node participates in at least one evidence-gated exported mechanism edge.
NODE06059	signaling_cascade	module20_24_export	Node participates in at least one evidence-gated exported mechanism edge.
NODE06060	signaling_cascade	module20_24_export	Node participates in at least one evidence-gated exported mechanism edge.
NODE06061	signaling_cascade	module20_24_export	Node participates in at least one evidence-gated exported mechanism edge.
NODE06062	signaling_cascade	module20_24_export	Node participates in at least one evidence-gated exported mechanism edge.
NODE06063	signaling_cascade	module20_24_export	Node participates in at least one evidence-gated exported mechanism edge.
NODE06064	signaling_cascade	module20_24_export	Node participates in at least one evidence-gated exported mechanism edge.
NODE06065	signaling_cascade	module20_24_export	Node participates in at least one evidence-gated exported mechanism edge.
NODE06066	signaling_cascade	module20_24_export	Node participates in at least one evidence-gated exported mechanism edge.
NODE06066	target_gene	register_target_gene_layer	edge=M22B-E006536; evidence=M22B-EVID-006709 || edge=M22B-E007217; evidence=M22B-EVID-007390 || edge=M22B-E007486; evidence=M22B-EVID-007659 || edge=M22B-E008694; evidence=M22B-EVID-008867
NODE06067	signaling_cascade	module20_24_export	Node participates in at least one evidence-gated exported mechanism edge.
NODE06067	target_gene	register_target_gene_layer	edge=M22B-E007218; evidence=M22B-EVID-007391
NODE06068	signaling_cascade	module20_24_export	Node participates in at least one evidence-gated exported mechanism edge.
NODE06069	ligand	register_ligand_receptor_layer	edge=M20B-E004212; evidence=M20B-EVID-004212;M20B-EVID-004212-P2-DIRECT;M20B-EVID-004212-P2-FUNC;M20B-EVID-004212-P2-RELAY || edge=M20B-E004213; evidence=M20B-EVID-004213;M20B-EVID-004213-P2-DIRECT;M20B-EVID-004213-P2-FUNC;M20B-EVID-004213-P2-RELAY
NODE06069	signaling_cascade	module20_24_export	Node participates in at least one evidence-gated exported mechanism edge.
NODE06070	ligand	register_ligand_receptor_layer	edge=M23B-E001186; evidence=M23B-EVID-EXPAND23A-130
NODE06070	signaling_cascade	module20_24_export	Node participates in at least one evidence-gated exported mechanism edge.
NODE06071	ligand	register_ligand_receptor_layer	edge=M23B-E000672; evidence=M23B-EVID-000895
NODE06071	signaling_cascade	module20_24_export	Node participates in at least one evidence-gated exported mechanism edge.
NODE06072	signaling_cascade	module20_24_export	Node participates in at least one evidence-gated exported mechanism edge.
NODE06073	signaling_cascade	module20_24_export	Node participates in at least one evidence-gated exported mechanism edge.
NODE06074	signaling_cascade	module20_24_export	Node participates in at least one evidence-gated exported mechanism edge.
NODE06075	signaling_cascade	module20_24_export	Node participates in at least one evidence-gated exported mechanism edge.
NODE06076	signaling_cascade	module20_24_export	Node participates in at least one evidence-gated exported mechanism edge.
NODE06077	signaling_cascade	module20_24_export	Node participates in at least one evidence-gated exported mechanism edge.
NODE06078	signaling_cascade	module20_24_export	Node participates in at least one evidence-gated exported mechanism edge.
NODE06079	signaling_cascade	module20_24_export	Node participates in at least one evidence-gated exported mechanism edge.
NODE06080	signaling_cascade	module20_24_export	Node participates in at least one evidence-gated exported mechanism edge.
NODE06081	signaling_cascade	module20_24_export	Node participates in at least one evidence-gated exported mechanism edge.
NODE06082	signaling_cascade	module20_24_export	Node participates in at least one evidence-gated exported mechanism edge.
NODE06082	target_gene	register_target_gene_layer	edge=M22B-E006791; evidence=M22B-EVID-006964
NODE06083	signaling_cascade	module20_24_export	Node participates in at least one evidence-gated exported mechanism edge.
NODE06084	signaling_cascade	module20_24_export	Node participates in at least one evidence-gated exported mechanism edge.
NODE06085	signaling_cascade	module20_24_export	Node participates in at least one evidence-gated exported mechanism edge.
NODE06086	signaling_cascade	module20_24_export	Node participates in at least one evidence-gated exported mechanism edge.
NODE06087	signaling_cascade	module20_24_export	Node participates in at least one evidence-gated exported mechanism edge.
NODE06087	target_gene	register_target_gene_layer	edge=M22B-E006266; evidence=M22B-EVID-006439 || edge=M22B-E008419; evidence=M22B-EVID-008592
NODE06088	signaling_cascade	module20_24_export	Node participates in at least one evidence-gated exported mechanism edge.
NODE06089	signaling_cascade	module20_24_export	Node participates in at least one evidence-gated exported mechanism edge.
NODE06090	signaling_cascade	module20_24_export	Node participates in at least one evidence-gated exported mechanism edge.
NODE06091	signaling_cascade	module20_24_export	Node participates in at least one evidence-gated exported mechanism edge.
NODE06092	signaling_cascade	module20_24_export	Node participates in at least one evidence-gated exported mechanism edge.
NODE06093	signaling_cascade	module20_24_export	Node participates in at least one evidence-gated exported mechanism edge.
NODE06094	signaling_cascade	module20_24_export	Node participates in at least one evidence-gated exported mechanism edge.
NODE06095	signaling_cascade	module20_24_export	Node participates in at least one evidence-gated exported mechanism edge.
NODE06096	signaling_cascade	module20_24_export	Node participates in at least one evidence-gated exported mechanism edge.
NODE06096	target_gene	register_target_gene_layer	edge=M22B-E010534; evidence=M22B-EVID-010646 || edge=M22B-E010535; evidence=M22B-EVID-010646
NODE06097	signaling_cascade	module20_24_export	Node participates in at least one evidence-gated exported mechanism edge.
NODE06098	signaling_cascade	module20_24_export	Node participates in at least one evidence-gated exported mechanism edge.
NODE06099	signaling_cascade	module20_24_export	Node participates in at least one evidence-gated exported mechanism edge.
NODE06100	receptor	register_ligand_receptor_layer	edge=M20B-E002521; evidence=M20B-EVID-002521;M20B-EVID-PROMO-20260826-043
NODE06100	signaling_cascade	module20_24_export	Node participates in at least one evidence-gated exported mechanism edge.
NODE06100	target_gene	register_target_gene_layer	edge=M22B-E010536; evidence=M22B-EVID-010647 || edge=M22B-E010537; evidence=M22B-EVID-010647
NODE06101	signaling_cascade	module20_24_export	Node participates in at least one evidence-gated exported mechanism edge.
NODE06102	receptor	register_ligand_receptor_layer	edge=M20B-E002522; evidence=M20B-EVID-002522
NODE06102	signaling_cascade	module20_24_export	Node participates in at least one evidence-gated exported mechanism edge.
NODE06102	target_gene	register_target_gene_layer	edge=M22B-E010389; evidence=M22B-EVID-010561 || edge=M22B-E010538; evidence=M22B-EVID-010648 || edge=M22B-E010539; evidence=M22B-EVID-010648 || edge=M22B-E010540; evidence=M22B-EVID-010649
NODE06103	signaling_cascade	module20_24_export	Node participates in at least one evidence-gated exported mechanism edge.
NODE06104	signaling_cascade	module20_24_export	Node participates in at least one evidence-gated exported mechanism edge.
NODE06105	receptor	register_ligand_receptor_layer	edge=M20B-E001796; evidence=M20B-EVID-001796 || edge=M20B-E004131; evidence=M20B-EVID-004131;M20B-EVID-004131-P2-DIRECT;M20B-EVID-004131-P2-FUNC;M20B-EVID-004131-P2-RELAY || edge=M20B-E004409; evidence=M20B-EVID-004409;M20B-EVID-004409-P2-DIRECT;M20B-EVID-004409-P2-FUNC;M20B-EVID-004409-P2-RELAY
NODE06105	signaling_cascade	module20_24_export	Node participates in at least one evidence-gated exported mechanism edge.
NODE06105	target_gene	register_target_gene_layer	edge=M22B-E010411; evidence=M22B-EVID-010583
NODE06106	receptor	register_ligand_receptor_layer	edge=M23B-E000980; evidence=M23B-EVID-001325
NODE06106	signaling_cascade	module20_24_export	Node participates in at least one evidence-gated exported mechanism edge.
NODE06107	signaling_cascade	module20_24_export	Node participates in at least one evidence-gated exported mechanism edge.
NODE06107	target_gene	register_target_gene_layer	edge=M22B-E007811; evidence=M22B-EVID-007984
NODE06108	signaling_cascade	module20_24_export	Node participates in at least one evidence-gated exported mechanism edge.
NODE06109	signaling_cascade	module20_24_export	Node participates in at least one evidence-gated exported mechanism edge.
NODE06110	signaling_cascade	module20_24_export	Node participates in at least one evidence-gated exported mechanism edge.
NODE06111	signaling_cascade	module20_24_export	Node participates in at least one evidence-gated exported mechanism edge.
NODE06111	target_gene	register_target_gene_layer	edge=M22B-E005742; evidence=M22B-EVID-005915 || edge=M22B-E006072; evidence=M22B-EVID-006245 || edge=M22B-E006386; evidence=M22B-EVID-006559 || edge=M22B-E007219; evidence=M22B-EVID-007392 || edge=M22B-E007487; evidence=M22B-EVID-007660 || edge=M22B-E008236; evidence=M22B-EVID-008409 || edge=M22B-E008546; evidence=M22B-EVID-008719
NODE06112	signaling_cascade	module20_24_export	Node participates in at least one evidence-gated exported mechanism edge.
NODE06113	signaling_cascade	module20_24_export	Node participates in at least one evidence-gated exported mechanism edge.
NODE06113	target_gene	register_target_gene_layer	edge=M22B-E006792; evidence=M22B-EVID-006965 || edge=M22B-E007812; evidence=M22B-EVID-007985 || edge=M22B-E008933; evidence=M22B-EVID-009106 || edge=M22B-E009261; evidence=M22B-EVID-009434
NODE06114	signaling_cascade	module20_24_export	Node participates in at least one evidence-gated exported mechanism edge.
NODE06115	signaling_cascade	module20_24_export	Node participates in at least one evidence-gated exported mechanism edge.
NODE06115	target_gene	register_target_gene_layer	edge=M22B-E007220; evidence=M22B-EVID-007393
NODE06116	signaling_cascade	module20_24_export	Node participates in at least one evidence-gated exported mechanism edge.
NODE06117	signaling_cascade	module20_24_export	Node participates in at least one evidence-gated exported mechanism edge.
NODE06118	signaling_cascade	module20_24_export	Node participates in at least one evidence-gated exported mechanism edge.
NODE06119	signaling_cascade	module20_24_export	Node participates in at least one evidence-gated exported mechanism edge.
NODE06120	signaling_cascade	module20_24_export	Node participates in at least one evidence-gated exported mechanism edge.
NODE06121	signaling_cascade	module20_24_export	Node participates in at least one evidence-gated exported mechanism edge.
NODE06122	signaling_cascade	module20_24_export	Node participates in at least one evidence-gated exported mechanism edge.
NODE06123	signaling_cascade	module20_24_export	Node participates in at least one evidence-gated exported mechanism edge.
NODE06124	signaling_cascade	module20_24_export	Node participates in at least one evidence-gated exported mechanism edge.
NODE06125	signaling_cascade	module20_24_export	Node participates in at least one evidence-gated exported mechanism edge.
NODE06126	signaling_cascade	module20_24_export	Node participates in at least one evidence-gated exported mechanism edge.
NODE06127	signaling_cascade	module20_24_export	Node participates in at least one evidence-gated exported mechanism edge.
NODE06128	signaling_cascade	module20_24_export	Node participates in at least one evidence-gated exported mechanism edge.
NODE06129	signaling_cascade	module20_24_export	Node participates in at least one evidence-gated exported mechanism edge.
NODE06130	ligand	register_ligand_receptor_layer	edge=M20B-E004218; evidence=M20B-EVID-004218;M20B-EVID-004218-P2-DIRECT;M20B-EVID-004218-P2-FUNC;M20B-EVID-004218-P2-RELAY || edge=M20B-E004219; evidence=M20B-EVID-004219;M20B-EVID-004219-P2-DIRECT;M20B-EVID-004219-P2-FUNC;M20B-EVID-004219-P2-RELAY || edge=M20B-E004222; evidence=M20B-EVID-004222;M20B-EVID-004222-P2-DIRECT;M20B-EVID-004222-P2-FUNC;M20B-EVID-004222-P2-RELAY || edge=M20B-E004224; evidence=M20B-EVID-004224;M20B-EVID-004224-P2-DIRECT;M20B-EVID-004224-P2-FUNC;M20B-EVID-004224-P2-RELAY || edge=M20B-E004225; evidence=M20B-EVID-004225;M20B-EVID-004225-P2-DIRECT;M20B-EVID-004225-P2-FUNC;M20B-EVID-004225-P2-RELAY || edge=M20B-E004226; evidence=M20B-EVID-004226;M20B-EVID-004226-P2-DIRECT;M20B-EVID-004226-P2-FUNC;M20B-EVID-004226-P2-RELAY || edge=M20B-E004227; evidence=M20B-EVID-004227;M20B-EVID-004227-P2-DIRECT;M20B-EVID-004227-P2-FUNC;M20B-EVID-004227-P2-RELAY || edge=M20B-E004230; evidence=M20B-EVID-004230;M20B-EVID-004230-P2-DIRECT;M20B-EVID-004230-P2-FUNC;M20B-EVID-004230-P2-RELAY
NODE06130	signaling_cascade	module20_24_export	Node participates in at least one evidence-gated exported mechanism edge.
NODE06130	target_gene	register_target_gene_layer	edge=M22B-E009719; evidence=M22B-EVID-009892
NODE06131	signaling_cascade	module20_24_export	Node participates in at least one evidence-gated exported mechanism edge.
NODE06132	signaling_cascade	module20_24_export	Node participates in at least one evidence-gated exported mechanism edge.
NODE06133	ligand	register_ligand_receptor_layer	edge=M23B-E000975; evidence=M23B-EVID-001320
NODE06133	signaling_cascade	module20_24_export	Node participates in at least one evidence-gated exported mechanism edge.
NODE06134	signaling_cascade	module20_24_export	Node participates in at least one evidence-gated exported mechanism edge.
NODE06134	target_gene	register_target_gene_layer	edge=M22B-E006267; evidence=M22B-EVID-006440 || edge=M22B-E006793; evidence=M22B-EVID-006966 || edge=M22B-E007813; evidence=M22B-EVID-007986 || edge=M22B-E008237; evidence=M22B-EVID-008410 || edge=M22B-E008420; evidence=M22B-EVID-008593 || edge=M22B-E008934; evidence=M22B-EVID-009107 || edge=M22B-E009262; evidence=M22B-EVID-009435 || edge=M22B-E009569; evidence=M22B-EVID-009742 || edge=M22B-E009907; evidence=M22B-EVID-010080 || edge=M22B-E009985; evidence=M22B-EVID-010158
NODE06135	signaling_cascade	module20_24_export	Node participates in at least one evidence-gated exported mechanism edge.
NODE06136	signaling_cascade	module20_24_export	Node participates in at least one evidence-gated exported mechanism edge.
NODE06137	signaling_cascade	module20_24_export	Node participates in at least one evidence-gated exported mechanism edge.
NODE06138	signaling_cascade	module20_24_export	Node participates in at least one evidence-gated exported mechanism edge.
NODE06139	signaling_cascade	module20_24_export	Node participates in at least one evidence-gated exported mechanism edge.
NODE06140	signaling_cascade	module20_24_export	Node participates in at least one evidence-gated exported mechanism edge.
NODE06141	signaling_cascade	module20_24_export	Node participates in at least one evidence-gated exported mechanism edge.
NODE06142	signaling_cascade	module20_24_export	Node participates in at least one evidence-gated exported mechanism edge.
NODE06142	target_gene	register_target_gene_layer	edge=M22B-E007008; evidence=M22B-EVID-007181 || edge=M22B-E007814; evidence=M22B-EVID-007987
NODE06143	signaling_cascade	module20_24_export	Node participates in at least one evidence-gated exported mechanism edge.
NODE06143	transcription_factor	register_target_gene_layer	edge=M22B-E010516; evidence=M22B-EVID-010631
NODE06144	signaling_cascade	module20_24_export	Node participates in at least one evidence-gated exported mechanism edge.
NODE06145	signaling_cascade	module20_24_export	Node participates in at least one evidence-gated exported mechanism edge.
NODE06145	target_gene	register_target_gene_layer	edge=M22B-E007488; evidence=M22B-EVID-007661
NODE06146	signaling_cascade	module20_24_export	Node participates in at least one evidence-gated exported mechanism edge.
NODE06147	signaling_cascade	module20_24_export	Node participates in at least one evidence-gated exported mechanism edge.
NODE06148	signaling_cascade	module20_24_export	Node participates in at least one evidence-gated exported mechanism edge.
NODE06149	signaling_cascade	module20_24_export	Node participates in at least one evidence-gated exported mechanism edge.
NODE06150	signaling_cascade	module20_24_export	Node participates in at least one evidence-gated exported mechanism edge.
NODE06150	transcription_factor	register_target_gene_layer	edge=M22B-E010331; evidence=M22B-EVID-010503
NODE06151	signaling_cascade	module20_24_export	Node participates in at least one evidence-gated exported mechanism edge.
NODE06152	signaling_cascade	module20_24_export	Node participates in at least one evidence-gated exported mechanism edge.
NODE06153	signaling_cascade	module20_24_export	Node participates in at least one evidence-gated exported mechanism edge.
NODE06153	target_gene	register_target_gene_layer	edge=M22B-E009444; evidence=M22B-EVID-009617
NODE06154	signaling_cascade	module20_24_export	Node participates in at least one evidence-gated exported mechanism edge.
NODE06155	signaling_cascade	module20_24_export	Node participates in at least one evidence-gated exported mechanism edge.
NODE06156	signaling_cascade	module20_24_export	Node participates in at least one evidence-gated exported mechanism edge.
NODE06157	signaling_cascade	module20_24_export	Node participates in at least one evidence-gated exported mechanism edge.
NODE06158	signaling_cascade	module20_24_export	Node participates in at least one evidence-gated exported mechanism edge.
NODE06159	signaling_cascade	module20_24_export	Node participates in at least one evidence-gated exported mechanism edge.
NODE06160	signaling_cascade	module20_24_export	Node participates in at least one evidence-gated exported mechanism edge.
NODE06161	signaling_cascade	module20_24_export	Node participates in at least one evidence-gated exported mechanism edge.
NODE06162	signaling_cascade	module20_24_export	Node participates in at least one evidence-gated exported mechanism edge.
NODE06162	target_gene	register_target_gene_layer	edge=M22B-E006794; evidence=M22B-EVID-006967 || edge=M22B-E008935; evidence=M22B-EVID-009108
NODE06163	signaling_cascade	module20_24_export	Node participates in at least one evidence-gated exported mechanism edge.
NODE06163	target_gene	register_target_gene_layer	edge=M22B-E006795; evidence=M22B-EVID-006968 || edge=M22B-E008936; evidence=M22B-EVID-009109
NODE06164	signaling_cascade	module20_24_export	Node participates in at least one evidence-gated exported mechanism edge.
NODE06165	signaling_cascade	module20_24_export	Node participates in at least one evidence-gated exported mechanism edge.
NODE06166	signaling_cascade	module20_24_export	Node participates in at least one evidence-gated exported mechanism edge.
NODE06166	target_gene	register_target_gene_layer	edge=M22B-E006185; evidence=M22B-EVID-006358 || edge=M22B-E006796; evidence=M22B-EVID-006969 || edge=M22B-E008336; evidence=M22B-EVID-008509 || edge=M22B-E008937; evidence=M22B-EVID-009110
NODE06167	signaling_cascade	module20_24_export	Node participates in at least one evidence-gated exported mechanism edge.
NODE06168	ligand	register_ligand_receptor_layer	edge=M20B-E004234; evidence=M20B-EVID-004234
NODE06168	signaling_cascade	module20_24_export	Node participates in at least one evidence-gated exported mechanism edge.
NODE06169	signaling_cascade	module20_24_export	Node participates in at least one evidence-gated exported mechanism edge.
NODE06170	receptor	register_ligand_receptor_layer	edge=M20B-E003525; evidence=M20B-EVID-003525;M20B-EVID-005318-P2-RELAY;M20B-EVID-005321-P2-FUNC || edge=M20B-E004596; evidence=M20B-EVID-004596;M20B-EVID-004596-P2-DIRECT;M20B-EVID-004596-P2-FUNC;M20B-EVID-004596-P2-RELAY
NODE06170	signaling_cascade	module20_24_export	Node participates in at least one evidence-gated exported mechanism edge.
NODE06170	target_gene	register_target_gene_layer	edge=M22B-E010531; evidence=M22B-EVID-010643 || edge=M22B-E010562; evidence=M22B-EVID-010661 || edge=M22B-E010563; evidence=M22B-EVID-010661 || edge=M22B-E010636; evidence=M22B-EVID-010732
NODE06171	signaling_cascade	module20_24_export	Node participates in at least one evidence-gated exported mechanism edge.
NODE06172	signaling_cascade	module20_24_export	Node participates in at least one evidence-gated exported mechanism edge.
NODE06173	signaling_cascade	module20_24_export	Node participates in at least one evidence-gated exported mechanism edge.
NODE06174	receptor	register_ligand_receptor_layer	edge=M20B-E003231; evidence=M20B-EVID-003231 || edge=M20B-E004865; evidence=M20B-EVID-004865;M20B-EVID-004865-P2-FUNC;M20B-EVID-004865-P2-RELAY || edge=M20B-E004870; evidence=M20B-EVID-004870;M20B-EVID-004870-P2-FUNC;M20B-EVID-004870-P2-RELAY
NODE06174	signaling_cascade	module20_24_export	Node participates in at least one evidence-gated exported mechanism edge.
NODE06174	target_gene	register_target_gene_layer	edge=M22B-E006073; evidence=M22B-EVID-006246 || edge=M22B-E006186; evidence=M22B-EVID-006359 || edge=M22B-E006387; evidence=M22B-EVID-006560 || edge=M22B-E006537; evidence=M22B-EVID-006710 || edge=M22B-E006797; evidence=M22B-EVID-006970 || edge=M22B-E007489; evidence=M22B-EVID-007662 || edge=M22B-E007815; evidence=M22B-EVID-007988 || edge=M22B-E009661; evidence=M22B-EVID-009834
NODE06175	signaling_cascade	module20_24_export	Node participates in at least one evidence-gated exported mechanism edge.
NODE06176	signaling_cascade	module20_24_export	Node participates in at least one evidence-gated exported mechanism edge.
NODE06177	signaling_cascade	module20_24_export	Node participates in at least one evidence-gated exported mechanism edge.
NODE06178	signaling_cascade	module20_24_export	Node participates in at least one evidence-gated exported mechanism edge.
NODE06179	signaling_cascade	module20_24_export	Node participates in at least one evidence-gated exported mechanism edge.
NODE06180	signaling_cascade	module20_24_export	Node participates in at least one evidence-gated exported mechanism edge.
NODE06181	signaling_cascade	module20_24_export	Node participates in at least one evidence-gated exported mechanism edge.
NODE06181	target_gene	register_target_gene_layer	edge=M22B-E006798; evidence=M22B-EVID-006971 || edge=M22B-E008938; evidence=M22B-EVID-009111
NODE06182	signaling_cascade	module20_24_export	Node participates in at least one evidence-gated exported mechanism edge.
NODE06182	target_gene	register_target_gene_layer	edge=M22B-E006799; evidence=M22B-EVID-006972
NODE06183	signaling_cascade	module20_24_export	Node participates in at least one evidence-gated exported mechanism edge.
NODE06183	target_gene	register_target_gene_layer	edge=M22B-E008939; evidence=M22B-EVID-009112
NODE06184	ligand	register_ligand_receptor_layer	edge=M20B-E004236; evidence=M20B-EVID-004236
NODE06184	signaling_cascade	module20_24_export	Node participates in at least one evidence-gated exported mechanism edge.
NODE06185	signaling_cascade	module20_24_export	Node participates in at least one evidence-gated exported mechanism edge.
NODE06186	signaling_cascade	module20_24_export	Node participates in at least one evidence-gated exported mechanism edge.
NODE06187	signaling_cascade	module20_24_export	Node participates in at least one evidence-gated exported mechanism edge.
NODE06188	signaling_cascade	module20_24_export	Node participates in at least one evidence-gated exported mechanism edge.
NODE06189	ligand	register_ligand_receptor_layer	edge=M20B-E004238; evidence=M20B-EVID-004238;M20B-EVID-004238-P2-DIRECT;M20B-EVID-004238-P2-FUNC;M20B-EVID-004238-P2-RELAY || edge=M20B-E004239; evidence=M20B-EVID-004239;M20B-EVID-004239-P2-DIRECT;M20B-EVID-004239-P2-FUNC;M20B-EVID-004239-P2-RELAY || edge=M20B-E004240; evidence=M20B-EVID-004240;M20B-EVID-004240-P2-DIRECT;M20B-EVID-004240-P2-FUNC;M20B-EVID-004240-P2-PDGFRB-DIRECT;M20B-EVID-004240-P2-PDGFRB-FUNC;M20B-EVID-004240-P2-PDGFRB-RELAY;M20B-EVID-004240-P2-RELAY
NODE06189	signaling_cascade	module20_24_export	Node participates in at least one evidence-gated exported mechanism edge.
NODE06190	ligand	register_ligand_receptor_layer	edge=M23B-E001067; evidence=M23B-EVID-001440 || edge=M23B-E001070; evidence=M23B-EVID-001443
NODE06190	signaling_cascade	module20_24_export	Node participates in at least one evidence-gated exported mechanism edge.
NODE06191	signaling_cascade	module20_24_export	Node participates in at least one evidence-gated exported mechanism edge.
NODE06192	signaling_cascade	module20_24_export	Node participates in at least one evidence-gated exported mechanism edge.
NODE06192	target_gene	register_target_gene_layer	edge=M22B-E009859; evidence=M22B-EVID-010032
NODE06193	signaling_cascade	module20_24_export	Node participates in at least one evidence-gated exported mechanism edge.
NODE06194	receptor	register_ligand_receptor_layer	edge=M24B-E000083; evidence=M24B-EVID-000119
NODE06194	signaling_cascade	module20_24_export	Node participates in at least one evidence-gated exported mechanism edge.
NODE06195	signaling_cascade	module20_24_export	Node participates in at least one evidence-gated exported mechanism edge.
NODE06196	signaling_cascade	module20_24_export	Node participates in at least one evidence-gated exported mechanism edge.
NODE06196	target_gene	register_target_gene_layer	edge=M22B-E009860; evidence=M22B-EVID-010033
NODE06197	signaling_cascade	module20_24_export	Node participates in at least one evidence-gated exported mechanism edge.
NODE06197	target_gene	register_target_gene_layer	edge=M22B-E006074; evidence=M22B-EVID-006247 || edge=M22B-E008238; evidence=M22B-EVID-008411
NODE06198	signaling_cascade	module20_24_export	Node participates in at least one evidence-gated exported mechanism edge.
NODE06198	target_gene	register_target_gene_layer	edge=M22B-E006075; evidence=M22B-EVID-006248 || edge=M22B-E008239; evidence=M22B-EVID-008412
NODE06199	signaling_cascade	module20_24_export	Node participates in at least one evidence-gated exported mechanism edge.
NODE06200	signaling_cascade	module20_24_export	Node participates in at least one evidence-gated exported mechanism edge.
NODE06201	signaling_cascade	module20_24_export	Node participates in at least one evidence-gated exported mechanism edge.
NODE06202	signaling_cascade	module20_24_export	Node participates in at least one evidence-gated exported mechanism edge.
NODE06203	signaling_cascade	module20_24_export	Node participates in at least one evidence-gated exported mechanism edge.
NODE06204	signaling_cascade	module20_24_export	Node participates in at least one evidence-gated exported mechanism edge.
NODE06205	signaling_cascade	module20_24_export	Node participates in at least one evidence-gated exported mechanism edge.
NODE06206	signaling_cascade	module20_24_export	Node participates in at least one evidence-gated exported mechanism edge.
NODE06206	target_gene	register_target_gene_layer	edge=M22B-E007816; evidence=M22B-EVID-007989 || edge=M22B-E009263; evidence=M22B-EVID-009436
NODE06207	signaling_cascade	module20_24_export	Node participates in at least one evidence-gated exported mechanism edge.
NODE06207	target_gene	register_target_gene_layer	edge=M22B-E006538; evidence=M22B-EVID-006711 || edge=M22B-E008695; evidence=M22B-EVID-008868 || edge=M22B-E009861; evidence=M22B-EVID-010034
NODE06208	signaling_cascade	module20_24_export	Node participates in at least one evidence-gated exported mechanism edge.
NODE06208	target_gene	register_target_gene_layer	edge=M22B-E006800; evidence=M22B-EVID-006973 || edge=M22B-E008940; evidence=M22B-EVID-009113
NODE06209	signaling_cascade	module20_24_export	Node participates in at least one evidence-gated exported mechanism edge.
NODE06210	signaling_cascade	module20_24_export	Node participates in at least one evidence-gated exported mechanism edge.
NODE06211	signaling_cascade	module20_24_export	Node participates in at least one evidence-gated exported mechanism edge.
NODE06212	signaling_cascade	module20_24_export	Node participates in at least one evidence-gated exported mechanism edge.
NODE06213	ligand	register_ligand_receptor_layer	edge=M23B-E000678; evidence=M23B-EVID-000902 || edge=M23B-E000783; evidence=M23B-EVID-001058
NODE06213	signaling_cascade	module20_24_export	Node participates in at least one evidence-gated exported mechanism edge.
NODE06214	signaling_cascade	module20_24_export	Node participates in at least one evidence-gated exported mechanism edge.
NODE06215	signaling_cascade	module20_24_export	Node participates in at least one evidence-gated exported mechanism edge.
NODE06216	signaling_cascade	module20_24_export	Node participates in at least one evidence-gated exported mechanism edge.
NODE06217	signaling_cascade	module20_24_export	Node participates in at least one evidence-gated exported mechanism edge.
NODE06217	target_gene	register_target_gene_layer	edge=M22B-E009409; evidence=M22B-EVID-009582 || edge=M22B-E009570; evidence=M22B-EVID-009743
NODE06218	signaling_cascade	module20_24_export	Node participates in at least one evidence-gated exported mechanism edge.
NODE06218	target_gene	register_target_gene_layer	edge=M22B-E007817; evidence=M22B-EVID-007990 || edge=M22B-E009264; evidence=M22B-EVID-009437
NODE06219	signaling_cascade	module20_24_export	Node participates in at least one evidence-gated exported mechanism edge.
NODE06219	target_gene	register_target_gene_layer	edge=M22B-E009571; evidence=M22B-EVID-009744
NODE06220	signaling_cascade	module20_24_export	Node participates in at least one evidence-gated exported mechanism edge.
NODE06221	signaling_cascade	module20_24_export	Node participates in at least one evidence-gated exported mechanism edge.
NODE06222	signaling_cascade	module20_24_export	Node participates in at least one evidence-gated exported mechanism edge.
NODE06223	signaling_cascade	module20_24_export	Node participates in at least one evidence-gated exported mechanism edge.
NODE06224	signaling_cascade	module20_24_export	Node participates in at least one evidence-gated exported mechanism edge.
NODE06225	signaling_cascade	module20_24_export	Node participates in at least one evidence-gated exported mechanism edge.
NODE06226	signaling_cascade	module20_24_export	Node participates in at least one evidence-gated exported mechanism edge.
NODE06227	signaling_cascade	module20_24_export	Node participates in at least one evidence-gated exported mechanism edge.
NODE06228	signaling_cascade	module20_24_export	Node participates in at least one evidence-gated exported mechanism edge.
NODE06229	signaling_cascade	module20_24_export	Node participates in at least one evidence-gated exported mechanism edge.
NODE06230	signaling_cascade	module20_24_export	Node participates in at least one evidence-gated exported mechanism edge.
NODE06231	signaling_cascade	module20_24_export	Node participates in at least one evidence-gated exported mechanism edge.
NODE06232	signaling_cascade	module20_24_export	Node participates in at least one evidence-gated exported mechanism edge.
NODE06233	signaling_cascade	module20_24_export	Node participates in at least one evidence-gated exported mechanism edge.
NODE06234	signaling_cascade	module20_24_export	Node participates in at least one evidence-gated exported mechanism edge.
NODE06235	signaling_cascade	module20_24_export	Node participates in at least one evidence-gated exported mechanism edge.
NODE06236	signaling_cascade	module20_24_export	Node participates in at least one evidence-gated exported mechanism edge.
NODE06237	signaling_cascade	module20_24_export	Node participates in at least one evidence-gated exported mechanism edge.
NODE06238	signaling_cascade	module20_24_export	Node participates in at least one evidence-gated exported mechanism edge.
NODE06239	signaling_cascade	module20_24_export	Node participates in at least one evidence-gated exported mechanism edge.
NODE06240	signaling_cascade	module20_24_export	Node participates in at least one evidence-gated exported mechanism edge.
NODE06241	signaling_cascade	module20_24_export	Node participates in at least one evidence-gated exported mechanism edge.
NODE06242	signaling_cascade	module20_24_export	Node participates in at least one evidence-gated exported mechanism edge.
NODE06243	signaling_cascade	module20_24_export	Node participates in at least one evidence-gated exported mechanism edge.
NODE06244	signaling_cascade	module20_24_export	Node participates in at least one evidence-gated exported mechanism edge.
NODE06245	signaling_cascade	module20_24_export	Node participates in at least one evidence-gated exported mechanism edge.
NODE06246	signaling_cascade	module20_24_export	Node participates in at least one evidence-gated exported mechanism edge.
NODE06247	signaling_cascade	module20_24_export	Node participates in at least one evidence-gated exported mechanism edge.
NODE06248	signaling_cascade	module20_24_export	Node participates in at least one evidence-gated exported mechanism edge.
NODE06249	signaling_cascade	module20_24_export	Node participates in at least one evidence-gated exported mechanism edge.
NODE06250	signaling_cascade	module20_24_export	Node participates in at least one evidence-gated exported mechanism edge.
NODE06251	signaling_cascade	module20_24_export	Node participates in at least one evidence-gated exported mechanism edge.
NODE06252	signaling_cascade	module20_24_export	Node participates in at least one evidence-gated exported mechanism edge.
NODE06253	signaling_cascade	module20_24_export	Node participates in at least one evidence-gated exported mechanism edge.
NODE06254	signaling_cascade	module20_24_export	Node participates in at least one evidence-gated exported mechanism edge.
NODE06255	signaling_cascade	module20_24_export	Node participates in at least one evidence-gated exported mechanism edge.
NODE06256	signaling_cascade	module20_24_export	Node participates in at least one evidence-gated exported mechanism edge.
NODE06257	signaling_cascade	module20_24_export	Node participates in at least one evidence-gated exported mechanism edge.
NODE06258	signaling_cascade	module20_24_export	Node participates in at least one evidence-gated exported mechanism edge.
NODE06259	signaling_cascade	module20_24_export	Node participates in at least one evidence-gated exported mechanism edge.
NODE06260	signaling_cascade	module20_24_export	Node participates in at least one evidence-gated exported mechanism edge.
NODE06261	signaling_cascade	module20_24_export	Node participates in at least one evidence-gated exported mechanism edge.
NODE06262	signaling_cascade	module20_24_export	Node participates in at least one evidence-gated exported mechanism edge.
NODE06263	signaling_cascade	module20_24_export	Node participates in at least one evidence-gated exported mechanism edge.
NODE06264	signaling_cascade	module20_24_export	Node participates in at least one evidence-gated exported mechanism edge.
NODE06265	signaling_cascade	module20_24_export	Node participates in at least one evidence-gated exported mechanism edge.
NODE06266	signaling_cascade	module20_24_export	Node participates in at least one evidence-gated exported mechanism edge.
NODE06267	signaling_cascade	module20_24_export	Node participates in at least one evidence-gated exported mechanism edge.
NODE06268	signaling_cascade	module20_24_export	Node participates in at least one evidence-gated exported mechanism edge.
NODE06269	signaling_cascade	module20_24_export	Node participates in at least one evidence-gated exported mechanism edge.
NODE06270	signaling_cascade	module20_24_export	Node participates in at least one evidence-gated exported mechanism edge.
NODE06271	signaling_cascade	module20_24_export	Node participates in at least one evidence-gated exported mechanism edge.
NODE06272	signaling_cascade	module20_24_export	Node participates in at least one evidence-gated exported mechanism edge.
NODE06273	signaling_cascade	module20_24_export	Node participates in at least one evidence-gated exported mechanism edge.
NODE06274	signaling_cascade	module20_24_export	Node participates in at least one evidence-gated exported mechanism edge.
NODE06275	signaling_cascade	module20_24_export	Node participates in at least one evidence-gated exported mechanism edge.
NODE06276	signaling_cascade	module20_24_export	Node participates in at least one evidence-gated exported mechanism edge.
NODE06277	signaling_cascade	module20_24_export	Node participates in at least one evidence-gated exported mechanism edge.
NODE06278	signaling_cascade	module20_24_export	Node participates in at least one evidence-gated exported mechanism edge.
NODE06279	signaling_cascade	module20_24_export	Node participates in at least one evidence-gated exported mechanism edge.
NODE06280	signaling_cascade	module20_24_export	Node participates in at least one evidence-gated exported mechanism edge.
NODE06281	signaling_cascade	module20_24_export	Node participates in at least one evidence-gated exported mechanism edge.
NODE06282	signaling_cascade	module20_24_export	Node participates in at least one evidence-gated exported mechanism edge.
NODE06283	signaling_cascade	module20_24_export	Node participates in at least one evidence-gated exported mechanism edge.
NODE06284	signaling_cascade	module20_24_export	Node participates in at least one evidence-gated exported mechanism edge.
NODE06285	signaling_cascade	module20_24_export	Node participates in at least one evidence-gated exported mechanism edge.
NODE06286	signaling_cascade	module20_24_export	Node participates in at least one evidence-gated exported mechanism edge.
NODE06287	signaling_cascade	module20_24_export	Node participates in at least one evidence-gated exported mechanism edge.
NODE06288	signaling_cascade	module20_24_export	Node participates in at least one evidence-gated exported mechanism edge.
NODE06289	signaling_cascade	module20_24_export	Node participates in at least one evidence-gated exported mechanism edge.
NODE06290	signaling_cascade	module20_24_export	Node participates in at least one evidence-gated exported mechanism edge.
NODE06291	signaling_cascade	module20_24_export	Node participates in at least one evidence-gated exported mechanism edge.
NODE06292	signaling_cascade	module20_24_export	Node participates in at least one evidence-gated exported mechanism edge.
NODE06293	signaling_cascade	module20_24_export	Node participates in at least one evidence-gated exported mechanism edge.
NODE06294	signaling_cascade	module20_24_export	Node participates in at least one evidence-gated exported mechanism edge.
NODE06295	signaling_cascade	module20_24_export	Node participates in at least one evidence-gated exported mechanism edge.
NODE06296	signaling_cascade	module20_24_export	Node participates in at least one evidence-gated exported mechanism edge.
NODE06297	signaling_cascade	module20_24_export	Node participates in at least one evidence-gated exported mechanism edge.
NODE06298	signaling_cascade	module20_24_export	Node participates in at least one evidence-gated exported mechanism edge.
NODE06299	signaling_cascade	module20_24_export	Node participates in at least one evidence-gated exported mechanism edge.
NODE06300	signaling_cascade	module20_24_export	Node participates in at least one evidence-gated exported mechanism edge.
NODE06301	signaling_cascade	module20_24_export	Node participates in at least one evidence-gated exported mechanism edge.
NODE06302	signaling_cascade	module20_24_export	Node participates in at least one evidence-gated exported mechanism edge.
NODE06303	signaling_cascade	module20_24_export	Node participates in at least one evidence-gated exported mechanism edge.
NODE06304	signaling_cascade	module20_24_export	Node participates in at least one evidence-gated exported mechanism edge.
NODE06305	signaling_cascade	module20_24_export	Node participates in at least one evidence-gated exported mechanism edge.
NODE06306	signaling_cascade	module20_24_export	Node participates in at least one evidence-gated exported mechanism edge.
NODE06307	signaling_cascade	module20_24_export	Node participates in at least one evidence-gated exported mechanism edge.
NODE06308	signaling_cascade	module20_24_export	Node participates in at least one evidence-gated exported mechanism edge.
NODE06309	signaling_cascade	module20_24_export	Node participates in at least one evidence-gated exported mechanism edge.
NODE06310	signaling_cascade	module20_24_export	Node participates in at least one evidence-gated exported mechanism edge.
NODE06311	signaling_cascade	module20_24_export	Node participates in at least one evidence-gated exported mechanism edge.
NODE06312	signaling_cascade	module20_24_export	Node participates in at least one evidence-gated exported mechanism edge.
NODE06313	signaling_cascade	module20_24_export	Node participates in at least one evidence-gated exported mechanism edge.
NODE06314	signaling_cascade	module20_24_export	Node participates in at least one evidence-gated exported mechanism edge.
NODE06315	signaling_cascade	module20_24_export	Node participates in at least one evidence-gated exported mechanism edge.
NODE06316	signaling_cascade	module20_24_export	Node participates in at least one evidence-gated exported mechanism edge.
NODE06317	signaling_cascade	module20_24_export	Node participates in at least one evidence-gated exported mechanism edge.
NODE06318	signaling_cascade	module20_24_export	Node participates in at least one evidence-gated exported mechanism edge.
NODE06319	signaling_cascade	module20_24_export	Node participates in at least one evidence-gated exported mechanism edge.
NODE06320	signaling_cascade	module20_24_export	Node participates in at least one evidence-gated exported mechanism edge.
NODE06321	signaling_cascade	module20_24_export	Node participates in at least one evidence-gated exported mechanism edge.
NODE06322	signaling_cascade	module20_24_export	Node participates in at least one evidence-gated exported mechanism edge.
NODE06323	signaling_cascade	module20_24_export	Node participates in at least one evidence-gated exported mechanism edge.
NODE06324	signaling_cascade	module20_24_export	Node participates in at least one evidence-gated exported mechanism edge.
NODE06325	signaling_cascade	module20_24_export	Node participates in at least one evidence-gated exported mechanism edge.
NODE06326	signaling_cascade	module20_24_export	Node participates in at least one evidence-gated exported mechanism edge.
NODE06327	signaling_cascade	module20_24_export	Node participates in at least one evidence-gated exported mechanism edge.
NODE06328	signaling_cascade	module20_24_export	Node participates in at least one evidence-gated exported mechanism edge.
NODE06329	signaling_cascade	module20_24_export	Node participates in at least one evidence-gated exported mechanism edge.
NODE06330	signaling_cascade	module20_24_export	Node participates in at least one evidence-gated exported mechanism edge.
NODE06331	signaling_cascade	module20_24_export	Node participates in at least one evidence-gated exported mechanism edge.
NODE06332	signaling_cascade	module20_24_export	Node participates in at least one evidence-gated exported mechanism edge.
NODE06333	signaling_cascade	module20_24_export	Node participates in at least one evidence-gated exported mechanism edge.
NODE06334	signaling_cascade	module20_24_export	Node participates in at least one evidence-gated exported mechanism edge.
NODE06335	signaling_cascade	module20_24_export	Node participates in at least one evidence-gated exported mechanism edge.
NODE06336	signaling_cascade	module20_24_export	Node participates in at least one evidence-gated exported mechanism edge.
NODE06337	signaling_cascade	module20_24_export	Node participates in at least one evidence-gated exported mechanism edge.
NODE06338	signaling_cascade	module20_24_export	Node participates in at least one evidence-gated exported mechanism edge.
NODE06339	signaling_cascade	module20_24_export	Node participates in at least one evidence-gated exported mechanism edge.
NODE06340	signaling_cascade	module20_24_export	Node participates in at least one evidence-gated exported mechanism edge.
NODE06341	signaling_cascade	module20_24_export	Node participates in at least one evidence-gated exported mechanism edge.
NODE06342	signaling_cascade	module20_24_export	Node participates in at least one evidence-gated exported mechanism edge.
NODE06343	signaling_cascade	module20_24_export	Node participates in at least one evidence-gated exported mechanism edge.
NODE06344	signaling_cascade	module20_24_export	Node participates in at least one evidence-gated exported mechanism edge.
NODE06345	ligand	register_ligand_receptor_layer	edge=M23B-E000674; evidence=M23B-EVID-000898 || edge=M23B-E000676; evidence=M23B-EVID-000900
NODE06345	signaling_cascade	module20_24_export	Node participates in at least one evidence-gated exported mechanism edge.
NODE06346	signaling_cascade	module20_24_export	Node participates in at least one evidence-gated exported mechanism edge.
NODE06347	signaling_cascade	module20_24_export	Node participates in at least one evidence-gated exported mechanism edge.
NODE06348	ligand	register_ligand_receptor_layer	edge=M20B-E001912; evidence=M20B-EVID-001912 || edge=M20B-E001913; evidence=M20B-EVID-001913 || edge=M20B-E004247; evidence=M20B-EVID-004247;M20B-EVID-004247-P2-DIRECT;M20B-EVID-004247-P2-FUNC;M20B-EVID-004247-P2-RELAY || edge=M20B-E004248; evidence=M20B-EVID-004248;M20B-EVID-004248-P2-DIRECT;M20B-EVID-004248-P2-FUNC;M20B-EVID-004248-P2-RELAY || edge=M23B-E000208; evidence=M23B-EVID-000293
NODE06348	signaling_cascade	module20_24_export	Node participates in at least one evidence-gated exported mechanism edge.
NODE06348	target_gene	register_target_gene_layer	edge=M22B-E006388; evidence=M22B-EVID-006561 || edge=M22B-E007221; evidence=M22B-EVID-007394 || edge=M22B-E008547; evidence=M22B-EVID-008720
NODE06349	signaling_cascade	module20_24_export	Node participates in at least one evidence-gated exported mechanism edge.
NODE06350	signaling_cascade	module20_24_export	Node participates in at least one evidence-gated exported mechanism edge.
NODE06351	signaling_cascade	module20_24_export	Node participates in at least one evidence-gated exported mechanism edge.
NODE06352	signaling_cascade	module20_24_export	Node participates in at least one evidence-gated exported mechanism edge.
NODE06353	signaling_cascade	module20_24_export	Node participates in at least one evidence-gated exported mechanism edge.
NODE06354	signaling_cascade	module20_24_export	Node participates in at least one evidence-gated exported mechanism edge.
NODE06355	signaling_cascade	module20_24_export	Node participates in at least one evidence-gated exported mechanism edge.
NODE06356	signaling_cascade	module20_24_export	Node participates in at least one evidence-gated exported mechanism edge.
NODE06357	signaling_cascade	module20_24_export	Node participates in at least one evidence-gated exported mechanism edge.
NODE06358	signaling_cascade	module20_24_export	Node participates in at least one evidence-gated exported mechanism edge.
NODE06358	target_gene	register_target_gene_layer	edge=M22B-E007222; evidence=M22B-EVID-007395
NODE06359	signaling_cascade	module20_24_export	Node participates in at least one evidence-gated exported mechanism edge.
NODE06360	signaling_cascade	module20_24_export	Node participates in at least one evidence-gated exported mechanism edge.
NODE06361	signaling_cascade	module20_24_export	Node participates in at least one evidence-gated exported mechanism edge.
NODE06362	signaling_cascade	module20_24_export	Node participates in at least one evidence-gated exported mechanism edge.
NODE06363	signaling_cascade	module20_24_export	Node participates in at least one evidence-gated exported mechanism edge.
NODE06364	signaling_cascade	module20_24_export	Node participates in at least one evidence-gated exported mechanism edge.
NODE06365	signaling_cascade	module20_24_export	Node participates in at least one evidence-gated exported mechanism edge.
NODE06366	signaling_cascade	module20_24_export	Node participates in at least one evidence-gated exported mechanism edge.
NODE06367	signaling_cascade	module20_24_export	Node participates in at least one evidence-gated exported mechanism edge.
NODE06368	signaling_cascade	module20_24_export	Node participates in at least one evidence-gated exported mechanism edge.
NODE06369	signaling_cascade	module20_24_export	Node participates in at least one evidence-gated exported mechanism edge.
NODE06370	signaling_cascade	module20_24_export	Node participates in at least one evidence-gated exported mechanism edge.
NODE06371	signaling_cascade	module20_24_export	Node participates in at least one evidence-gated exported mechanism edge.
NODE06372	signaling_cascade	module20_24_export	Node participates in at least one evidence-gated exported mechanism edge.
NODE06373	signaling_cascade	module20_24_export	Node participates in at least one evidence-gated exported mechanism edge.
NODE06374	signaling_cascade	module20_24_export	Node participates in at least one evidence-gated exported mechanism edge.
NODE06375	signaling_cascade	module20_24_export	Node participates in at least one evidence-gated exported mechanism edge.
NODE06376	signaling_cascade	module20_24_export	Node participates in at least one evidence-gated exported mechanism edge.
NODE06376	target_gene	register_target_gene_layer	edge=M22B-E009787; evidence=M22B-EVID-009960
NODE06377	signaling_cascade	module20_24_export	Node participates in at least one evidence-gated exported mechanism edge.
NODE06377	target_gene	register_target_gene_layer	edge=M22B-E009678; evidence=M22B-EVID-009851
NODE06378	signaling_cascade	module20_24_export	Node participates in at least one evidence-gated exported mechanism edge.
NODE06378	target_gene	register_target_gene_layer	edge=M22B-E009996; evidence=M22B-EVID-010169
NODE06379	signaling_cascade	module20_24_export	Node participates in at least one evidence-gated exported mechanism edge.
NODE06379	target_gene	register_target_gene_layer	edge=M22B-E009997; evidence=M22B-EVID-010170
NODE06380	signaling_cascade	module20_24_export	Node participates in at least one evidence-gated exported mechanism edge.
NODE06380	target_gene	register_target_gene_layer	edge=M22B-E009753; evidence=M22B-EVID-009926
NODE06381	signaling_cascade	module20_24_export	Node participates in at least one evidence-gated exported mechanism edge.
NODE06382	signaling_cascade	module20_24_export	Node participates in at least one evidence-gated exported mechanism edge.
NODE06382	transcription_factor	register_target_gene_layer	edge=M22B-E010284; evidence=M22B-EVID-010457
NODE06383	signaling_cascade	module20_24_export	Node participates in at least one evidence-gated exported mechanism edge.
NODE06383	target_gene	register_target_gene_layer	edge=M22B-E010694; evidence=M22B-EVID-010787
NODE06384	signaling_cascade	module20_24_export	Node participates in at least one evidence-gated exported mechanism edge.
NODE06384	target_gene	register_target_gene_layer	edge=M22B-E007818; evidence=M22B-EVID-007991 || edge=M22B-E009265; evidence=M22B-EVID-009438
NODE06385	signaling_cascade	module20_24_export	Node participates in at least one evidence-gated exported mechanism edge.
NODE06385	target_gene	register_target_gene_layer	edge=M22B-E007819; evidence=M22B-EVID-007992 || edge=M22B-E009266; evidence=M22B-EVID-009439
NODE06386	signaling_cascade	module20_24_export	Node participates in at least one evidence-gated exported mechanism edge.
NODE06387	signaling_cascade	module20_24_export	Node participates in at least one evidence-gated exported mechanism edge.
NODE06388	signaling_cascade	module20_24_export	Node participates in at least one evidence-gated exported mechanism edge.
NODE06389	signaling_cascade	module20_24_export	Node participates in at least one evidence-gated exported mechanism edge.
NODE06390	signaling_cascade	module20_24_export	Node participates in at least one evidence-gated exported mechanism edge.
NODE06391	signaling_cascade	module20_24_export	Node participates in at least one evidence-gated exported mechanism edge.
NODE06392	signaling_cascade	module20_24_export	Node participates in at least one evidence-gated exported mechanism edge.
NODE06392	target_gene	register_target_gene_layer	edge=M22B-E007223; evidence=M22B-EVID-007396 || edge=M22B-E009497; evidence=M22B-EVID-009670
NODE06393	signaling_cascade	module20_24_export	Node participates in at least one evidence-gated exported mechanism edge.
NODE06393	target_gene	register_target_gene_layer	edge=M22B-E005734; evidence=M22B-EVID-005907 || edge=M22B-E005736; evidence=M22B-EVID-005909 || edge=M22B-E006076; evidence=M22B-EVID-006249 || edge=M22B-E009614; evidence=M22B-EVID-009787 || edge=M22B-E009963; evidence=M22B-EVID-010136
NODE06394	signaling_cascade	module20_24_export	Node participates in at least one evidence-gated exported mechanism edge.
NODE06395	signaling_cascade	module20_24_export	Node participates in at least one evidence-gated exported mechanism edge.
NODE06395	target_gene	register_target_gene_layer	edge=M22B-E007224; evidence=M22B-EVID-007397
NODE06396	signaling_cascade	module20_24_export	Node participates in at least one evidence-gated exported mechanism edge.
NODE06396	target_gene	register_target_gene_layer	edge=M22B-E006539; evidence=M22B-EVID-006712 || edge=M22B-E008696; evidence=M22B-EVID-008869
NODE06397	signaling_cascade	module20_24_export	Node participates in at least one evidence-gated exported mechanism edge.
NODE06398	signaling_cascade	module20_24_export	Node participates in at least one evidence-gated exported mechanism edge.
NODE06398	target_gene	register_target_gene_layer	edge=M22B-E006077; evidence=M22B-EVID-006250 || edge=M22B-E006540; evidence=M22B-EVID-006713 || edge=M22B-E007490; evidence=M22B-EVID-007663 || edge=M22B-E008240; evidence=M22B-EVID-008413 || edge=M22B-E008697; evidence=M22B-EVID-008870
NODE06399	signaling_cascade	module20_24_export	Node participates in at least one evidence-gated exported mechanism edge.
NODE06400	signaling_cascade	module20_24_export	Node participates in at least one evidence-gated exported mechanism edge.
NODE06400	target_gene	register_target_gene_layer	edge=M22B-E005922; evidence=M22B-EVID-006095 || edge=M22B-E006389; evidence=M22B-EVID-006562 || edge=M22B-E007225; evidence=M22B-EVID-007398 || edge=M22B-E008094; evidence=M22B-EVID-008267 || edge=M22B-E008548; evidence=M22B-EVID-008721
NODE06401	signaling_cascade	module20_24_export	Node participates in at least one evidence-gated exported mechanism edge.
NODE06402	receptor	register_ligand_receptor_layer	edge=M20B-E002373; evidence=M20B-EVID-002373
NODE06402	signaling_cascade	module20_24_export	Node participates in at least one evidence-gated exported mechanism edge.
NODE06403	signaling_cascade	module20_24_export	Node participates in at least one evidence-gated exported mechanism edge.
NODE06403	target_gene	register_target_gene_layer	edge=M22B-E008241; evidence=M22B-EVID-008414 || edge=M22B-E008337; evidence=M22B-EVID-008510 || edge=M22B-E008698; evidence=M22B-EVID-008871
NODE06404	ligand	register_ligand_receptor_layer	edge=M20B-E002373; evidence=M20B-EVID-002373
NODE06404	signaling_cascade	module20_24_export	Node participates in at least one evidence-gated exported mechanism edge.
NODE06404	target_gene	register_target_gene_layer	edge=M22B-E005786; evidence=M22B-EVID-005959 || edge=M22B-E006078; evidence=M22B-EVID-006251 || edge=M22B-E006187; evidence=M22B-EVID-006360 || edge=M22B-E006541; evidence=M22B-EVID-006714 || edge=M22B-E007226; evidence=M22B-EVID-007399 || edge=M22B-E007820; evidence=M22B-EVID-007993 || edge=M22B-E007953; evidence=M22B-EVID-008126 || edge=M22B-E008242; evidence=M22B-EVID-008415 || edge=M22B-E008338; evidence=M22B-EVID-008511 || edge=M22B-E008699; evidence=M22B-EVID-008872 || edge=M22B-E009267; evidence=M22B-EVID-009440 || edge=M22B-E009473; evidence=M22B-EVID-009646 || edge=M22B-E010057; evidence=M22B-EVID-010230
NODE06405	signaling_cascade	module20_24_export	Node participates in at least one evidence-gated exported mechanism edge.
NODE06406	signaling_cascade	module20_24_export	Node participates in at least one evidence-gated exported mechanism edge.
NODE06406	target_gene	register_target_gene_layer	edge=M22B-E007227; evidence=M22B-EVID-007400
NODE06407	signaling_cascade	module20_24_export	Node participates in at least one evidence-gated exported mechanism edge.
NODE06407	target_gene	register_target_gene_layer	edge=M22B-E005735; evidence=M22B-EVID-005908 || edge=M22B-E005737; evidence=M22B-EVID-005910 || edge=M22B-E006079; evidence=M22B-EVID-006252
NODE06408	signaling_cascade	module20_24_export	Node participates in at least one evidence-gated exported mechanism edge.
NODE06408	target_gene	register_target_gene_layer	edge=M22B-E006188; evidence=M22B-EVID-006361 || edge=M22B-E006542; evidence=M22B-EVID-006715
NODE06409	signaling_cascade	module20_24_export	Node participates in at least one evidence-gated exported mechanism edge.
NODE06410	signaling_cascade	module20_24_export	Node participates in at least one evidence-gated exported mechanism edge.
NODE06410	target_gene	register_target_gene_layer	edge=M22B-E006080; evidence=M22B-EVID-006253 || edge=M22B-E007228; evidence=M22B-EVID-007401 || edge=M22B-E007491; evidence=M22B-EVID-007664 || edge=M22B-E008243; evidence=M22B-EVID-008416 || edge=M22B-E008700; evidence=M22B-EVID-008873 || edge=M22B-E009662; evidence=M22B-EVID-009835 || edge=M22B-E010068; evidence=M22B-EVID-010241 || edge=M22B-E010076; evidence=M22B-EVID-010249
NODE06411	ligand	register_ligand_receptor_layer	edge=M23B-E001073; evidence=M23B-EVID-001451
NODE06411	signaling_cascade	module20_24_export	Node participates in at least one evidence-gated exported mechanism edge.
NODE06412	signaling_cascade	module20_24_export	Node participates in at least one evidence-gated exported mechanism edge.
NODE06413	signaling_cascade	module20_24_export	Node participates in at least one evidence-gated exported mechanism edge.
NODE06414	signaling_cascade	module20_24_export	Node participates in at least one evidence-gated exported mechanism edge.
NODE06415	signaling_cascade	module20_24_export	Node participates in at least one evidence-gated exported mechanism edge.
NODE06416	signaling_cascade	module20_24_export	Node participates in at least one evidence-gated exported mechanism edge.
NODE06416	target_gene	register_target_gene_layer	edge=M22B-E009572; evidence=M22B-EVID-009745
NODE06417	ligand	register_ligand_receptor_layer	edge=M20B-E004268; evidence=M20B-EVID-004268;M20B-EVID-004268-P2-DIRECT;M20B-EVID-004268-P2-FUNC;M20B-EVID-004268-P2-RELAY || edge=M20B-E004269; evidence=M20B-EVID-004269;M20B-EVID-004269-P2-DIRECT;M20B-EVID-004269-P2-FUNC;M20B-EVID-004269-P2-RELAY || edge=M20B-E004270; evidence=M20B-EVID-004270;M20B-EVID-004270-P2-DIRECT;M20B-EVID-004270-P2-FUNC;M20B-EVID-004270-P2-RELAY || edge=M23B-E000789; evidence=M23B-EVID-001067 || edge=M23B-E001076; evidence=M23B-EVID-EXPAND23A-001 || edge=M23B-E001077; evidence=M23B-EVID-EXPAND23A-002
NODE06417	signaling_cascade	module20_24_export	Node participates in at least one evidence-gated exported mechanism edge.
NODE06418	signaling_cascade	module20_24_export	Node participates in at least one evidence-gated exported mechanism edge.
NODE06419	signaling_cascade	module20_24_export	Node participates in at least one evidence-gated exported mechanism edge.
NODE06419	target_gene	register_target_gene_layer	edge=M22B-E007229; evidence=M22B-EVID-007402
NODE06420	signaling_cascade	module20_24_export	Node participates in at least one evidence-gated exported mechanism edge.
NODE06420	target_gene	register_target_gene_layer	edge=M22B-E006801; evidence=M22B-EVID-006974
NODE06421	signaling_cascade	module20_24_export	Node participates in at least one evidence-gated exported mechanism edge.
NODE06422	signaling_cascade	module20_24_export	Node participates in at least one evidence-gated exported mechanism edge.
NODE06423	signaling_cascade	module20_24_export	Node participates in at least one evidence-gated exported mechanism edge.
NODE06424	signaling_cascade	module20_24_export	Node participates in at least one evidence-gated exported mechanism edge.
NODE06424	target_gene	register_target_gene_layer	edge=M22B-E010402; evidence=M22B-EVID-010574 || edge=M22B-E010403; evidence=M22B-EVID-010575
NODE06425	signaling_cascade	module20_24_export	Node participates in at least one evidence-gated exported mechanism edge.
NODE06426	signaling_cascade	module20_24_export	Node participates in at least one evidence-gated exported mechanism edge.
NODE06427	signaling_cascade	module20_24_export	Node participates in at least one evidence-gated exported mechanism edge.
NODE06428	signaling_cascade	module20_24_export	Node participates in at least one evidence-gated exported mechanism edge.
NODE06429	signaling_cascade	module20_24_export	Node participates in at least one evidence-gated exported mechanism edge.
NODE06430	signaling_cascade	module20_24_export	Node participates in at least one evidence-gated exported mechanism edge.
NODE06431	signaling_cascade	module20_24_export	Node participates in at least one evidence-gated exported mechanism edge.
NODE06432	signaling_cascade	module20_24_export	Node participates in at least one evidence-gated exported mechanism edge.
NODE06433	signaling_cascade	module20_24_export	Node participates in at least one evidence-gated exported mechanism edge.
NODE06434	signaling_cascade	module20_24_export	Node participates in at least one evidence-gated exported mechanism edge.
NODE06435	signaling_cascade	module20_24_export	Node participates in at least one evidence-gated exported mechanism edge.
NODE06435	target_gene	register_target_gene_layer	edge=M22B-E000021; evidence=M22B-EVID-000617
NODE06436	signaling_cascade	module20_24_export	Node participates in at least one evidence-gated exported mechanism edge.
NODE06436	target_gene	register_target_gene_layer	edge=M22B-E007230; evidence=M22B-EVID-007403
NODE06437	receptor	register_ligand_receptor_layer	edge=M20B-E005070; evidence=M20B-EVID-005070;M20B-EVID-005070-P2-DIRECT;M20B-EVID-005070-P2-FUNC;M20B-EVID-005070-P2-FUNC-287;M20B-EVID-005070-P2-RELAY;M20B-EVID-005070-P2-RELAY-287
NODE06437	signaling_cascade	module20_24_export	Node participates in at least one evidence-gated exported mechanism edge.
NODE06437	target_gene	register_target_gene_layer	edge=M22B-E006081; evidence=M22B-EVID-006254 || edge=M22B-E008244; evidence=M22B-EVID-008417
NODE06438	signaling_cascade	module20_24_export	Node participates in at least one evidence-gated exported mechanism edge.
NODE06439	signaling_cascade	module20_24_export	Node participates in at least one evidence-gated exported mechanism edge.
NODE06440	signaling_cascade	module20_24_export	Node participates in at least one evidence-gated exported mechanism edge.
NODE06441	signaling_cascade	module20_24_export	Node participates in at least one evidence-gated exported mechanism edge.
NODE06442	signaling_cascade	module20_24_export	Node participates in at least one evidence-gated exported mechanism edge.
NODE06443	signaling_cascade	module20_24_export	Node participates in at least one evidence-gated exported mechanism edge.
NODE06443	target_gene	register_target_gene_layer	edge=M22B-E006802; evidence=M22B-EVID-006975 || edge=M22B-E007231; evidence=M22B-EVID-007404 || edge=M22B-E008941; evidence=M22B-EVID-009114
NODE06444	signaling_cascade	module20_24_export	Node participates in at least one evidence-gated exported mechanism edge.
NODE06445	signaling_cascade	module20_24_export	Node participates in at least one evidence-gated exported mechanism edge.
NODE06446	signaling_cascade	module20_24_export	Node participates in at least one evidence-gated exported mechanism edge.
NODE06446	target_gene	register_target_gene_layer	edge=M22B-E010338; evidence=M22B-EVID-010510 || edge=M22B-E010339; evidence=M22B-EVID-010511
NODE06447	signaling_cascade	module20_24_export	Node participates in at least one evidence-gated exported mechanism edge.
NODE06448	signaling_cascade	module20_24_export	Node participates in at least one evidence-gated exported mechanism edge.
NODE06449	signaling_cascade	module20_24_export	Node participates in at least one evidence-gated exported mechanism edge.
NODE06450	signaling_cascade	module20_24_export	Node participates in at least one evidence-gated exported mechanism edge.
NODE06451	signaling_cascade	module20_24_export	Node participates in at least one evidence-gated exported mechanism edge.
NODE06451	target_gene	register_target_gene_layer	edge=M22B-E009862; evidence=M22B-EVID-010035 || edge=M22B-E010574; evidence=M22B-EVID-010670
NODE06452	signaling_cascade	module20_24_export	Node participates in at least one evidence-gated exported mechanism edge.
NODE06453	signaling_cascade	module20_24_export	Node participates in at least one evidence-gated exported mechanism edge.
NODE06454	signaling_cascade	module20_24_export	Node participates in at least one evidence-gated exported mechanism edge.
NODE06455	signaling_cascade	module20_24_export	Node participates in at least one evidence-gated exported mechanism edge.
NODE06456	signaling_cascade	module20_24_export	Node participates in at least one evidence-gated exported mechanism edge.
NODE06457	signaling_cascade	module20_24_export	Node participates in at least one evidence-gated exported mechanism edge.
NODE06458	signaling_cascade	module20_24_export	Node participates in at least one evidence-gated exported mechanism edge.
NODE06459	signaling_cascade	module20_24_export	Node participates in at least one evidence-gated exported mechanism edge.
NODE06460	signaling_cascade	module20_24_export	Node participates in at least one evidence-gated exported mechanism edge.
NODE06461	signaling_cascade	module20_24_export	Node participates in at least one evidence-gated exported mechanism edge.
NODE06462	signaling_cascade	module20_24_export	Node participates in at least one evidence-gated exported mechanism edge.
NODE06463	signaling_cascade	module20_24_export	Node participates in at least one evidence-gated exported mechanism edge.
NODE06463	target_gene	register_target_gene_layer	edge=M22B-E007821; evidence=M22B-EVID-007994 || edge=M22B-E009268; evidence=M22B-EVID-009441
NODE06464	signaling_cascade	module20_24_export	Node participates in at least one evidence-gated exported mechanism edge.
NODE06464	target_gene	register_target_gene_layer	edge=M22B-E006189; evidence=M22B-EVID-006362
NODE06465	signaling_cascade	module20_24_export	Node participates in at least one evidence-gated exported mechanism edge.
NODE06465	transcription_factor	register_target_gene_layer	edge=M22B-E010686; evidence=M22B-EVID-010779
NODE06466	signaling_cascade	module20_24_export	Node participates in at least one evidence-gated exported mechanism edge.
NODE06467	signaling_cascade	module20_24_export	Node participates in at least one evidence-gated exported mechanism edge.
NODE06468	signaling_cascade	module20_24_export	Node participates in at least one evidence-gated exported mechanism edge.
NODE06468	target_gene	register_target_gene_layer	edge=M22B-E006803; evidence=M22B-EVID-006976 || edge=M22B-E007822; evidence=M22B-EVID-007995 || edge=M22B-E008942; evidence=M22B-EVID-009115 || edge=M22B-E009269; evidence=M22B-EVID-009442
NODE06469	signaling_cascade	module20_24_export	Node participates in at least one evidence-gated exported mechanism edge.
NODE06469	target_gene	register_target_gene_layer	edge=M22B-E007823; evidence=M22B-EVID-007996 || edge=M22B-E009270; evidence=M22B-EVID-009443
NODE06470	signaling_cascade	module20_24_export	Node participates in at least one evidence-gated exported mechanism edge.
NODE06471	signaling_cascade	module20_24_export	Node participates in at least one evidence-gated exported mechanism edge.
NODE06472	signaling_cascade	module20_24_export	Node participates in at least one evidence-gated exported mechanism edge.
NODE06472	target_gene	register_target_gene_layer	edge=M22B-E006804; evidence=M22B-EVID-006977 || edge=M22B-E008943; evidence=M22B-EVID-009116
NODE06473	signaling_cascade	module20_24_export	Node participates in at least one evidence-gated exported mechanism edge.
NODE06474	signaling_cascade	module20_24_export	Node participates in at least one evidence-gated exported mechanism edge.
NODE06475	signaling_cascade	module20_24_export	Node participates in at least one evidence-gated exported mechanism edge.
NODE06475	target_gene	register_target_gene_layer	edge=M22B-E009445; evidence=M22B-EVID-009618
NODE06476	signaling_cascade	module20_24_export	Node participates in at least one evidence-gated exported mechanism edge.
NODE06477	signaling_cascade	module20_24_export	Node participates in at least one evidence-gated exported mechanism edge.
NODE06478	ligand	register_ligand_receptor_layer	edge=M20B-E004273; evidence=M20B-EVID-004273;M20B-EVID-004273-P2-DIRECT;M20B-EVID-004273-P2-FUNC;M20B-EVID-004273-P2-RELAY
NODE06478	signaling_cascade	module20_24_export	Node participates in at least one evidence-gated exported mechanism edge.
NODE06478	target_gene	register_target_gene_layer	edge=M22B-E006805; evidence=M22B-EVID-006978
NODE06479	ligand	register_ligand_receptor_layer	edge=M23B-E000211; evidence=M23B-EVID-000296
NODE06479	signaling_cascade	module20_24_export	Node participates in at least one evidence-gated exported mechanism edge.
NODE06480	signaling_cascade	module20_24_export	Node participates in at least one evidence-gated exported mechanism edge.
NODE06481	signaling_cascade	module20_24_export	Node participates in at least one evidence-gated exported mechanism edge.
NODE06482	receptor	register_ligand_receptor_layer	edge=M20B-E004273; evidence=M20B-EVID-004273;M20B-EVID-004273-P2-DIRECT;M20B-EVID-004273-P2-FUNC;M20B-EVID-004273-P2-RELAY
NODE06482	signaling_cascade	module20_24_export	Node participates in at least one evidence-gated exported mechanism edge.
NODE06483	receptor	register_ligand_receptor_layer	edge=M23B-E000211; evidence=M23B-EVID-000296
NODE06483	signaling_cascade	module20_24_export	Node participates in at least one evidence-gated exported mechanism edge.
NODE06484	signaling_cascade	module20_24_export	Node participates in at least one evidence-gated exported mechanism edge.
NODE06485	signaling_cascade	module20_24_export	Node participates in at least one evidence-gated exported mechanism edge.
NODE06486	signaling_cascade	module20_24_export	Node participates in at least one evidence-gated exported mechanism edge.
NODE06487	signaling_cascade	module20_24_export	Node participates in at least one evidence-gated exported mechanism edge.
NODE06488	signaling_cascade	module20_24_export	Node participates in at least one evidence-gated exported mechanism edge.
NODE06489	signaling_cascade	module20_24_export	Node participates in at least one evidence-gated exported mechanism edge.
NODE06490	signaling_cascade	module20_24_export	Node participates in at least one evidence-gated exported mechanism edge.
NODE06491	signaling_cascade	module20_24_export	Node participates in at least one evidence-gated exported mechanism edge.
NODE06492	signaling_cascade	module20_24_export	Node participates in at least one evidence-gated exported mechanism edge.
NODE06493	signaling_cascade	module20_24_export	Node participates in at least one evidence-gated exported mechanism edge.
NODE06493	target_gene	register_target_gene_layer	edge=M22B-E000396; evidence=M22B-EVID-000041
NODE06494	signaling_cascade	module20_24_export	Node participates in at least one evidence-gated exported mechanism edge.
NODE06494	transcription_factor	register_target_gene_layer	edge=M22B-E010267; evidence=M22B-EVID-010440
NODE06495	signaling_cascade	module20_24_export	Node participates in at least one evidence-gated exported mechanism edge.
NODE06495	target_gene	register_target_gene_layer	edge=M22B-E009720; evidence=M22B-EVID-009893 || edge=M22B-E009908; evidence=M22B-EVID-010081
NODE06496	signaling_cascade	module20_24_export	Node participates in at least one evidence-gated exported mechanism edge.
NODE06496	target_gene	register_target_gene_layer	edge=M22B-E009573; evidence=M22B-EVID-009746
NODE06497	signaling_cascade	module20_24_export	Node participates in at least one evidence-gated exported mechanism edge.
NODE06498	signaling_cascade	module20_24_export	Node participates in at least one evidence-gated exported mechanism edge.
NODE06498	target_gene	register_target_gene_layer	edge=M22B-E006806; evidence=M22B-EVID-006979
NODE06499	signaling_cascade	module20_24_export	Node participates in at least one evidence-gated exported mechanism edge.
NODE06499	target_gene	register_target_gene_layer	edge=M22B-E008944; evidence=M22B-EVID-009117
NODE06500	signaling_cascade	module20_24_export	Node participates in at least one evidence-gated exported mechanism edge.
NODE06501	signaling_cascade	module20_24_export	Node participates in at least one evidence-gated exported mechanism edge.
NODE06501	target_gene	register_target_gene_layer	edge=M22B-E006807; evidence=M22B-EVID-006980 || edge=M22B-E008945; evidence=M22B-EVID-009118
NODE06502	signaling_cascade	module20_24_export	Node participates in at least one evidence-gated exported mechanism edge.
NODE06502	target_gene	register_target_gene_layer	edge=M22B-E006808; evidence=M22B-EVID-006981 || edge=M22B-E008946; evidence=M22B-EVID-009119
NODE06503	signaling_cascade	module20_24_export	Node participates in at least one evidence-gated exported mechanism edge.
NODE06503	target_gene	register_target_gene_layer	edge=M22B-E007492; evidence=M22B-EVID-007665
NODE06504	signaling_cascade	module20_24_export	Node participates in at least one evidence-gated exported mechanism edge.
NODE06504	target_gene	register_target_gene_layer	edge=M22B-E010317; evidence=M22B-EVID-010489 || edge=M22B-E010512; evidence=M22B-EVID-010628
NODE06505	signaling_cascade	module20_24_export	Node participates in at least one evidence-gated exported mechanism edge.
NODE06506	signaling_cascade	module20_24_export	Node participates in at least one evidence-gated exported mechanism edge.
NODE06507	signaling_cascade	module20_24_export	Node participates in at least one evidence-gated exported mechanism edge.
NODE06508	signaling_cascade	module20_24_export	Node participates in at least one evidence-gated exported mechanism edge.
NODE06509	signaling_cascade	module20_24_export	Node participates in at least one evidence-gated exported mechanism edge.
NODE06510	signaling_cascade	module20_24_export	Node participates in at least one evidence-gated exported mechanism edge.
NODE06511	signaling_cascade	module20_24_export	Node participates in at least one evidence-gated exported mechanism edge.
NODE06512	signaling_cascade	module20_24_export	Node participates in at least one evidence-gated exported mechanism edge.
NODE06513	signaling_cascade	module20_24_export	Node participates in at least one evidence-gated exported mechanism edge.
NODE06514	signaling_cascade	module20_24_export	Node participates in at least one evidence-gated exported mechanism edge.
NODE06514	target_gene	register_target_gene_layer	edge=M22B-E007009; evidence=M22B-EVID-007182
NODE06515	signaling_cascade	module20_24_export	Node participates in at least one evidence-gated exported mechanism edge.
NODE06515	target_gene	register_target_gene_layer	edge=M22B-E010429; evidence=M22B-EVID-010599 || edge=M22B-E010430; evidence=M22B-EVID-010600
NODE06516	signaling_cascade	module20_24_export	Node participates in at least one evidence-gated exported mechanism edge.
NODE06516	target_gene	register_target_gene_layer	edge=M22B-E006390; evidence=M22B-EVID-006563 || edge=M22B-E007493; evidence=M22B-EVID-007666 || edge=M22B-E009395; evidence=M22B-EVID-009568
NODE06517	signaling_cascade	module20_24_export	Node participates in at least one evidence-gated exported mechanism edge.
NODE06518	signaling_cascade	module20_24_export	Node participates in at least one evidence-gated exported mechanism edge.
NODE06519	signaling_cascade	module20_24_export	Node participates in at least one evidence-gated exported mechanism edge.
NODE06520	signaling_cascade	module20_24_export	Node participates in at least one evidence-gated exported mechanism edge.
NODE06521	signaling_cascade	module20_24_export	Node participates in at least one evidence-gated exported mechanism edge.
NODE06522	signaling_cascade	module20_24_export	Node participates in at least one evidence-gated exported mechanism edge.
NODE06523	signaling_cascade	module20_24_export	Node participates in at least one evidence-gated exported mechanism edge.
NODE06524	signaling_cascade	module20_24_export	Node participates in at least one evidence-gated exported mechanism edge.
NODE06524	target_gene	register_target_gene_layer	edge=M22B-E007232; evidence=M22B-EVID-007405 || edge=M22B-E007824; evidence=M22B-EVID-007997
NODE06525	signaling_cascade	module20_24_export	Node participates in at least one evidence-gated exported mechanism edge.
NODE06526	signaling_cascade	module20_24_export	Node participates in at least one evidence-gated exported mechanism edge.
NODE06526	target_gene	register_target_gene_layer	edge=M22B-E007233; evidence=M22B-EVID-007406 || edge=M22B-E007494; evidence=M22B-EVID-007667 || edge=M22B-E009378; evidence=M22B-EVID-009551
NODE06527	signaling_cascade	module20_24_export	Node participates in at least one evidence-gated exported mechanism edge.
NODE06527	target_gene	register_target_gene_layer	edge=M22B-E006391; evidence=M22B-EVID-006564 || edge=M22B-E007234; evidence=M22B-EVID-007407
NODE06528	signaling_cascade	module20_24_export	Node participates in at least one evidence-gated exported mechanism edge.
NODE06529	signaling_cascade	module20_24_export	Node participates in at least one evidence-gated exported mechanism edge.
NODE06530	signaling_cascade	module20_24_export	Node participates in at least one evidence-gated exported mechanism edge.
NODE06530	target_gene	register_target_gene_layer	edge=M22B-E009574; evidence=M22B-EVID-009747
NODE06531	signaling_cascade	module20_24_export	Node participates in at least one evidence-gated exported mechanism edge.
NODE06532	signaling_cascade	module20_24_export	Node participates in at least one evidence-gated exported mechanism edge.
NODE06533	signaling_cascade	module20_24_export	Node participates in at least one evidence-gated exported mechanism edge.
NODE06534	signaling_cascade	module20_24_export	Node participates in at least one evidence-gated exported mechanism edge.
NODE06535	signaling_cascade	module20_24_export	Node participates in at least one evidence-gated exported mechanism edge.
NODE06536	signaling_cascade	module20_24_export	Node participates in at least one evidence-gated exported mechanism edge.
NODE06537	signaling_cascade	module20_24_export	Node participates in at least one evidence-gated exported mechanism edge.
NODE06538	receptor	register_ligand_receptor_layer	edge=M20B-E002519; evidence=M20B-EVID-002519;M20B-EVID-005280-P2-DIRECT;M20B-EVID-005281-P2-RELAY;M20B-EVID-005282-P2-FUNC;M20B-EVID-PROMO-20260826-042 || edge=M20B-E003129; evidence=M20B-EVID-003129
NODE06538	signaling_cascade	module20_24_export	Node participates in at least one evidence-gated exported mechanism edge.
NODE06539	signaling_cascade	module20_24_export	Node participates in at least one evidence-gated exported mechanism edge.
NODE06540	signaling_cascade	module20_24_export	Node participates in at least one evidence-gated exported mechanism edge.
NODE06540	target_gene	register_target_gene_layer	edge=M22B-E007495; evidence=M22B-EVID-007668
NODE06541	signaling_cascade	module20_24_export	Node participates in at least one evidence-gated exported mechanism edge.
NODE06541	target_gene	register_target_gene_layer	edge=M22B-E007496; evidence=M22B-EVID-007669
NODE06542	signaling_cascade	module20_24_export	Node participates in at least one evidence-gated exported mechanism edge.
NODE06542	target_gene	register_target_gene_layer	edge=M22B-E009788; evidence=M22B-EVID-009961
NODE06543	signaling_cascade	module20_24_export	Node participates in at least one evidence-gated exported mechanism edge.
NODE06543	target_gene	register_target_gene_layer	edge=M22B-E005923; evidence=M22B-EVID-006096 || edge=M22B-E006082; evidence=M22B-EVID-006255 || edge=M22B-E006543; evidence=M22B-EVID-006716 || edge=M22B-E009428; evidence=M22B-EVID-009601 || edge=M22B-E009863; evidence=M22B-EVID-010036
NODE06544	signaling_cascade	module20_24_export	Node participates in at least one evidence-gated exported mechanism edge.
NODE06544	target_gene	register_target_gene_layer	edge=M22B-E007235; evidence=M22B-EVID-007408
NODE06545	signaling_cascade	module20_24_export	Node participates in at least one evidence-gated exported mechanism edge.
NODE06546	signaling_cascade	module20_24_export	Node participates in at least one evidence-gated exported mechanism edge.
NODE06546	target_gene	register_target_gene_layer	edge=M22B-E005743; evidence=M22B-EVID-005916 || edge=M22B-E006083; evidence=M22B-EVID-006256 || edge=M22B-E006268; evidence=M22B-EVID-006441 || edge=M22B-E007236; evidence=M22B-EVID-007409 || edge=M22B-E007497; evidence=M22B-EVID-007670 || edge=M22B-E008245; evidence=M22B-EVID-008418 || edge=M22B-E008339; evidence=M22B-EVID-008512 || edge=M22B-E008421; evidence=M22B-EVID-008594 || edge=M22B-E008701; evidence=M22B-EVID-008874 || edge=M22B-E009638; evidence=M22B-EVID-009811 || edge=M22B-E009953; evidence=M22B-EVID-010126 || edge=M22B-E009955; evidence=M22B-EVID-010128 || edge=M22B-E010012; evidence=M22B-EVID-010185
NODE06546	transcription_factor	register_target_gene_layer	edge=M22B-E005738; evidence=M22B-EVID-005911 || edge=M22B-E006601; evidence=M22B-EVID-006774 || edge=M22B-E006602; evidence=M22B-EVID-006775 || edge=M22B-E006603; evidence=M22B-EVID-006776 || edge=M22B-E006604; evidence=M22B-EVID-006777 || edge=M22B-E006605; evidence=M22B-EVID-006778 || edge=M22B-E006606; evidence=M22B-EVID-006779 || edge=M22B-E006607; evidence=M22B-EVID-006780 || edge=M22B-E006608; evidence=M22B-EVID-006781 || edge=M22B-E006609; evidence=M22B-EVID-006782 || edge=M22B-E006610; evidence=M22B-EVID-006783 || edge=M22B-E006611; evidence=M22B-EVID-006784 || edge=M22B-E006612; evidence=M22B-EVID-006785 || edge=M22B-E006613; evidence=M22B-EVID-006786 || edge=M22B-E006614; evidence=M22B-EVID-006787 || edge=M22B-E006615; evidence=M22B-EVID-006788 || edge=M22B-E006616; evidence=M22B-EVID-006789 || edge=M22B-E006617; evidence=M22B-EVID-006790 || edge=M22B-E006618; evidence=M22B-EVID-006791 || edge=M22B-E006619; evidence=M22B-EVID-006792 || edge=M22B-E006620; evidence=M22B-EVID-006793 || edge=M22B-E006621; evidence=M22B-EVID-006794 || edge=M22B-E006622; evidence=M22B-EVID-006795 || edge=M22B-E006623; evidence=M22B-EVID-006796 || edge=M22B-E006624; evidence=M22B-EVID-006797 || edge=M22B-E006625; evidence=M22B-EVID-006798 || edge=M22B-E006626; evidence=M22B-EVID-006799 || edge=M22B-E006627; evidence=M22B-EVID-006800 || edge=M22B-E006628; evidence=M22B-EVID-006801 || edge=M22B-E006629; evidence=M22B-EVID-006802 || edge=M22B-E006630; evidence=M22B-EVID-006803 || edge=M22B-E006631; evidence=M22B-EVID-006804 || edge=M22B-E006632; evidence=M22B-EVID-006805 || edge=M22B-E006633; evidence=M22B-EVID-006806 || edge=M22B-E006634; evidence=M22B-EVID-006807 || edge=M22B-E006635; evidence=M22B-EVID-006808 || edge=M22B-E006636; evidence=M22B-EVID-006809 || edge=M22B-E006637; evidence=M22B-EVID-006810 || edge=M22B-E006638; evidence=M22B-EVID-006811 || edge=M22B-E006639; evidence=M22B-EVID-006812 || edge=M22B-E006640; evidence=M22B-EVID-006813 || edge=M22B-E006641; evidence=M22B-EVID-006814 || edge=M22B-E006642; evidence=M22B-EVID-006815 || edge=M22B-E006643; evidence=M22B-EVID-006816 || edge=M22B-E006644; evidence=M22B-EVID-006817 || edge=M22B-E006645; evidence=M22B-EVID-006818 || edge=M22B-E006646; evidence=M22B-EVID-006819 || edge=M22B-E006647; evidence=M22B-EVID-006820 || edge=M22B-E006648; evidence=M22B-EVID-006821 || edge=M22B-E006649; evidence=M22B-EVID-006822 || edge=M22B-E006650; evidence=M22B-EVID-006823 || edge=M22B-E006651; evidence=M22B-EVID-006824 || edge=M22B-E006652; evidence=M22B-EVID-006825 || edge=M22B-E006653; evidence=M22B-EVID-006826 || edge=M22B-E006654; evidence=M22B-EVID-006827 || edge=M22B-E006655; evidence=M22B-EVID-006828 || edge=M22B-E006656; evidence=M22B-EVID-006829 || edge=M22B-E006657; evidence=M22B-EVID-006830 || edge=M22B-E006658; evidence=M22B-EVID-006831 || edge=M22B-E006659; evidence=M22B-EVID-006832 || edge=M22B-E006660; evidence=M22B-EVID-006833 || edge=M22B-E006661; evidence=M22B-EVID-006834 || edge=M22B-E006662; evidence=M22B-EVID-006835 || edge=M22B-E006663; evidence=M22B-EVID-006836 || edge=M22B-E006664; evidence=M22B-EVID-006837 || edge=M22B-E006665; evidence=M22B-EVID-006838 || edge=M22B-E006666; evidence=M22B-EVID-006839 || edge=M22B-E006667; evidence=M22B-EVID-006840 || edge=M22B-E006668; evidence=M22B-EVID-006841 || edge=M22B-E006669; evidence=M22B-EVID-006842 || edge=M22B-E006670; evidence=M22B-EVID-006843 || edge=M22B-E006671; evidence=M22B-EVID-006844 || edge=M22B-E006672; evidence=M22B-EVID-006845 || edge=M22B-E006673; evidence=M22B-EVID-006846 || edge=M22B-E006674; evidence=M22B-EVID-006847 || edge=M22B-E006675; evidence=M22B-EVID-006848 || edge=M22B-E006676; evidence=M22B-EVID-006849 || edge=M22B-E006677; evidence=M22B-EVID-006850 || edge=M22B-E006678; evidence=M22B-EVID-006851 || edge=M22B-E006679; evidence=M22B-EVID-006852 || edge=M22B-E006680; evidence=M22B-EVID-006853 || edge=M22B-E006681; evidence=M22B-EVID-006854 || edge=M22B-E006682; evidence=M22B-EVID-006855 || edge=M22B-E006683; evidence=M22B-EVID-006856 || edge=M22B-E006684; evidence=M22B-EVID-006857 || edge=M22B-E006685; evidence=M22B-EVID-006858 || edge=M22B-E006686; evidence=M22B-EVID-006859 || edge=M22B-E006687; evidence=M22B-EVID-006860 || edge=M22B-E006688; evidence=M22B-EVID-006861 || edge=M22B-E006689; evidence=M22B-EVID-006862 || edge=M22B-E006690; evidence=M22B-EVID-006863 || edge=M22B-E006691; evidence=M22B-EVID-006864 || edge=M22B-E006692; evidence=M22B-EVID-006865 || edge=M22B-E006693; evidence=M22B-EVID-006866 || edge=M22B-E006694; evidence=M22B-EVID-006867 || edge=M22B-E006695; evidence=M22B-EVID-006868 || edge=M22B-E006696; evidence=M22B-EVID-006869 || edge=M22B-E006697; evidence=M22B-EVID-006870 || edge=M22B-E006698; evidence=M22B-EVID-006871 || edge=M22B-E006699; evidence=M22B-EVID-006872 || edge=M22B-E006700; evidence=M22B-EVID-006873 || edge=M22B-E006701; evidence=M22B-EVID-006874 || edge=M22B-E006702; evidence=M22B-EVID-006875 || edge=M22B-E006703; evidence=M22B-EVID-006876 || edge=M22B-E006704; evidence=M22B-EVID-006877 || edge=M22B-E006705; evidence=M22B-EVID-006878 || edge=M22B-E006706; evidence=M22B-EVID-006879 || edge=M22B-E006707; evidence=M22B-EVID-006880 || edge=M22B-E006708; evidence=M22B-EVID-006881 || edge=M22B-E006709; evidence=M22B-EVID-006882 || edge=M22B-E006710; evidence=M22B-EVID-006883 || edge=M22B-E006711; evidence=M22B-EVID-006884 || edge=M22B-E006712; evidence=M22B-EVID-006885 || edge=M22B-E006713; evidence=M22B-EVID-006886 || edge=M22B-E006714; evidence=M22B-EVID-006887 || edge=M22B-E006715; evidence=M22B-EVID-006888 || edge=M22B-E006716; evidence=M22B-EVID-006889 || edge=M22B-E006717; evidence=M22B-EVID-006890 || edge=M22B-E006718; evidence=M22B-EVID-006891 || edge=M22B-E006719; evidence=M22B-EVID-006892 || edge=M22B-E006720; evidence=M22B-EVID-006893 || edge=M22B-E006721; evidence=M22B-EVID-006894 || edge=M22B-E006722; evidence=M22B-EVID-006895 || edge=M22B-E006723; evidence=M22B-EVID-006896 || edge=M22B-E006724; evidence=M22B-EVID-006897 || edge=M22B-E006725; evidence=M22B-EVID-006898 || edge=M22B-E006726; evidence=M22B-EVID-006899 || edge=M22B-E006727; evidence=M22B-EVID-006900 || edge=M22B-E006728; evidence=M22B-EVID-006901 || edge=M22B-E006729; evidence=M22B-EVID-006902 || edge=M22B-E006730; evidence=M22B-EVID-006903 || edge=M22B-E006731; evidence=M22B-EVID-006904 || edge=M22B-E006732; evidence=M22B-EVID-006905 || edge=M22B-E006733; evidence=M22B-EVID-006906 || edge=M22B-E006734; evidence=M22B-EVID-006907 || edge=M22B-E006735; evidence=M22B-EVID-006908 || edge=M22B-E006736; evidence=M22B-EVID-006909 || edge=M22B-E006737; evidence=M22B-EVID-006910 || edge=M22B-E006738; evidence=M22B-EVID-006911 || edge=M22B-E006739; evidence=M22B-EVID-006912 || edge=M22B-E006740; evidence=M22B-EVID-006913 || edge=M22B-E006741; evidence=M22B-EVID-006914 || edge=M22B-E006742; evidence=M22B-EVID-006915 || edge=M22B-E006743; evidence=M22B-EVID-006916 || edge=M22B-E006744; evidence=M22B-EVID-006917 || edge=M22B-E006745; evidence=M22B-EVID-006918 || edge=M22B-E006746; evidence=M22B-EVID-006919 || edge=M22B-E006747; evidence=M22B-EVID-006920 || edge=M22B-E006748; evidence=M22B-EVID-006921 || edge=M22B-E006749; evidence=M22B-EVID-006922 || edge=M22B-E006750; evidence=M22B-EVID-006923 || edge=M22B-E006751; evidence=M22B-EVID-006924 || edge=M22B-E006752; evidence=M22B-EVID-006925 || edge=M22B-E006753; evidence=M22B-EVID-006926 || edge=M22B-E006754; evidence=M22B-EVID-006927 || edge=M22B-E006755; evidence=M22B-EVID-006928 || edge=M22B-E006756; evidence=M22B-EVID-006929 || edge=M22B-E006757; evidence=M22B-EVID-006930 || edge=M22B-E006758; evidence=M22B-EVID-006931 || edge=M22B-E006759; evidence=M22B-EVID-006932 || edge=M22B-E006760; evidence=M22B-EVID-006933 || edge=M22B-E006761; evidence=M22B-EVID-006934 || edge=M22B-E006762; evidence=M22B-EVID-006935 || edge=M22B-E006763; evidence=M22B-EVID-006936 || edge=M22B-E006764; evidence=M22B-EVID-006937 || edge=M22B-E006765; evidence=M22B-EVID-006938 || edge=M22B-E006766; evidence=M22B-EVID-006939 || edge=M22B-E006767; evidence=M22B-EVID-006940 || edge=M22B-E006768; evidence=M22B-EVID-006941 || edge=M22B-E006769; evidence=M22B-EVID-006942 || edge=M22B-E006770; evidence=M22B-EVID-006943 || edge=M22B-E006771; evidence=M22B-EVID-006944 || edge=M22B-E006772; evidence=M22B-EVID-006945 || edge=M22B-E006773; evidence=M22B-EVID-006946 || edge=M22B-E006774; evidence=M22B-EVID-006947 || edge=M22B-E006775; evidence=M22B-EVID-006948 || edge=M22B-E006776; evidence=M22B-EVID-006949 || edge=M22B-E006777; evidence=M22B-EVID-006950 || edge=M22B-E006778; evidence=M22B-EVID-006951 || edge=M22B-E006779; evidence=M22B-EVID-006952 || edge=M22B-E006780; evidence=M22B-EVID-006953 || edge=M22B-E006781; evidence=M22B-EVID-006954 || edge=M22B-E006782; evidence=M22B-EVID-006955 || edge=M22B-E006783; evidence=M22B-EVID-006956 || edge=M22B-E006784; evidence=M22B-EVID-006957 || edge=M22B-E006785; evidence=M22B-EVID-006958 || edge=M22B-E006786; evidence=M22B-EVID-006959 || edge=M22B-E006787; evidence=M22B-EVID-006960 || edge=M22B-E006788; evidence=M22B-EVID-006961 || edge=M22B-E006789; evidence=M22B-EVID-006962 || edge=M22B-E006790; evidence=M22B-EVID-006963 || edge=M22B-E006791; evidence=M22B-EVID-006964 || edge=M22B-E006792; evidence=M22B-EVID-006965 || edge=M22B-E006793; evidence=M22B-EVID-006966 || edge=M22B-E006794; evidence=M22B-EVID-006967 || edge=M22B-E006795; evidence=M22B-EVID-006968 || edge=M22B-E006796; evidence=M22B-EVID-006969 || edge=M22B-E006797; evidence=M22B-EVID-006970 || edge=M22B-E006798; evidence=M22B-EVID-006971 || edge=M22B-E006799; evidence=M22B-EVID-006972 || edge=M22B-E006800; evidence=M22B-EVID-006973 || edge=M22B-E006801; evidence=M22B-EVID-006974 || edge=M22B-E006802; evidence=M22B-EVID-006975 || edge=M22B-E006803; evidence=M22B-EVID-006976 || edge=M22B-E006804; evidence=M22B-EVID-006977 || edge=M22B-E006805; evidence=M22B-EVID-006978 || edge=M22B-E006806; evidence=M22B-EVID-006979 || edge=M22B-E006807; evidence=M22B-EVID-006980 || edge=M22B-E006808; evidence=M22B-EVID-006981 || edge=M22B-E006809; evidence=M22B-EVID-006982 || edge=M22B-E006810; evidence=M22B-EVID-006983 || edge=M22B-E006811; evidence=M22B-EVID-006984 || edge=M22B-E006812; evidence=M22B-EVID-006985 || edge=M22B-E006813; evidence=M22B-EVID-006986 || edge=M22B-E006814; evidence=M22B-EVID-006987 || edge=M22B-E006815; evidence=M22B-EVID-006988 || edge=M22B-E006816; evidence=M22B-EVID-006989 || edge=M22B-E006817; evidence=M22B-EVID-006990 || edge=M22B-E006818; evidence=M22B-EVID-006991 || edge=M22B-E006819; evidence=M22B-EVID-006992 || edge=M22B-E006820; evidence=M22B-EVID-006993 || edge=M22B-E006821; evidence=M22B-EVID-006994 || edge=M22B-E006822; evidence=M22B-EVID-006995 || edge=M22B-E006823; evidence=M22B-EVID-006996 || edge=M22B-E006824; evidence=M22B-EVID-006997 || edge=M22B-E006825; evidence=M22B-EVID-006998 || edge=M22B-E006826; evidence=M22B-EVID-006999 || edge=M22B-E006827; evidence=M22B-EVID-007000 || edge=M22B-E006828; evidence=M22B-EVID-007001 || edge=M22B-E006829; evidence=M22B-EVID-007002 || edge=M22B-E006830; evidence=M22B-EVID-007003 || edge=M22B-E006831; evidence=M22B-EVID-007004 || edge=M22B-E006832; evidence=M22B-EVID-007005 || edge=M22B-E006833; evidence=M22B-EVID-007006 || edge=M22B-E006834; evidence=M22B-EVID-007007 || edge=M22B-E006835; evidence=M22B-EVID-007008 || edge=M22B-E006836; evidence=M22B-EVID-007009 || edge=M22B-E006837; evidence=M22B-EVID-007010 || edge=M22B-E006838; evidence=M22B-EVID-007011 || edge=M22B-E006839; evidence=M22B-EVID-007012 || edge=M22B-E006840; evidence=M22B-EVID-007013 || edge=M22B-E006841; evidence=M22B-EVID-007014 || edge=M22B-E006842; evidence=M22B-EVID-007015 || edge=M22B-E006843; evidence=M22B-EVID-007016 || edge=M22B-E006844; evidence=M22B-EVID-007017 || edge=M22B-E006845; evidence=M22B-EVID-007018 || edge=M22B-E006846; evidence=M22B-EVID-007019 || edge=M22B-E006847; evidence=M22B-EVID-007020 || edge=M22B-E006848; evidence=M22B-EVID-007021 || edge=M22B-E006849; evidence=M22B-EVID-007022 || edge=M22B-E006850; evidence=M22B-EVID-007023 || edge=M22B-E006851; evidence=M22B-EVID-007024 || edge=M22B-E006852; evidence=M22B-EVID-007025 || edge=M22B-E006853; evidence=M22B-EVID-007026 || edge=M22B-E006854; evidence=M22B-EVID-007027 || edge=M22B-E006855; evidence=M22B-EVID-007028 || edge=M22B-E006856; evidence=M22B-EVID-007029 || edge=M22B-E006857; evidence=M22B-EVID-007030 || edge=M22B-E006858; evidence=M22B-EVID-007031 || edge=M22B-E006859; evidence=M22B-EVID-007032 || edge=M22B-E006860; evidence=M22B-EVID-007033 || edge=M22B-E006861; evidence=M22B-EVID-007034 || edge=M22B-E006862; evidence=M22B-EVID-007035 || edge=M22B-E006863; evidence=M22B-EVID-007036 || edge=M22B-E006864; evidence=M22B-EVID-007037 || edge=M22B-E006865; evidence=M22B-EVID-007038 || edge=M22B-E006866; evidence=M22B-EVID-007039 || edge=M22B-E006867; evidence=M22B-EVID-007040 || edge=M22B-E006868; evidence=M22B-EVID-007041 || edge=M22B-E006869; evidence=M22B-EVID-007042 || edge=M22B-E006870; evidence=M22B-EVID-007043 || edge=M22B-E006871; evidence=M22B-EVID-007044 || edge=M22B-E006872; evidence=M22B-EVID-007045 || edge=M22B-E006873; evidence=M22B-EVID-007046 || edge=M22B-E006874; evidence=M22B-EVID-007047 || edge=M22B-E006875; evidence=M22B-EVID-007048 || edge=M22B-E006876; evidence=M22B-EVID-007049 || edge=M22B-E006877; evidence=M22B-EVID-007050 || edge=M22B-E006878; evidence=M22B-EVID-007051 || edge=M22B-E006879; evidence=M22B-EVID-007052 || edge=M22B-E006880; evidence=M22B-EVID-007053 || edge=M22B-E006881; evidence=M22B-EVID-007054 || edge=M22B-E006882; evidence=M22B-EVID-007055 || edge=M22B-E006883; evidence=M22B-EVID-007056 || edge=M22B-E006884; evidence=M22B-EVID-007057 || edge=M22B-E006885; evidence=M22B-EVID-007058 || edge=M22B-E006886; evidence=M22B-EVID-007059 || edge=M22B-E006887; evidence=M22B-EVID-007060 || edge=M22B-E006888; evidence=M22B-EVID-007061 || edge=M22B-E006889; evidence=M22B-EVID-007062 || edge=M22B-E006890; evidence=M22B-EVID-007063 || edge=M22B-E006891; evidence=M22B-EVID-007064 || edge=M22B-E006892; evidence=M22B-EVID-007065 || edge=M22B-E006893; evidence=M22B-EVID-007066 || edge=M22B-E006894; evidence=M22B-EVID-007067 || edge=M22B-E006895; evidence=M22B-EVID-007068 || edge=M22B-E006896; evidence=M22B-EVID-007069 || edge=M22B-E006897; evidence=M22B-EVID-007070 || edge=M22B-E006898; evidence=M22B-EVID-007071 || edge=M22B-E006899; evidence=M22B-EVID-007072 || edge=M22B-E006900; evidence=M22B-EVID-007073 || edge=M22B-E006901; evidence=M22B-EVID-007074 || edge=M22B-E006902; evidence=M22B-EVID-007075 || edge=M22B-E006903; evidence=M22B-EVID-007076 || edge=M22B-E006904; evidence=M22B-EVID-007077 || edge=M22B-E006905; evidence=M22B-EVID-007078 || edge=M22B-E006906; evidence=M22B-EVID-007079 || edge=M22B-E006907; evidence=M22B-EVID-007080 || edge=M22B-E006908; evidence=M22B-EVID-007081 || edge=M22B-E006909; evidence=M22B-EVID-007082 || edge=M22B-E006910; evidence=M22B-EVID-007083 || edge=M22B-E006911; evidence=M22B-EVID-007084 || edge=M22B-E006912; evidence=M22B-EVID-007085 || edge=M22B-E006913; evidence=M22B-EVID-007086 || edge=M22B-E006914; evidence=M22B-EVID-007087 || edge=M22B-E006915; evidence=M22B-EVID-007088 || edge=M22B-E006916; evidence=M22B-EVID-007089 || edge=M22B-E006917; evidence=M22B-EVID-007090 || edge=M22B-E006918; evidence=M22B-EVID-007091 || edge=M22B-E006919; evidence=M22B-EVID-007092 || edge=M22B-E006920; evidence=M22B-EVID-007093 || edge=M22B-E006921; evidence=M22B-EVID-007094 || edge=M22B-E006922; evidence=M22B-EVID-007095 || edge=M22B-E006923; evidence=M22B-EVID-007096 || edge=M22B-E006924; evidence=M22B-EVID-007097 || edge=M22B-E006925; evidence=M22B-EVID-007098 || edge=M22B-E006926; evidence=M22B-EVID-007099 || edge=M22B-E006927; evidence=M22B-EVID-007100 || edge=M22B-E006928; evidence=M22B-EVID-007101 || edge=M22B-E006929; evidence=M22B-EVID-007102 || edge=M22B-E006930; evidence=M22B-EVID-007103 || edge=M22B-E006931; evidence=M22B-EVID-007104 || edge=M22B-E006932; evidence=M22B-EVID-007105 || edge=M22B-E006933; evidence=M22B-EVID-007106 || edge=M22B-E006934; evidence=M22B-EVID-007107 || edge=M22B-E006935; evidence=M22B-EVID-007108 || edge=M22B-E006936; evidence=M22B-EVID-007109 || edge=M22B-E006937; evidence=M22B-EVID-007110 || edge=M22B-E006938; evidence=M22B-EVID-007111 || edge=M22B-E006939; evidence=M22B-EVID-007112 || edge=M22B-E006940; evidence=M22B-EVID-007113 || edge=M22B-E006941; evidence=M22B-EVID-007114 || edge=M22B-E006942; evidence=M22B-EVID-007115 || edge=M22B-E006943; evidence=M22B-EVID-007116 || edge=M22B-E006944; evidence=M22B-EVID-007117 || edge=M22B-E006945; evidence=M22B-EVID-007118 || edge=M22B-E006946; evidence=M22B-EVID-007119 || edge=M22B-E006947; evidence=M22B-EVID-007120 || edge=M22B-E006948; evidence=M22B-EVID-007121 || edge=M22B-E006949; evidence=M22B-EVID-007122 || edge=M22B-E006950; evidence=M22B-EVID-007123 || edge=M22B-E006951; evidence=M22B-EVID-007124 || edge=M22B-E006952; evidence=M22B-EVID-007125 || edge=M22B-E006953; evidence=M22B-EVID-007126 || edge=M22B-E006954; evidence=M22B-EVID-007127 || edge=M22B-E006955; evidence=M22B-EVID-007128 || edge=M22B-E006956; evidence=M22B-EVID-007129 || edge=M22B-E006957; evidence=M22B-EVID-007130 || edge=M22B-E006958; evidence=M22B-EVID-007131 || edge=M22B-E006959; evidence=M22B-EVID-007132 || edge=M22B-E006960; evidence=M22B-EVID-007133 || edge=M22B-E006961; evidence=M22B-EVID-007134 || edge=M22B-E006962; evidence=M22B-EVID-007135 || edge=M22B-E006963; evidence=M22B-EVID-007136 || edge=M22B-E006964; evidence=M22B-EVID-007137 || edge=M22B-E006965; evidence=M22B-EVID-007138 || edge=M22B-E006966; evidence=M22B-EVID-007139 || edge=M22B-E006967; evidence=M22B-EVID-007140 || edge=M22B-E006968; evidence=M22B-EVID-007141 || edge=M22B-E006969; evidence=M22B-EVID-007142 || edge=M22B-E008751; evidence=M22B-EVID-008924 || edge=M22B-E008752; evidence=M22B-EVID-008925 || edge=M22B-E008753; evidence=M22B-EVID-008926 || edge=M22B-E008754; evidence=M22B-EVID-008927 || edge=M22B-E008755; evidence=M22B-EVID-008928 || edge=M22B-E008756; evidence=M22B-EVID-008929 || edge=M22B-E008757; evidence=M22B-EVID-008930 || edge=M22B-E008758; evidence=M22B-EVID-008931 || edge=M22B-E008759; evidence=M22B-EVID-008932 || edge=M22B-E008760; evidence=M22B-EVID-008933 || edge=M22B-E008761; evidence=M22B-EVID-008934 || edge=M22B-E008762; evidence=M22B-EVID-008935 || edge=M22B-E008763; evidence=M22B-EVID-008936 || edge=M22B-E008764; evidence=M22B-EVID-008937 || edge=M22B-E008765; evidence=M22B-EVID-008938 || edge=M22B-E008766; evidence=M22B-EVID-008939 || edge=M22B-E008767; evidence=M22B-EVID-008940 || edge=M22B-E008768; evidence=M22B-EVID-008941 || edge=M22B-E008769; evidence=M22B-EVID-008942 || edge=M22B-E008770; evidence=M22B-EVID-008943 || edge=M22B-E008771; evidence=M22B-EVID-008944 || edge=M22B-E008772; evidence=M22B-EVID-008945 || edge=M22B-E008773; evidence=M22B-EVID-008946 || edge=M22B-E008774; evidence=M22B-EVID-008947 || edge=M22B-E008775; evidence=M22B-EVID-008948 || edge=M22B-E008776; evidence=M22B-EVID-008949 || edge=M22B-E008777; evidence=M22B-EVID-008950 || edge=M22B-E008778; evidence=M22B-EVID-008951 || edge=M22B-E008779; evidence=M22B-EVID-008952 || edge=M22B-E008780; evidence=M22B-EVID-008953 || edge=M22B-E008781; evidence=M22B-EVID-008954 || edge=M22B-E008782; evidence=M22B-EVID-008955 || edge=M22B-E008783; evidence=M22B-EVID-008956 || edge=M22B-E008784; evidence=M22B-EVID-008957 || edge=M22B-E008785; evidence=M22B-EVID-008958 || edge=M22B-E008786; evidence=M22B-EVID-008959 || edge=M22B-E008787; evidence=M22B-EVID-008960 || edge=M22B-E008788; evidence=M22B-EVID-008961 || edge=M22B-E008789; evidence=M22B-EVID-008962 || edge=M22B-E008790; evidence=M22B-EVID-008963 || edge=M22B-E008791; evidence=M22B-EVID-008964 || edge=M22B-E008792; evidence=M22B-EVID-008965 || edge=M22B-E008793; evidence=M22B-EVID-008966 || edge=M22B-E008794; evidence=M22B-EVID-008967 || edge=M22B-E008795; evidence=M22B-EVID-008968 || edge=M22B-E008796; evidence=M22B-EVID-008969 || edge=M22B-E008797; evidence=M22B-EVID-008970 || edge=M22B-E008798; evidence=M22B-EVID-008971 || edge=M22B-E008799; evidence=M22B-EVID-008972 || edge=M22B-E008800; evidence=M22B-EVID-008973 || edge=M22B-E008801; evidence=M22B-EVID-008974 || edge=M22B-E008802; evidence=M22B-EVID-008975 || edge=M22B-E008803; evidence=M22B-EVID-008976 || edge=M22B-E008804; evidence=M22B-EVID-008977 || edge=M22B-E008805; evidence=M22B-EVID-008978 || edge=M22B-E008806; evidence=M22B-EVID-008979 || edge=M22B-E008807; evidence=M22B-EVID-008980 || edge=M22B-E008808; evidence=M22B-EVID-008981 || edge=M22B-E008809; evidence=M22B-EVID-008982 || edge=M22B-E008810; evidence=M22B-EVID-008983 || edge=M22B-E008811; evidence=M22B-EVID-008984 || edge=M22B-E008812; evidence=M22B-EVID-008985 || edge=M22B-E008813; evidence=M22B-EVID-008986 || edge=M22B-E008814; evidence=M22B-EVID-008987 || edge=M22B-E008815; evidence=M22B-EVID-008988 || edge=M22B-E008816; evidence=M22B-EVID-008989 || edge=M22B-E008817; evidence=M22B-EVID-008990 || edge=M22B-E008818; evidence=M22B-EVID-008991 || edge=M22B-E008819; evidence=M22B-EVID-008992 || edge=M22B-E008820; evidence=M22B-EVID-008993 || edge=M22B-E008821; evidence=M22B-EVID-008994 || edge=M22B-E008822; evidence=M22B-EVID-008995 || edge=M22B-E008823; evidence=M22B-EVID-008996 || edge=M22B-E008824; evidence=M22B-EVID-008997 || edge=M22B-E008825; evidence=M22B-EVID-008998 || edge=M22B-E008826; evidence=M22B-EVID-008999 || edge=M22B-E008827; evidence=M22B-EVID-009000 || edge=M22B-E008828; evidence=M22B-EVID-009001 || edge=M22B-E008829; evidence=M22B-EVID-009002 || edge=M22B-E008830; evidence=M22B-EVID-009003 || edge=M22B-E008831; evidence=M22B-EVID-009004 || edge=M22B-E008832; evidence=M22B-EVID-009005 || edge=M22B-E008833; evidence=M22B-EVID-009006 || edge=M22B-E008834; evidence=M22B-EVID-009007 || edge=M22B-E008835; evidence=M22B-EVID-009008 || edge=M22B-E008836; evidence=M22B-EVID-009009 || edge=M22B-E008837; evidence=M22B-EVID-009010 || edge=M22B-E008838; evidence=M22B-EVID-009011 || edge=M22B-E008839; evidence=M22B-EVID-009012 || edge=M22B-E008840; evidence=M22B-EVID-009013 || edge=M22B-E008841; evidence=M22B-EVID-009014 || edge=M22B-E008842; evidence=M22B-EVID-009015 || edge=M22B-E008843; evidence=M22B-EVID-009016 || edge=M22B-E008844; evidence=M22B-EVID-009017 || edge=M22B-E008845; evidence=M22B-EVID-009018 || edge=M22B-E008846; evidence=M22B-EVID-009019 || edge=M22B-E008847; evidence=M22B-EVID-009020 || edge=M22B-E008848; evidence=M22B-EVID-009021 || edge=M22B-E008849; evidence=M22B-EVID-009022 || edge=M22B-E008850; evidence=M22B-EVID-009023 || edge=M22B-E008851; evidence=M22B-EVID-009024 || edge=M22B-E008852; evidence=M22B-EVID-009025 || edge=M22B-E008853; evidence=M22B-EVID-009026 || edge=M22B-E008854; evidence=M22B-EVID-009027 || edge=M22B-E008855; evidence=M22B-EVID-009028 || edge=M22B-E008856; evidence=M22B-EVID-009029 || edge=M22B-E008857; evidence=M22B-EVID-009030 || edge=M22B-E008858; evidence=M22B-EVID-009031 || edge=M22B-E008859; evidence=M22B-EVID-009032 || edge=M22B-E008860; evidence=M22B-EVID-009033 || edge=M22B-E008861; evidence=M22B-EVID-009034 || edge=M22B-E008862; evidence=M22B-EVID-009035 || edge=M22B-E008863; evidence=M22B-EVID-009036 || edge=M22B-E008864; evidence=M22B-EVID-009037 || edge=M22B-E008865; evidence=M22B-EVID-009038 || edge=M22B-E008866; evidence=M22B-EVID-009039 || edge=M22B-E008867; evidence=M22B-EVID-009040 || edge=M22B-E008868; evidence=M22B-EVID-009041 || edge=M22B-E008869; evidence=M22B-EVID-009042 || edge=M22B-E008870; evidence=M22B-EVID-009043 || edge=M22B-E008871; evidence=M22B-EVID-009044 || edge=M22B-E008872; evidence=M22B-EVID-009045 || edge=M22B-E008873; evidence=M22B-EVID-009046 || edge=M22B-E008874; evidence=M22B-EVID-009047 || edge=M22B-E008875; evidence=M22B-EVID-009048 || edge=M22B-E008876; evidence=M22B-EVID-009049 || edge=M22B-E008877; evidence=M22B-EVID-009050 || edge=M22B-E008878; evidence=M22B-EVID-009051 || edge=M22B-E008879; evidence=M22B-EVID-009052 || edge=M22B-E008880; evidence=M22B-EVID-009053 || edge=M22B-E008881; evidence=M22B-EVID-009054 || edge=M22B-E008882; evidence=M22B-EVID-009055 || edge=M22B-E008883; evidence=M22B-EVID-009056 || edge=M22B-E008884; evidence=M22B-EVID-009057 || edge=M22B-E008885; evidence=M22B-EVID-009058 || edge=M22B-E008886; evidence=M22B-EVID-009059 || edge=M22B-E008887; evidence=M22B-EVID-009060 || edge=M22B-E008888; evidence=M22B-EVID-009061 || edge=M22B-E008889; evidence=M22B-EVID-009062 || edge=M22B-E008890; evidence=M22B-EVID-009063 || edge=M22B-E008891; evidence=M22B-EVID-009064 || edge=M22B-E008892; evidence=M22B-EVID-009065 || edge=M22B-E008893; evidence=M22B-EVID-009066 || edge=M22B-E008894; evidence=M22B-EVID-009067 || edge=M22B-E008895; evidence=M22B-EVID-009068 || edge=M22B-E008896; evidence=M22B-EVID-009069 || edge=M22B-E008897; evidence=M22B-EVID-009070 || edge=M22B-E008898; evidence=M22B-EVID-009071 || edge=M22B-E008899; evidence=M22B-EVID-009072 || edge=M22B-E008900; evidence=M22B-EVID-009073 || edge=M22B-E008901; evidence=M22B-EVID-009074 || edge=M22B-E008902; evidence=M22B-EVID-009075 || edge=M22B-E008903; evidence=M22B-EVID-009076 || edge=M22B-E008904; evidence=M22B-EVID-009077 || edge=M22B-E008905; evidence=M22B-EVID-009078 || edge=M22B-E008906; evidence=M22B-EVID-009079 || edge=M22B-E008907; evidence=M22B-EVID-009080 || edge=M22B-E008908; evidence=M22B-EVID-009081 || edge=M22B-E008909; evidence=M22B-EVID-009082 || edge=M22B-E008910; evidence=M22B-EVID-009083 || edge=M22B-E008911; evidence=M22B-EVID-009084 || edge=M22B-E008912; evidence=M22B-EVID-009085 || edge=M22B-E008913; evidence=M22B-EVID-009086 || edge=M22B-E008914; evidence=M22B-EVID-009087 || edge=M22B-E008915; evidence=M22B-EVID-009088 || edge=M22B-E008916; evidence=M22B-EVID-009089 || edge=M22B-E008917; evidence=M22B-EVID-009090 || edge=M22B-E008918; evidence=M22B-EVID-009091 || edge=M22B-E008919; evidence=M22B-EVID-009092 || edge=M22B-E008920; evidence=M22B-EVID-009093 || edge=M22B-E008921; evidence=M22B-EVID-009094 || edge=M22B-E008922; evidence=M22B-EVID-009095 || edge=M22B-E008923; evidence=M22B-EVID-009096 || edge=M22B-E008924; evidence=M22B-EVID-009097 || edge=M22B-E008925; evidence=M22B-EVID-009098 || edge=M22B-E008926; evidence=M22B-EVID-009099 || edge=M22B-E008927; evidence=M22B-EVID-009100 || edge=M22B-E008928; evidence=M22B-EVID-009101 || edge=M22B-E008929; evidence=M22B-EVID-009102 || edge=M22B-E008930; evidence=M22B-EVID-009103 || edge=M22B-E008931; evidence=M22B-EVID-009104 || edge=M22B-E008932; evidence=M22B-EVID-009105 || edge=M22B-E008933; evidence=M22B-EVID-009106 || edge=M22B-E008934; evidence=M22B-EVID-009107 || edge=M22B-E008935; evidence=M22B-EVID-009108 || edge=M22B-E008936; evidence=M22B-EVID-009109 || edge=M22B-E008937; evidence=M22B-EVID-009110 || edge=M22B-E008938; evidence=M22B-EVID-009111 || edge=M22B-E008939; evidence=M22B-EVID-009112 || edge=M22B-E008940; evidence=M22B-EVID-009113 || edge=M22B-E008941; evidence=M22B-EVID-009114 || edge=M22B-E008942; evidence=M22B-EVID-009115 || edge=M22B-E008943; evidence=M22B-EVID-009116 || edge=M22B-E008944; evidence=M22B-EVID-009117 || edge=M22B-E008945; evidence=M22B-EVID-009118 || edge=M22B-E008946; evidence=M22B-EVID-009119 || edge=M22B-E008947; evidence=M22B-EVID-009120 || edge=M22B-E008948; evidence=M22B-EVID-009121 || edge=M22B-E008949; evidence=M22B-EVID-009122 || edge=M22B-E008950; evidence=M22B-EVID-009123 || edge=M22B-E008951; evidence=M22B-EVID-009124 || edge=M22B-E008952; evidence=M22B-EVID-009125 || edge=M22B-E008953; evidence=M22B-EVID-009126 || edge=M22B-E008954; evidence=M22B-EVID-009127 || edge=M22B-E008955; evidence=M22B-EVID-009128 || edge=M22B-E008956; evidence=M22B-EVID-009129 || edge=M22B-E008957; evidence=M22B-EVID-009130 || edge=M22B-E008958; evidence=M22B-EVID-009131 || edge=M22B-E008959; evidence=M22B-EVID-009132 || edge=M22B-E008960; evidence=M22B-EVID-009133 || edge=M22B-E008961; evidence=M22B-EVID-009134 || edge=M22B-E008962; evidence=M22B-EVID-009135 || edge=M22B-E008963; evidence=M22B-EVID-009136 || edge=M22B-E008964; evidence=M22B-EVID-009137 || edge=M22B-E008965; evidence=M22B-EVID-009138 || edge=M22B-E008966; evidence=M22B-EVID-009139 || edge=M22B-E008967; evidence=M22B-EVID-009140 || edge=M22B-E008968; evidence=M22B-EVID-009141 || edge=M22B-E008969; evidence=M22B-EVID-009142 || edge=M22B-E008970; evidence=M22B-EVID-009143 || edge=M22B-E008971; evidence=M22B-EVID-009144 || edge=M22B-E008972; evidence=M22B-EVID-009145 || edge=M22B-E008973; evidence=M22B-EVID-009146 || edge=M22B-E008974; evidence=M22B-EVID-009147 || edge=M22B-E008975; evidence=M22B-EVID-009148 || edge=M22B-E008976; evidence=M22B-EVID-009149 || edge=M22B-E008977; evidence=M22B-EVID-009150 || edge=M22B-E008978; evidence=M22B-EVID-009151 || edge=M22B-E008979; evidence=M22B-EVID-009152 || edge=M22B-E008980; evidence=M22B-EVID-009153 || edge=M22B-E008981; evidence=M22B-EVID-009154 || edge=M22B-E008982; evidence=M22B-EVID-009155 || edge=M22B-E008983; evidence=M22B-EVID-009156 || edge=M22B-E008984; evidence=M22B-EVID-009157 || edge=M22B-E008985; evidence=M22B-EVID-009158 || edge=M22B-E008986; evidence=M22B-EVID-009159 || edge=M22B-E008987; evidence=M22B-EVID-009160 || edge=M22B-E008988; evidence=M22B-EVID-009161 || edge=M22B-E008989; evidence=M22B-EVID-009162 || edge=M22B-E008990; evidence=M22B-EVID-009163 || edge=M22B-E008991; evidence=M22B-EVID-009164 || edge=M22B-E008992; evidence=M22B-EVID-009165 || edge=M22B-E008993; evidence=M22B-EVID-009166 || edge=M22B-E008994; evidence=M22B-EVID-009167 || edge=M22B-E008995; evidence=M22B-EVID-009168 || edge=M22B-E008996; evidence=M22B-EVID-009169 || edge=M22B-E008997; evidence=M22B-EVID-009170 || edge=M22B-E008998; evidence=M22B-EVID-009171 || edge=M22B-E008999; evidence=M22B-EVID-009172 || edge=M22B-E009000; evidence=M22B-EVID-009173 || edge=M22B-E009001; evidence=M22B-EVID-009174 || edge=M22B-E009002; evidence=M22B-EVID-009175 || edge=M22B-E009003; evidence=M22B-EVID-009176 || edge=M22B-E009004; evidence=M22B-EVID-009177 || edge=M22B-E009005; evidence=M22B-EVID-009178 || edge=M22B-E009006; evidence=M22B-EVID-009179 || edge=M22B-E009007; evidence=M22B-EVID-009180 || edge=M22B-E009008; evidence=M22B-EVID-009181 || edge=M22B-E009009; evidence=M22B-EVID-009182 || edge=M22B-E009010; evidence=M22B-EVID-009183 || edge=M22B-E009011; evidence=M22B-EVID-009184 || edge=M22B-E009012; evidence=M22B-EVID-009185 || edge=M22B-E009013; evidence=M22B-EVID-009186 || edge=M22B-E009014; evidence=M22B-EVID-009187 || edge=M22B-E009015; evidence=M22B-EVID-009188 || edge=M22B-E009016; evidence=M22B-EVID-009189 || edge=M22B-E009017; evidence=M22B-EVID-009190 || edge=M22B-E009018; evidence=M22B-EVID-009191 || edge=M22B-E009019; evidence=M22B-EVID-009192 || edge=M22B-E009020; evidence=M22B-EVID-009193 || edge=M22B-E009021; evidence=M22B-EVID-009194 || edge=M22B-E009022; evidence=M22B-EVID-009195 || edge=M22B-E009023; evidence=M22B-EVID-009196 || edge=M22B-E009024; evidence=M22B-EVID-009197 || edge=M22B-E009025; evidence=M22B-EVID-009198 || edge=M22B-E009026; evidence=M22B-EVID-009199 || edge=M22B-E009027; evidence=M22B-EVID-009200 || edge=M22B-E009028; evidence=M22B-EVID-009201 || edge=M22B-E009029; evidence=M22B-EVID-009202 || edge=M22B-E009030; evidence=M22B-EVID-009203 || edge=M22B-E009031; evidence=M22B-EVID-009204 || edge=M22B-E009032; evidence=M22B-EVID-009205 || edge=M22B-E009033; evidence=M22B-EVID-009206 || edge=M22B-E009034; evidence=M22B-EVID-009207 || edge=M22B-E009035; evidence=M22B-EVID-009208 || edge=M22B-E009036; evidence=M22B-EVID-009209 || edge=M22B-E009037; evidence=M22B-EVID-009210 || edge=M22B-E009038; evidence=M22B-EVID-009211 || edge=M22B-E009039; evidence=M22B-EVID-009212 || edge=M22B-E009040; evidence=M22B-EVID-009213 || edge=M22B-E009041; evidence=M22B-EVID-009214 || edge=M22B-E009042; evidence=M22B-EVID-009215 || edge=M22B-E009043; evidence=M22B-EVID-009216 || edge=M22B-E009044; evidence=M22B-EVID-009217 || edge=M22B-E009045; evidence=M22B-EVID-009218 || edge=M22B-E009046; evidence=M22B-EVID-009219 || edge=M22B-E009047; evidence=M22B-EVID-009220 || edge=M22B-E009048; evidence=M22B-EVID-009221 || edge=M22B-E009049; evidence=M22B-EVID-009222 || edge=M22B-E009050; evidence=M22B-EVID-009223 || edge=M22B-E009051; evidence=M22B-EVID-009224 || edge=M22B-E009052; evidence=M22B-EVID-009225 || edge=M22B-E009053; evidence=M22B-EVID-009226 || edge=M22B-E009054; evidence=M22B-EVID-009227 || edge=M22B-E009055; evidence=M22B-EVID-009228 || edge=M22B-E009056; evidence=M22B-EVID-009229 || edge=M22B-E009057; evidence=M22B-EVID-009230 || edge=M22B-E009058; evidence=M22B-EVID-009231 || edge=M22B-E009059; evidence=M22B-EVID-009232 || edge=M22B-E009060; evidence=M22B-EVID-009233 || edge=M22B-E009061; evidence=M22B-EVID-009234 || edge=M22B-E009062; evidence=M22B-EVID-009235 || edge=M22B-E009063; evidence=M22B-EVID-009236 || edge=M22B-E009064; evidence=M22B-EVID-009237 || edge=M22B-E009065; evidence=M22B-EVID-009238 || edge=M22B-E009066; evidence=M22B-EVID-009239 || edge=M22B-E009067; evidence=M22B-EVID-009240 || edge=M22B-E009068; evidence=M22B-EVID-009241 || edge=M22B-E009069; evidence=M22B-EVID-009242 || edge=M22B-E009070; evidence=M22B-EVID-009243 || edge=M22B-E009071; evidence=M22B-EVID-009244 || edge=M22B-E009072; evidence=M22B-EVID-009245 || edge=M22B-E009073; evidence=M22B-EVID-009246 || edge=M22B-E009074; evidence=M22B-EVID-009247 || edge=M22B-E009075; evidence=M22B-EVID-009248 || edge=M22B-E009076; evidence=M22B-EVID-009249 || edge=M22B-E009077; evidence=M22B-EVID-009250 || edge=M22B-E009078; evidence=M22B-EVID-009251 || edge=M22B-E009079; evidence=M22B-EVID-009252 || edge=M22B-E009080; evidence=M22B-EVID-009253 || edge=M22B-E009081; evidence=M22B-EVID-009254 || edge=M22B-E009082; evidence=M22B-EVID-009255 || edge=M22B-E009083; evidence=M22B-EVID-009256 || edge=M22B-E009476; evidence=M22B-EVID-009649 || edge=M22B-E009477; evidence=M22B-EVID-009650 || edge=M22B-E009478; evidence=M22B-EVID-009651 || edge=M22B-E009479; evidence=M22B-EVID-009652 || edge=M22B-E009480; evidence=M22B-EVID-009653 || edge=M22B-E009481; evidence=M22B-EVID-009654 || edge=M22B-E009482; evidence=M22B-EVID-009655 || edge=M22B-E009483; evidence=M22B-EVID-009656 || edge=M22B-E009484; evidence=M22B-EVID-009657 || edge=M22B-E009485; evidence=M22B-EVID-009658 || edge=M22B-E009486; evidence=M22B-EVID-009659 || edge=M22B-E009487; evidence=M22B-EVID-009660 || edge=M22B-E009488; evidence=M22B-EVID-009661 || edge=M22B-E009489; evidence=M22B-EVID-009662 || edge=M22B-E009490; evidence=M22B-EVID-009663 || edge=M22B-E009491; evidence=M22B-EVID-009664 || edge=M22B-E009492; evidence=M22B-EVID-009665 || edge=M22B-E009493; evidence=M22B-EVID-009666 || edge=M22B-E009494; evidence=M22B-EVID-009667 || edge=M22B-E009495; evidence=M22B-EVID-009668 || edge=M22B-E009496; evidence=M22B-EVID-009669 || edge=M22B-E009497; evidence=M22B-EVID-009670 || edge=M22B-E009498; evidence=M22B-EVID-009671 || edge=M22B-E009499; evidence=M22B-EVID-009672 || edge=M22B-E009500; evidence=M22B-EVID-009673 || edge=M22B-E009501; evidence=M22B-EVID-009674 || edge=M22B-E009502; evidence=M22B-EVID-009675 || edge=M22B-E009503; evidence=M22B-EVID-009676 || edge=M22B-E009504; evidence=M22B-EVID-009677 || edge=M22B-E009505; evidence=M22B-EVID-009678 || edge=M22B-E009506; evidence=M22B-EVID-009679 || edge=M22B-E009507; evidence=M22B-EVID-009680 || edge=M22B-E009508; evidence=M22B-EVID-009681 || edge=M22B-E009782; evidence=M22B-EVID-009955 || edge=M22B-E009783; evidence=M22B-EVID-009956 || edge=M22B-E009784; evidence=M22B-EVID-009957 || edge=M22B-E009785; evidence=M22B-EVID-009958 || edge=M22B-E009786; evidence=M22B-EVID-009959 || edge=M22B-E009787; evidence=M22B-EVID-009960 || edge=M22B-E009788; evidence=M22B-EVID-009961 || edge=M22B-E009789; evidence=M22B-EVID-009962 || edge=M22B-E009790; evidence=M22B-EVID-009963 || edge=M22B-E009791; evidence=M22B-EVID-009964 || edge=M22B-E009792; evidence=M22B-EVID-009965 || edge=M22B-E009793; evidence=M22B-EVID-009966 || edge=M22B-E009794; evidence=M22B-EVID-009967 || edge=M22B-E009795; evidence=M22B-EVID-009968 || edge=M22B-E009796; evidence=M22B-EVID-009969 || edge=M22B-E010198; evidence=M22B-EVID-010371 || edge=M22B-E010278; evidence=M22B-EVID-010451 || edge=M22B-E010297; evidence=M22B-EVID-010469 || edge=M22B-E010306; evidence=M22B-EVID-010478 || edge=M22B-E010310; evidence=M22B-EVID-010482 || edge=M22B-E010567; evidence=M22B-EVID-010665 || edge=M22B-E010655; evidence=M22B-EVID-010750 || edge=M22B-E010656; evidence=M22B-EVID-010751
NODE06547	signaling_cascade	module20_24_export	Node participates in at least one evidence-gated exported mechanism edge.
NODE06547	target_gene	register_target_gene_layer	edge=M22B-E006809; evidence=M22B-EVID-006982 || edge=M22B-E008947; evidence=M22B-EVID-009120
NODE06547	transcription_factor	register_target_gene_layer	edge=M22B-E010156; evidence=M22B-EVID-010329
NODE06548	signaling_cascade	module20_24_export	Node participates in at least one evidence-gated exported mechanism edge.
NODE06548	transcription_factor	register_target_gene_layer	edge=M22B-E010309; evidence=M22B-EVID-010481 || edge=M22B-E010311; evidence=M22B-EVID-010483 || edge=M22B-E010568; evidence=M22B-EVID-010665
NODE06549	signaling_cascade	module20_24_export	Node participates in at least one evidence-gated exported mechanism edge.
NODE06549	transcription_factor	register_target_gene_layer	edge=M22B-E010640; evidence=M22B-EVID-010736
NODE06550	signaling_cascade	module20_24_export	Node participates in at least one evidence-gated exported mechanism edge.
NODE06551	signaling_cascade	module20_24_export	Node participates in at least one evidence-gated exported mechanism edge.
NODE06552	signaling_cascade	module20_24_export	Node participates in at least one evidence-gated exported mechanism edge.
NODE06553	signaling_cascade	module20_24_export	Node participates in at least one evidence-gated exported mechanism edge.
NODE06554	signaling_cascade	module20_24_export	Node participates in at least one evidence-gated exported mechanism edge.
NODE06554	target_gene	register_target_gene_layer	edge=M22B-E007498; evidence=M22B-EVID-007671 || edge=M22B-E009727; evidence=M22B-EVID-009900
NODE06555	signaling_cascade	module20_24_export	Node participates in at least one evidence-gated exported mechanism edge.
NODE06556	signaling_cascade	module20_24_export	Node participates in at least one evidence-gated exported mechanism edge.
NODE06557	ligand	register_ligand_receptor_layer	edge=M24B-E000003; evidence=M24B-EVID-000002;M24B-EVID-000049
NODE06557	signaling_cascade	module20_24_export	Node participates in at least one evidence-gated exported mechanism edge.
NODE06558	signaling_cascade	module20_24_export	Node participates in at least one evidence-gated exported mechanism edge.
NODE06559	signaling_cascade	module20_24_export	Node participates in at least one evidence-gated exported mechanism edge.
NODE06560	signaling_cascade	module20_24_export	Node participates in at least one evidence-gated exported mechanism edge.
NODE06560	target_gene	register_target_gene_layer	edge=M22B-E009515; evidence=M22B-EVID-009688
NODE06561	signaling_cascade	module20_24_export	Node participates in at least one evidence-gated exported mechanism edge.
NODE06561	target_gene	register_target_gene_layer	edge=M22B-E009864; evidence=M22B-EVID-010037
NODE06562	signaling_cascade	module20_24_export	Node participates in at least one evidence-gated exported mechanism edge.
NODE06563	signaling_cascade	module20_24_export	Node participates in at least one evidence-gated exported mechanism edge.
NODE06564	signaling_cascade	module20_24_export	Node participates in at least one evidence-gated exported mechanism edge.
NODE06565	signaling_cascade	module20_24_export	Node participates in at least one evidence-gated exported mechanism edge.
NODE06566	ligand	register_ligand_receptor_layer	edge=M20B-E004279; evidence=M20B-EVID-004279;M20B-EVID-004279-P2-DIRECT;M20B-EVID-004279-P2-FUNC;M20B-EVID-004279-P2-RELAY || edge=M23B-E000791; evidence=M23B-EVID-001069
NODE06566	signaling_cascade	module20_24_export	Node participates in at least one evidence-gated exported mechanism edge.
NODE06567	signaling_cascade	module20_24_export	Node participates in at least one evidence-gated exported mechanism edge.
NODE06568	signaling_cascade	module20_24_export	Node participates in at least one evidence-gated exported mechanism edge.
NODE06569	signaling_cascade	module20_24_export	Node participates in at least one evidence-gated exported mechanism edge.
NODE06570	signaling_cascade	module20_24_export	Node participates in at least one evidence-gated exported mechanism edge.
NODE06570	transcription_factor	register_target_gene_layer	edge=M22B-E010069; evidence=M22B-EVID-010242
NODE06571	signaling_cascade	module20_24_export	Node participates in at least one evidence-gated exported mechanism edge.
NODE06571	target_gene	register_target_gene_layer	edge=M22B-E009754; evidence=M22B-EVID-009927
NODE06571	transcription_factor	register_target_gene_layer	edge=M22B-E009960; evidence=M22B-EVID-010133
NODE06572	signaling_cascade	module20_24_export	Node participates in at least one evidence-gated exported mechanism edge.
NODE06572	transcription_factor	register_target_gene_layer	edge=M22B-E010600; evidence=M22B-EVID-010696
NODE06573	signaling_cascade	module20_24_export	Node participates in at least one evidence-gated exported mechanism edge.
NODE06573	transcription_factor	register_target_gene_layer	edge=M22B-E010669; evidence=M22B-EVID-010762
NODE06574	signaling_cascade	module20_24_export	Node participates in at least one evidence-gated exported mechanism edge.
NODE06575	signaling_cascade	module20_24_export	Node participates in at least one evidence-gated exported mechanism edge.
NODE06575	transcription_factor	register_target_gene_layer	edge=M22B-E009961; evidence=M22B-EVID-010134
NODE06576	signaling_cascade	module20_24_export	Node participates in at least one evidence-gated exported mechanism edge.
NODE06577	signaling_cascade	module20_24_export	Node participates in at least one evidence-gated exported mechanism edge.
NODE06578	signaling_cascade	module20_24_export	Node participates in at least one evidence-gated exported mechanism edge.
NODE06578	target_gene	register_target_gene_layer	edge=M22B-E006269; evidence=M22B-EVID-006442 || edge=M22B-E008422; evidence=M22B-EVID-008595
NODE06579	signaling_cascade	module20_24_export	Node participates in at least one evidence-gated exported mechanism edge.
NODE06580	signaling_cascade	module20_24_export	Node participates in at least one evidence-gated exported mechanism edge.
NODE06581	signaling_cascade	module20_24_export	Node participates in at least one evidence-gated exported mechanism edge.
NODE06582	signaling_cascade	module20_24_export	Node participates in at least one evidence-gated exported mechanism edge.
NODE06583	signaling_cascade	module20_24_export	Node participates in at least one evidence-gated exported mechanism edge.
NODE06584	signaling_cascade	module20_24_export	Node participates in at least one evidence-gated exported mechanism edge.
NODE06585	signaling_cascade	module20_24_export	Node participates in at least one evidence-gated exported mechanism edge.
NODE06586	signaling_cascade	module20_24_export	Node participates in at least one evidence-gated exported mechanism edge.
NODE06586	target_gene	register_target_gene_layer	edge=M22B-E007499; evidence=M22B-EVID-007672
NODE06587	signaling_cascade	module20_24_export	Node participates in at least one evidence-gated exported mechanism edge.
NODE06587	target_gene	register_target_gene_layer	edge=M22B-E005924; evidence=M22B-EVID-006097 || edge=M22B-E008095; evidence=M22B-EVID-008268
NODE06588	signaling_cascade	module20_24_export	Node participates in at least one evidence-gated exported mechanism edge.
NODE06589	signaling_cascade	module20_24_export	Node participates in at least one evidence-gated exported mechanism edge.
NODE06589	target_gene	register_target_gene_layer	edge=M22B-E009697; evidence=M22B-EVID-009870 || edge=M22B-E009755; evidence=M22B-EVID-009928
NODE06590	signaling_cascade	module20_24_export	Node participates in at least one evidence-gated exported mechanism edge.
NODE06590	target_gene	register_target_gene_layer	edge=M22B-E009984; evidence=M22B-EVID-010157
NODE06591	signaling_cascade	module20_24_export	Node participates in at least one evidence-gated exported mechanism edge.
NODE06592	signaling_cascade	module20_24_export	Node participates in at least one evidence-gated exported mechanism edge.
NODE06593	signaling_cascade	module20_24_export	Node participates in at least one evidence-gated exported mechanism edge.
NODE06594	signaling_cascade	module20_24_export	Node participates in at least one evidence-gated exported mechanism edge.
NODE06594	target_gene	register_target_gene_layer	edge=M22B-E006392; evidence=M22B-EVID-006565 || edge=M22B-E008549; evidence=M22B-EVID-008722 || edge=M22B-E009446; evidence=M22B-EVID-009619
NODE06595	signaling_cascade	module20_24_export	Node participates in at least one evidence-gated exported mechanism edge.
NODE06596	signaling_cascade	module20_24_export	Node participates in at least one evidence-gated exported mechanism edge.
NODE06597	signaling_cascade	module20_24_export	Node participates in at least one evidence-gated exported mechanism edge.
NODE06597	target_gene	register_target_gene_layer	edge=M22B-E006595; evidence=M22B-EVID-006768 || edge=M22B-E008745; evidence=M22B-EVID-008918 || edge=M22B-E009945; evidence=M22B-EVID-010118
NODE06597	transcription_factor	register_target_gene_layer	edge=M22B-E009943; evidence=M22B-EVID-010116 || edge=M22B-E010070; evidence=M22B-EVID-010243
NODE06598	signaling_cascade	module20_24_export	Node participates in at least one evidence-gated exported mechanism edge.
NODE06598	target_gene	register_target_gene_layer	edge=M22B-E006810; evidence=M22B-EVID-006983 || edge=M22B-E008948; evidence=M22B-EVID-009121
NODE06599	signaling_cascade	module20_24_export	Node participates in at least one evidence-gated exported mechanism edge.
NODE06600	signaling_cascade	module20_24_export	Node participates in at least one evidence-gated exported mechanism edge.
NODE06600	target_gene	register_target_gene_layer	edge=M22B-E006190; evidence=M22B-EVID-006363 || edge=M22B-E006544; evidence=M22B-EVID-006717
NODE06601	signaling_cascade	module20_24_export	Node participates in at least one evidence-gated exported mechanism edge.
NODE06601	target_gene	register_target_gene_layer	edge=M22B-E006811; evidence=M22B-EVID-006984 || edge=M22B-E008949; evidence=M22B-EVID-009122
NODE06602	signaling_cascade	module20_24_export	Node participates in at least one evidence-gated exported mechanism edge.
NODE06602	target_gene	register_target_gene_layer	edge=M22B-E008340; evidence=M22B-EVID-008513 || edge=M22B-E008702; evidence=M22B-EVID-008875
NODE06603	signaling_cascade	module20_24_export	Node participates in at least one evidence-gated exported mechanism edge.
NODE06604	signaling_cascade	module20_24_export	Node participates in at least one evidence-gated exported mechanism edge.
NODE06605	signaling_cascade	module20_24_export	Node participates in at least one evidence-gated exported mechanism edge.
NODE06606	signaling_cascade	module20_24_export	Node participates in at least one evidence-gated exported mechanism edge.
NODE06607	signaling_cascade	module20_24_export	Node participates in at least one evidence-gated exported mechanism edge.
NODE06608	ligand	register_ligand_receptor_layer	edge=M20B-E002230; evidence=M20B-EVID-002230 || edge=M20B-E002374; evidence=M20B-EVID-002374 || edge=M20B-E004289; evidence=M20B-EVID-004289;M20B-EVID-004289-P2-DIRECT;M20B-EVID-004289-P2-FUNC;M20B-EVID-004289-P2-RELAY || edge=M20B-E004290; evidence=M20B-EVID-004290;M20B-EVID-004290-P2-DIRECT;M20B-EVID-004290-P2-FUNC;M20B-EVID-004290-P2-RELAY || edge=M20B-E004294; evidence=M20B-EVID-004294;M20B-EVID-004294-P2-DIRECT;M20B-EVID-004294-P2-FUNC;M20B-EVID-004294-P2-RELAY || edge=M23B-E000215; evidence=M23B-EVID-000300
NODE06608	signaling_cascade	module20_24_export	Node participates in at least one evidence-gated exported mechanism edge.
NODE06608	target_gene	register_target_gene_layer	edge=M22B-E009516; evidence=M22B-EVID-009689
NODE06609	receptor	register_ligand_receptor_layer	edge=M23B-E000215; evidence=M23B-EVID-000300
NODE06609	signaling_cascade	module20_24_export	Node participates in at least one evidence-gated exported mechanism edge.
NODE06610	signaling_cascade	module20_24_export	Node participates in at least one evidence-gated exported mechanism edge.
NODE06611	signaling_cascade	module20_24_export	Node participates in at least one evidence-gated exported mechanism edge.
NODE06612	signaling_cascade	module20_24_export	Node participates in at least one evidence-gated exported mechanism edge.
NODE06613	signaling_cascade	module20_24_export	Node participates in at least one evidence-gated exported mechanism edge.
NODE06614	signaling_cascade	module20_24_export	Node participates in at least one evidence-gated exported mechanism edge.
NODE06615	signaling_cascade	module20_24_export	Node participates in at least one evidence-gated exported mechanism edge.
NODE06615	target_gene	register_target_gene_layer	edge=M22B-E010363; evidence=M22B-EVID-010535
NODE06616	ligand	register_ligand_receptor_layer	edge=M20B-E004296; evidence=M20B-EVID-004296;M20B-EVID-004296-P2-DIRECT;M20B-EVID-004296-P2-FUNC;M20B-EVID-004296-P2-RELAY
NODE06616	signaling_cascade	module20_24_export	Node participates in at least one evidence-gated exported mechanism edge.
NODE06617	signaling_cascade	module20_24_export	Node participates in at least one evidence-gated exported mechanism edge.
NODE06618	signaling_cascade	module20_24_export	Node participates in at least one evidence-gated exported mechanism edge.
NODE06619	signaling_cascade	module20_24_export	Node participates in at least one evidence-gated exported mechanism edge.
NODE06620	signaling_cascade	module20_24_export	Node participates in at least one evidence-gated exported mechanism edge.
NODE06621	signaling_cascade	module20_24_export	Node participates in at least one evidence-gated exported mechanism edge.
NODE06622	signaling_cascade	module20_24_export	Node participates in at least one evidence-gated exported mechanism edge.
NODE06622	target_gene	register_target_gene_layer	edge=M22B-E009429; evidence=M22B-EVID-009602
NODE06623	signaling_cascade	module20_24_export	Node participates in at least one evidence-gated exported mechanism edge.
NODE06624	signaling_cascade	module20_24_export	Node participates in at least one evidence-gated exported mechanism edge.
NODE06625	signaling_cascade	module20_24_export	Node participates in at least one evidence-gated exported mechanism edge.
NODE06626	signaling_cascade	module20_24_export	Node participates in at least one evidence-gated exported mechanism edge.
NODE06627	signaling_cascade	module20_24_export	Node participates in at least one evidence-gated exported mechanism edge.
NODE06628	receptor	register_ligand_receptor_layer	edge=M20B-E004224; evidence=M20B-EVID-004224;M20B-EVID-004224-P2-DIRECT;M20B-EVID-004224-P2-FUNC;M20B-EVID-004224-P2-RELAY
NODE06628	signaling_cascade	module20_24_export	Node participates in at least one evidence-gated exported mechanism edge.
NODE06628	target_gene	register_target_gene_layer	edge=M22B-E006812; evidence=M22B-EVID-006985
NODE06629	signaling_cascade	module20_24_export	Node participates in at least one evidence-gated exported mechanism edge.
NODE06630	signaling_cascade	module20_24_export	Node participates in at least one evidence-gated exported mechanism edge.
NODE06631	signaling_cascade	module20_24_export	Node participates in at least one evidence-gated exported mechanism edge.
NODE06632	signaling_cascade	module20_24_export	Node participates in at least one evidence-gated exported mechanism edge.
NODE06632	target_gene	register_target_gene_layer	edge=M22B-E006270; evidence=M22B-EVID-006443
NODE06633	signaling_cascade	module20_24_export	Node participates in at least one evidence-gated exported mechanism edge.
NODE06634	signaling_cascade	module20_24_export	Node participates in at least one evidence-gated exported mechanism edge.
NODE06635	signaling_cascade	module20_24_export	Node participates in at least one evidence-gated exported mechanism edge.
NODE06635	target_gene	register_target_gene_layer	edge=M22B-E009969; evidence=M22B-EVID-010142
NODE06636	signaling_cascade	module20_24_export	Node participates in at least one evidence-gated exported mechanism edge.
NODE06637	signaling_cascade	module20_24_export	Node participates in at least one evidence-gated exported mechanism edge.
NODE06638	signaling_cascade	module20_24_export	Node participates in at least one evidence-gated exported mechanism edge.
NODE06639	signaling_cascade	module20_24_export	Node participates in at least one evidence-gated exported mechanism edge.
NODE06640	signaling_cascade	module20_24_export	Node participates in at least one evidence-gated exported mechanism edge.
NODE06641	signaling_cascade	module20_24_export	Node participates in at least one evidence-gated exported mechanism edge.
NODE06642	signaling_cascade	module20_24_export	Node participates in at least one evidence-gated exported mechanism edge.
NODE06642	target_gene	register_target_gene_layer	edge=M22B-E000135; evidence=M22B-EVID-000129
NODE06643	signaling_cascade	module20_24_export	Node participates in at least one evidence-gated exported mechanism edge.
NODE06644	ligand	register_ligand_receptor_layer	edge=M20B-E004297; evidence=M20B-EVID-004297;M20B-EVID-004297-P2-DIRECT;M20B-EVID-004297-P2-FUNC;M20B-EVID-004297-P2-RELAY
NODE06644	signaling_cascade	module20_24_export	Node participates in at least one evidence-gated exported mechanism edge.
NODE06645	signaling_cascade	module20_24_export	Node participates in at least one evidence-gated exported mechanism edge.
NODE06646	signaling_cascade	module20_24_export	Node participates in at least one evidence-gated exported mechanism edge.
NODE06646	target_gene	register_target_gene_layer	edge=M22B-E005745; evidence=M22B-EVID-005918 || edge=M22B-E006596; evidence=M22B-EVID-006769 || edge=M22B-E006813; evidence=M22B-EVID-006986 || edge=M22B-E007825; evidence=M22B-EVID-007998 || edge=M22B-E008746; evidence=M22B-EVID-008919 || edge=M22B-E008950; evidence=M22B-EVID-009123 || edge=M22B-E009271; evidence=M22B-EVID-009444
NODE06647	signaling_cascade	module20_24_export	Node participates in at least one evidence-gated exported mechanism edge.
NODE06648	signaling_cascade	module20_24_export	Node participates in at least one evidence-gated exported mechanism edge.
NODE06648	target_gene	register_target_gene_layer	edge=M22B-E009575; evidence=M22B-EVID-009748
NODE06649	signaling_cascade	module20_24_export	Node participates in at least one evidence-gated exported mechanism edge.
NODE06649	target_gene	register_target_gene_layer	edge=M22B-E009576; evidence=M22B-EVID-009749
NODE06650	signaling_cascade	module20_24_export	Node participates in at least one evidence-gated exported mechanism edge.
NODE06651	signaling_cascade	module20_24_export	Node participates in at least one evidence-gated exported mechanism edge.
NODE06652	signaling_cascade	module20_24_export	Node participates in at least one evidence-gated exported mechanism edge.
NODE06653	signaling_cascade	module20_24_export	Node participates in at least one evidence-gated exported mechanism edge.
NODE06654	signaling_cascade	module20_24_export	Node participates in at least one evidence-gated exported mechanism edge.
NODE06655	receptor	register_ligand_receptor_layer	edge=M23B-E000488; evidence=M23B-EVID-000668
NODE06655	signaling_cascade	module20_24_export	Node participates in at least one evidence-gated exported mechanism edge.
NODE06656	signaling_cascade	module20_24_export	Node participates in at least one evidence-gated exported mechanism edge.
NODE06657	signaling_cascade	module20_24_export	Node participates in at least one evidence-gated exported mechanism edge.
NODE06657	target_gene	register_target_gene_layer	edge=M22B-E010366; evidence=M22B-EVID-010538
NODE06658	signaling_cascade	module20_24_export	Node participates in at least one evidence-gated exported mechanism edge.
NODE06659	signaling_cascade	module20_24_export	Node participates in at least one evidence-gated exported mechanism edge.
NODE06660	signaling_cascade	module20_24_export	Node participates in at least one evidence-gated exported mechanism edge.
NODE06661	signaling_cascade	module20_24_export	Node participates in at least one evidence-gated exported mechanism edge.
NODE06661	target_gene	register_target_gene_layer	edge=M22B-E007826; evidence=M22B-EVID-007999
NODE06662	signaling_cascade	module20_24_export	Node participates in at least one evidence-gated exported mechanism edge.
NODE06662	target_gene	register_target_gene_layer	edge=M22B-E000096; evidence=M22B-EVID-000942
NODE06663	signaling_cascade	module20_24_export	Node participates in at least one evidence-gated exported mechanism edge.
NODE06664	signaling_cascade	module20_24_export	Node participates in at least one evidence-gated exported mechanism edge.
NODE06665	signaling_cascade	module20_24_export	Node participates in at least one evidence-gated exported mechanism edge.
NODE06665	target_gene	register_target_gene_layer	edge=M22B-E006191; evidence=M22B-EVID-006364 || edge=M22B-E008341; evidence=M22B-EVID-008514 || edge=M22B-E009447; evidence=M22B-EVID-009620 || edge=M22B-E009756; evidence=M22B-EVID-009929
NODE06666	signaling_cascade	module20_24_export	Node participates in at least one evidence-gated exported mechanism edge.
NODE06666	target_gene	register_target_gene_layer	edge=M22B-E006814; evidence=M22B-EVID-006987
NODE06667	signaling_cascade	module20_24_export	Node participates in at least one evidence-gated exported mechanism edge.
NODE06667	target_gene	register_target_gene_layer	edge=M22B-E010372; evidence=M22B-EVID-010544
NODE06668	signaling_cascade	module20_24_export	Node participates in at least one evidence-gated exported mechanism edge.
NODE06669	signaling_cascade	module20_24_export	Node participates in at least one evidence-gated exported mechanism edge.
NODE06669	target_gene	register_target_gene_layer	edge=M22B-E009448; evidence=M22B-EVID-009621
NODE06670	signaling_cascade	module20_24_export	Node participates in at least one evidence-gated exported mechanism edge.
NODE06671	signaling_cascade	module20_24_export	Node participates in at least one evidence-gated exported mechanism edge.
NODE06672	ligand	register_ligand_receptor_layer	edge=M20B-E004298; evidence=M20B-EVID-004298;M20B-EVID-004298-P2-DIRECT;M20B-EVID-004298-P2-FUNC;M20B-EVID-004298-P2-RELAY
NODE06672	signaling_cascade	module20_24_export	Node participates in at least one evidence-gated exported mechanism edge.
NODE06673	signaling_cascade	module20_24_export	Node participates in at least one evidence-gated exported mechanism edge.
NODE06674	signaling_cascade	module20_24_export	Node participates in at least one evidence-gated exported mechanism edge.
NODE06675	receptor	register_ligand_receptor_layer	edge=M20B-E004410; evidence=M20B-EVID-004410;M20B-EVID-004410-P2-DIRECT;M20B-EVID-004410-P2-FUNC;M20B-EVID-004410-P2-RELAY || edge=M20B-E004413; evidence=M20B-EVID-004413 || edge=M20B-E004696; evidence=M20B-EVID-004696;M20B-EVID-004696-P2-DIRECT;M20B-EVID-004696-P2-FUNC;M20B-EVID-004696-P2-RELAY || edge=M20B-E004700; evidence=M20B-EVID-004700
NODE06675	signaling_cascade	module20_24_export	Node participates in at least one evidence-gated exported mechanism edge.
NODE06675	target_gene	register_target_gene_layer	edge=M22B-E010412; evidence=M22B-EVID-010584
NODE06676	signaling_cascade	module20_24_export	Node participates in at least one evidence-gated exported mechanism edge.
NODE06677	signaling_cascade	module20_24_export	Node participates in at least one evidence-gated exported mechanism edge.
NODE06678	receptor	register_ligand_receptor_layer	edge=M23B-E000223; evidence=M23B-EVID-000309
NODE06678	signaling_cascade	module20_24_export	Node participates in at least one evidence-gated exported mechanism edge.
NODE06679	receptor	register_ligand_receptor_layer	edge=M23B-E000221; evidence=M23B-EVID-000306;M23B-EVID-PROMO-20260826-016
NODE06679	signaling_cascade	module20_24_export	Node participates in at least one evidence-gated exported mechanism edge.
NODE06680	signaling_cascade	module20_24_export	Node participates in at least one evidence-gated exported mechanism edge.
NODE06681	signaling_cascade	module20_24_export	Node participates in at least one evidence-gated exported mechanism edge.
NODE06682	signaling_cascade	module20_24_export	Node participates in at least one evidence-gated exported mechanism edge.
NODE06683	signaling_cascade	module20_24_export	Node participates in at least one evidence-gated exported mechanism edge.
NODE06683	target_gene	register_target_gene_layer	edge=M22B-E006271; evidence=M22B-EVID-006444 || edge=M22B-E008423; evidence=M22B-EVID-008596
NODE06684	signaling_cascade	module20_24_export	Node participates in at least one evidence-gated exported mechanism edge.
NODE06685	signaling_cascade	module20_24_export	Node participates in at least one evidence-gated exported mechanism edge.
NODE06686	signaling_cascade	module20_24_export	Node participates in at least one evidence-gated exported mechanism edge.
NODE06687	signaling_cascade	module20_24_export	Node participates in at least one evidence-gated exported mechanism edge.
NODE06688	signaling_cascade	module20_24_export	Node participates in at least one evidence-gated exported mechanism edge.
NODE06689	signaling_cascade	module20_24_export	Node participates in at least one evidence-gated exported mechanism edge.
NODE06690	signaling_cascade	module20_24_export	Node participates in at least one evidence-gated exported mechanism edge.
NODE06691	signaling_cascade	module20_24_export	Node participates in at least one evidence-gated exported mechanism edge.
NODE06692	signaling_cascade	module20_24_export	Node participates in at least one evidence-gated exported mechanism edge.
NODE06693	signaling_cascade	module20_24_export	Node participates in at least one evidence-gated exported mechanism edge.
NODE06694	signaling_cascade	module20_24_export	Node participates in at least one evidence-gated exported mechanism edge.
NODE06695	signaling_cascade	module20_24_export	Node participates in at least one evidence-gated exported mechanism edge.
NODE06696	signaling_cascade	module20_24_export	Node participates in at least one evidence-gated exported mechanism edge.
NODE06697	signaling_cascade	module20_24_export	Node participates in at least one evidence-gated exported mechanism edge.
NODE06698	signaling_cascade	module20_24_export	Node participates in at least one evidence-gated exported mechanism edge.
NODE06698	target_gene	register_target_gene_layer	edge=M22B-E006979; evidence=M22B-EVID-007152 || edge=M22B-E009093; evidence=M22B-EVID-009266
NODE06699	receptor	register_ligand_receptor_layer	edge=M23B-E001133; evidence=M23B-EVID-EXPAND23A-058
NODE06699	signaling_cascade	module20_24_export	Node participates in at least one evidence-gated exported mechanism edge.
NODE06700	receptor	register_ligand_receptor_layer	edge=M23B-E001135; evidence=M23B-EVID-EXPAND23A-060
NODE06700	signaling_cascade	module20_24_export	Node participates in at least one evidence-gated exported mechanism edge.
NODE06701	signaling_cascade	module20_24_export	Node participates in at least one evidence-gated exported mechanism edge.
NODE06702	ligand	register_ligand_receptor_layer	edge=M24B-E000046; evidence=M24B-EVID-000067;M24B-EVID-000094 || edge=M24B-E000047; evidence=M24B-EVID-000068;M24B-EVID-000095 || edge=M24B-E000048; evidence=M24B-EVID-000069;M24B-EVID-000096
NODE06702	signaling_cascade	module20_24_export	Node participates in at least one evidence-gated exported mechanism edge.
NODE06703	ligand	register_ligand_receptor_layer	edge=M24B-E000049; evidence=M24B-EVID-000070;M24B-EVID-000097 || edge=M24B-E000050; evidence=M24B-EVID-000071;M24B-EVID-000098 || edge=M24B-E000051; evidence=M24B-EVID-000072;M24B-EVID-000099
NODE06703	signaling_cascade	module20_24_export	Node participates in at least one evidence-gated exported mechanism edge.
NODE06704	signaling_cascade	module20_24_export	Node participates in at least one evidence-gated exported mechanism edge.
NODE06705	signaling_cascade	module20_24_export	Node participates in at least one evidence-gated exported mechanism edge.
NODE06706	signaling_cascade	module20_24_export	Node participates in at least one evidence-gated exported mechanism edge.
NODE06707	signaling_cascade	module20_24_export	Node participates in at least one evidence-gated exported mechanism edge.
NODE06708	signaling_cascade	module20_24_export	Node participates in at least one evidence-gated exported mechanism edge.
NODE06709	signaling_cascade	module20_24_export	Node participates in at least one evidence-gated exported mechanism edge.
NODE06710	signaling_cascade	module20_24_export	Node participates in at least one evidence-gated exported mechanism edge.
NODE06711	signaling_cascade	module20_24_export	Node participates in at least one evidence-gated exported mechanism edge.
NODE06712	signaling_cascade	module20_24_export	Node participates in at least one evidence-gated exported mechanism edge.
NODE06713	signaling_cascade	module20_24_export	Node participates in at least one evidence-gated exported mechanism edge.
NODE06714	signaling_cascade	module20_24_export	Node participates in at least one evidence-gated exported mechanism edge.
NODE06715	signaling_cascade	module20_24_export	Node participates in at least one evidence-gated exported mechanism edge.
NODE06716	signaling_cascade	module20_24_export	Node participates in at least one evidence-gated exported mechanism edge.
NODE06717	signaling_cascade	module20_24_export	Node participates in at least one evidence-gated exported mechanism edge.
NODE06718	signaling_cascade	module20_24_export	Node participates in at least one evidence-gated exported mechanism edge.
NODE06719	signaling_cascade	module20_24_export	Node participates in at least one evidence-gated exported mechanism edge.
NODE06720	signaling_cascade	module20_24_export	Node participates in at least one evidence-gated exported mechanism edge.
NODE06721	signaling_cascade	module20_24_export	Node participates in at least one evidence-gated exported mechanism edge.
NODE06722	signaling_cascade	module20_24_export	Node participates in at least one evidence-gated exported mechanism edge.
NODE06723	signaling_cascade	module20_24_export	Node participates in at least one evidence-gated exported mechanism edge.
NODE06724	signaling_cascade	module20_24_export	Node participates in at least one evidence-gated exported mechanism edge.
NODE06725	signaling_cascade	module20_24_export	Node participates in at least one evidence-gated exported mechanism edge.
NODE06726	signaling_cascade	module20_24_export	Node participates in at least one evidence-gated exported mechanism edge.
NODE06727	signaling_cascade	module20_24_export	Node participates in at least one evidence-gated exported mechanism edge.
NODE06728	signaling_cascade	module20_24_export	Node participates in at least one evidence-gated exported mechanism edge.
NODE06729	signaling_cascade	module20_24_export	Node participates in at least one evidence-gated exported mechanism edge.
NODE06730	signaling_cascade	module20_24_export	Node participates in at least one evidence-gated exported mechanism edge.
NODE06731	signaling_cascade	module20_24_export	Node participates in at least one evidence-gated exported mechanism edge.
NODE06732	signaling_cascade	module20_24_export	Node participates in at least one evidence-gated exported mechanism edge.
NODE06733	ligand	register_ligand_receptor_layer	edge=M24B-E000052; evidence=M24B-EVID-000073;M24B-EVID-000100 || edge=M24B-E000053; evidence=M24B-EVID-000074
NODE06733	signaling_cascade	module20_24_export	Node participates in at least one evidence-gated exported mechanism edge.
NODE06734	signaling_cascade	module20_24_export	Node participates in at least one evidence-gated exported mechanism edge.
NODE06735	signaling_cascade	module20_24_export	Node participates in at least one evidence-gated exported mechanism edge.
NODE06736	signaling_cascade	module20_24_export	Node participates in at least one evidence-gated exported mechanism edge.
NODE06737	signaling_cascade	module20_24_export	Node participates in at least one evidence-gated exported mechanism edge.
NODE06738	signaling_cascade	module20_24_export	Node participates in at least one evidence-gated exported mechanism edge.
NODE06739	signaling_cascade	module20_24_export	Node participates in at least one evidence-gated exported mechanism edge.
NODE06740	signaling_cascade	module20_24_export	Node participates in at least one evidence-gated exported mechanism edge.
NODE06741	signaling_cascade	module20_24_export	Node participates in at least one evidence-gated exported mechanism edge.
NODE06742	signaling_cascade	module20_24_export	Node participates in at least one evidence-gated exported mechanism edge.
NODE06743	signaling_cascade	module20_24_export	Node participates in at least one evidence-gated exported mechanism edge.
NODE06744	signaling_cascade	module20_24_export	Node participates in at least one evidence-gated exported mechanism edge.
NODE06745	signaling_cascade	module20_24_export	Node participates in at least one evidence-gated exported mechanism edge.
NODE06746	signaling_cascade	module20_24_export	Node participates in at least one evidence-gated exported mechanism edge.
NODE06747	signaling_cascade	module20_24_export	Node participates in at least one evidence-gated exported mechanism edge.
NODE06748	signaling_cascade	module20_24_export	Node participates in at least one evidence-gated exported mechanism edge.
NODE06749	signaling_cascade	module20_24_export	Node participates in at least one evidence-gated exported mechanism edge.
NODE06749	transcription_factor	register_target_gene_layer	edge=M22B-E000252; evidence=M22B-EVID-000390 || edge=M22B-E010622; evidence=M22B-EVID-010718
NODE06750	signaling_cascade	module20_24_export	Node participates in at least one evidence-gated exported mechanism edge.
NODE06751	signaling_cascade	module20_24_export	Node participates in at least one evidence-gated exported mechanism edge.
NODE06752	signaling_cascade	module20_24_export	Node participates in at least one evidence-gated exported mechanism edge.
NODE06753	signaling_cascade	module20_24_export	Node participates in at least one evidence-gated exported mechanism edge.
NODE06754	signaling_cascade	module20_24_export	Node participates in at least one evidence-gated exported mechanism edge.
NODE06754	transcription_factor	register_target_gene_layer	edge=M22B-E000250; evidence=M22B-EVID-001006;M22B-EVID-001032;M22B-EVID-001057;M22B-EVID-001083;M22B-EVID-001109;M22B-EVID-001134;M22B-EVID-001160;M22B-EVID-001212;M22B-EVID-001237;M22B-EVID-001264;M22B-EVID-001289;M22B-EVID-001315;M22B-EVID-001340;M22B-EVID-001365
NODE06755	signaling_cascade	module20_24_export	Node participates in at least one evidence-gated exported mechanism edge.
NODE06756	signaling_cascade	module20_24_export	Node participates in at least one evidence-gated exported mechanism edge.
NODE06756	target_gene	register_target_gene_layer	edge=M22B-E009517; evidence=M22B-EVID-009690
NODE06757	signaling_cascade	module20_24_export	Node participates in at least one evidence-gated exported mechanism edge.
NODE06758	ligand	register_ligand_receptor_layer	edge=M23B-E000796; evidence=M23B-EVID-001080
NODE06758	signaling_cascade	module20_24_export	Node participates in at least one evidence-gated exported mechanism edge.
NODE06759	signaling_cascade	module20_24_export	Node participates in at least one evidence-gated exported mechanism edge.
NODE06760	signaling_cascade	module20_24_export	Node participates in at least one evidence-gated exported mechanism edge.
NODE06761	signaling_cascade	module20_24_export	Node participates in at least one evidence-gated exported mechanism edge.
NODE06762	signaling_cascade	module20_24_export	Node participates in at least one evidence-gated exported mechanism edge.
NODE06762	transcription_factor	register_target_gene_layer	edge=M22B-E009951; evidence=M22B-EVID-010124 || edge=M22B-E010327; evidence=M22B-EVID-010499 || edge=M22B-E010517; evidence=M22B-EVID-010632
NODE06763	signaling_cascade	module20_24_export	Node participates in at least one evidence-gated exported mechanism edge.
NODE06763	transcription_factor	register_target_gene_layer	edge=M22B-E010522; evidence=M22B-EVID-010636
NODE06764	signaling_cascade	module20_24_export	Node participates in at least one evidence-gated exported mechanism edge.
NODE06765	signaling_cascade	module20_24_export	Node participates in at least one evidence-gated exported mechanism edge.
NODE06766	signaling_cascade	module20_24_export	Node participates in at least one evidence-gated exported mechanism edge.
NODE06766	target_gene	register_target_gene_layer	edge=M22B-E006084; evidence=M22B-EVID-006257 || edge=M22B-E006192; evidence=M22B-EVID-006365
NODE06766	transcription_factor	register_target_gene_layer	edge=M22B-E009942; evidence=M22B-EVID-010115 || edge=M22B-E009984; evidence=M22B-EVID-010157 || edge=M22B-E009985; evidence=M22B-EVID-010158 || edge=M22B-E010073; evidence=M22B-EVID-010246 || edge=M22B-E010074; evidence=M22B-EVID-010247 || edge=M22B-E010075; evidence=M22B-EVID-010248 || edge=M22B-E010076; evidence=M22B-EVID-010249 || edge=M22B-E010077; evidence=M22B-EVID-010250 || edge=M22B-E010501; evidence=M22B-EVID-010620
NODE06767	signaling_cascade	module20_24_export	Node participates in at least one evidence-gated exported mechanism edge.
NODE06768	signaling_cascade	module20_24_export	Node participates in at least one evidence-gated exported mechanism edge.
NODE06769	signaling_cascade	module20_24_export	Node participates in at least one evidence-gated exported mechanism edge.
NODE06769	transcription_factor	register_target_gene_layer	edge=M22B-E010681; evidence=M22B-EVID-010774
NODE06770	signaling_cascade	module20_24_export	Node participates in at least one evidence-gated exported mechanism edge.
NODE06771	signaling_cascade	module20_24_export	Node participates in at least one evidence-gated exported mechanism edge.
NODE06772	signaling_cascade	module20_24_export	Node participates in at least one evidence-gated exported mechanism edge.
NODE06772	transcription_factor	register_target_gene_layer	edge=M22B-E009965; evidence=M22B-EVID-010138 || edge=M22B-E010071; evidence=M22B-EVID-010244 || edge=M22B-E010072; evidence=M22B-EVID-010245
NODE06773	signaling_cascade	module20_24_export	Node participates in at least one evidence-gated exported mechanism edge.
NODE06773	target_gene	register_target_gene_layer	edge=M22B-E007827; evidence=M22B-EVID-008000 || edge=M22B-E009272; evidence=M22B-EVID-009445
NODE06773	transcription_factor	register_target_gene_layer	edge=M22B-E000282; evidence=M22B-EVID-001069;M22B-EVID-001095;M22B-EVID-001120;M22B-EVID-001146;M22B-EVID-001172;M22B-EVID-001198;M22B-EVID-001223;M22B-EVID-001249;M22B-EVID-001275;M22B-EVID-001301;M22B-EVID-001326;M22B-EVID-001351;M22B-EVID-001376
NODE06774	signaling_cascade	module20_24_export	Node participates in at least one evidence-gated exported mechanism edge.
NODE06775	signaling_cascade	module20_24_export	Node participates in at least one evidence-gated exported mechanism edge.
NODE06775	target_gene	register_target_gene_layer	edge=M22B-E009498; evidence=M22B-EVID-009671
NODE06776	signaling_cascade	module20_24_export	Node participates in at least one evidence-gated exported mechanism edge.
NODE06776	target_gene	register_target_gene_layer	edge=M22B-E005925; evidence=M22B-EVID-006098 || edge=M22B-E007500; evidence=M22B-EVID-007673 || edge=M22B-E008096; evidence=M22B-EVID-008269 || edge=M22B-E009698; evidence=M22B-EVID-009871 || edge=M22B-E009757; evidence=M22B-EVID-009930
NODE06776	transcription_factor	register_target_gene_layer	edge=M22B-E010319; evidence=M22B-EVID-010491 || edge=M22B-E010383; evidence=M22B-EVID-010555
NODE06777	signaling_cascade	module20_24_export	Node participates in at least one evidence-gated exported mechanism edge.
NODE06778	signaling_cascade	module20_24_export	Node participates in at least one evidence-gated exported mechanism edge.
NODE06779	signaling_cascade	module20_24_export	Node participates in at least one evidence-gated exported mechanism edge.
NODE06780	signaling_cascade	module20_24_export	Node participates in at least one evidence-gated exported mechanism edge.
NODE06781	signaling_cascade	module20_24_export	Node participates in at least one evidence-gated exported mechanism edge.
NODE06781	target_gene	register_target_gene_layer	edge=M22B-E009789; evidence=M22B-EVID-009962
NODE06781	transcription_factor	register_target_gene_layer	edge=M22B-E010630; evidence=M22B-EVID-010728
NODE06782	signaling_cascade	module20_24_export	Node participates in at least one evidence-gated exported mechanism edge.
NODE06782	transcription_factor	register_target_gene_layer	edge=M22B-E010292; evidence=M22B-EVID-010465 || edge=M22B-E010631; evidence=M22B-EVID-010728
NODE06783	signaling_cascade	module20_24_export	Node participates in at least one evidence-gated exported mechanism edge.
NODE06783	target_gene	register_target_gene_layer	edge=M22B-E006815; evidence=M22B-EVID-006988 || edge=M22B-E008951; evidence=M22B-EVID-009124
NODE06784	signaling_cascade	module20_24_export	Node participates in at least one evidence-gated exported mechanism edge.
NODE06784	target_gene	register_target_gene_layer	edge=M22B-E006193; evidence=M22B-EVID-006366 || edge=M22B-E007010; evidence=M22B-EVID-007183 || edge=M22B-E007237; evidence=M22B-EVID-007410 || edge=M22B-E009758; evidence=M22B-EVID-009931
NODE06784	transcription_factor	register_target_gene_layer	edge=M22B-E010162; evidence=M22B-EVID-010335 || edge=M22B-E010361; evidence=M22B-EVID-010533 || edge=M22B-E010382; evidence=M22B-EVID-010554
NODE06785	signaling_cascade	module20_24_export	Node participates in at least one evidence-gated exported mechanism edge.
NODE06786	signaling_cascade	module20_24_export	Node participates in at least one evidence-gated exported mechanism edge.
NODE06787	signaling_cascade	module20_24_export	Node participates in at least one evidence-gated exported mechanism edge.
NODE06788	signaling_cascade	module20_24_export	Node participates in at least one evidence-gated exported mechanism edge.
NODE06788	target_gene	register_target_gene_layer	edge=M22B-E007238; evidence=M22B-EVID-007411
NODE06788	transcription_factor	register_target_gene_layer	edge=M22B-E005769; evidence=M22B-EVID-005942 || edge=M22B-E005770; evidence=M22B-EVID-005943 || edge=M22B-E006970; evidence=M22B-EVID-007143 || edge=M22B-E006971; evidence=M22B-EVID-007144 || edge=M22B-E006972; evidence=M22B-EVID-007145 || edge=M22B-E006973; evidence=M22B-EVID-007146 || edge=M22B-E006974; evidence=M22B-EVID-007147 || edge=M22B-E006975; evidence=M22B-EVID-007148 || edge=M22B-E006976; evidence=M22B-EVID-007149 || edge=M22B-E006977; evidence=M22B-EVID-007150 || edge=M22B-E006978; evidence=M22B-EVID-007151 || edge=M22B-E006979; evidence=M22B-EVID-007152 || edge=M22B-E006980; evidence=M22B-EVID-007153 || edge=M22B-E006981; evidence=M22B-EVID-007154 || edge=M22B-E006982; evidence=M22B-EVID-007155 || edge=M22B-E006983; evidence=M22B-EVID-007156 || edge=M22B-E006984; evidence=M22B-EVID-007157 || edge=M22B-E006985; evidence=M22B-EVID-007158 || edge=M22B-E009084; evidence=M22B-EVID-009257 || edge=M22B-E009085; evidence=M22B-EVID-009258 || edge=M22B-E009086; evidence=M22B-EVID-009259 || edge=M22B-E009087; evidence=M22B-EVID-009260 || edge=M22B-E009088; evidence=M22B-EVID-009261 || edge=M22B-E009089; evidence=M22B-EVID-009262 || edge=M22B-E009090; evidence=M22B-EVID-009263 || edge=M22B-E009091; evidence=M22B-EVID-009264 || edge=M22B-E009092; evidence=M22B-EVID-009265 || edge=M22B-E009093; evidence=M22B-EVID-009266 || edge=M22B-E009094; evidence=M22B-EVID-009267 || edge=M22B-E009095; evidence=M22B-EVID-009268 || edge=M22B-E009096; evidence=M22B-EVID-009269 || edge=M22B-E009097; evidence=M22B-EVID-009270 || edge=M22B-E009098; evidence=M22B-EVID-009271 || edge=M22B-E009509; evidence=M22B-EVID-009682 || edge=M22B-E009797; evidence=M22B-EVID-009970 || edge=M22B-E009798; evidence=M22B-EVID-009971 || edge=M22B-E009799; evidence=M22B-EVID-009972 || edge=M22B-E010621; evidence=M22B-EVID-010717
NODE06789	signaling_cascade	module20_24_export	Node participates in at least one evidence-gated exported mechanism edge.
NODE06790	signaling_cascade	module20_24_export	Node participates in at least one evidence-gated exported mechanism edge.
NODE06791	signaling_cascade	module20_24_export	Node participates in at least one evidence-gated exported mechanism edge.
NODE06792	signaling_cascade	module20_24_export	Node participates in at least one evidence-gated exported mechanism edge.
NODE06793	signaling_cascade	module20_24_export	Node participates in at least one evidence-gated exported mechanism edge.
NODE06793	target_gene	register_target_gene_layer	edge=M22B-E010091; evidence=M22B-EVID-010264
NODE06794	signaling_cascade	module20_24_export	Node participates in at least one evidence-gated exported mechanism edge.
NODE06795	signaling_cascade	module20_24_export	Node participates in at least one evidence-gated exported mechanism edge.
NODE06796	signaling_cascade	module20_24_export	Node participates in at least one evidence-gated exported mechanism edge.
NODE06796	target_gene	register_target_gene_layer	edge=M22B-E006816; evidence=M22B-EVID-006989 || edge=M22B-E008952; evidence=M22B-EVID-009125
NODE06797	signaling_cascade	module20_24_export	Node participates in at least one evidence-gated exported mechanism edge.
NODE06797	target_gene	register_target_gene_layer	edge=M22B-E007501; evidence=M22B-EVID-007674
NODE06798	signaling_cascade	module20_24_export	Node participates in at least one evidence-gated exported mechanism edge.
NODE06798	transcription_factor	register_target_gene_layer	edge=M22B-E010360; evidence=M22B-EVID-010532
NODE06799	signaling_cascade	module20_24_export	Node participates in at least one evidence-gated exported mechanism edge.
NODE06799	target_gene	register_target_gene_layer	edge=M22B-E007828; evidence=M22B-EVID-008001 || edge=M22B-E009273; evidence=M22B-EVID-009446
NODE06800	signaling_cascade	module20_24_export	Node participates in at least one evidence-gated exported mechanism edge.
NODE06801	signaling_cascade	module20_24_export	Node participates in at least one evidence-gated exported mechanism edge.
NODE06802	ligand	register_ligand_receptor_layer	edge=M20B-E004304; evidence=M20B-EVID-004304;M20B-EVID-004304-P2-DIRECT;M20B-EVID-004304-P2-FUNC;M20B-EVID-004304-P2-RELAY
NODE06802	signaling_cascade	module20_24_export	Node participates in at least one evidence-gated exported mechanism edge.
NODE06802	target_gene	register_target_gene_layer	edge=M22B-E006194; evidence=M22B-EVID-006367 || edge=M22B-E006545; evidence=M22B-EVID-006718 || edge=M22B-E008342; evidence=M22B-EVID-008515 || edge=M22B-E008703; evidence=M22B-EVID-008876
NODE06803	signaling_cascade	module20_24_export	Node participates in at least one evidence-gated exported mechanism edge.
NODE06804	signaling_cascade	module20_24_export	Node participates in at least one evidence-gated exported mechanism edge.
NODE06805	signaling_cascade	module20_24_export	Node participates in at least one evidence-gated exported mechanism edge.
NODE06806	signaling_cascade	module20_24_export	Node participates in at least one evidence-gated exported mechanism edge.
NODE06807	signaling_cascade	module20_24_export	Node participates in at least one evidence-gated exported mechanism edge.
NODE06808	receptor	register_ligand_receptor_layer	edge=M20B-E004756; evidence=M20B-EVID-004756;M20B-EVID-004756-P2-FUNC;M20B-EVID-004756-P2-RELAY
NODE06808	signaling_cascade	module20_24_export	Node participates in at least one evidence-gated exported mechanism edge.
NODE06808	target_gene	register_target_gene_layer	edge=M22B-E009663; evidence=M22B-EVID-009836 || edge=M22B-E010408; evidence=M22B-EVID-010580 || edge=M22B-E010409; evidence=M22B-EVID-010581
NODE06809	signaling_cascade	module20_24_export	Node participates in at least one evidence-gated exported mechanism edge.
NODE06810	signaling_cascade	module20_24_export	Node participates in at least one evidence-gated exported mechanism edge.
NODE06811	signaling_cascade	module20_24_export	Node participates in at least one evidence-gated exported mechanism edge.
NODE06812	signaling_cascade	module20_24_export	Node participates in at least one evidence-gated exported mechanism edge.
NODE06813	signaling_cascade	module20_24_export	Node participates in at least one evidence-gated exported mechanism edge.
NODE06814	signaling_cascade	module20_24_export	Node participates in at least one evidence-gated exported mechanism edge.
NODE06814	target_gene	register_target_gene_layer	edge=M22B-E006817; evidence=M22B-EVID-006990
NODE06815	signaling_cascade	module20_24_export	Node participates in at least one evidence-gated exported mechanism edge.
NODE06815	target_gene	register_target_gene_layer	edge=M22B-E000425; evidence=M22B-EVID-000059 || edge=M22B-E007829; evidence=M22B-EVID-008002 || edge=M22B-E009274; evidence=M22B-EVID-009447
NODE06815	transcription_factor	register_target_gene_layer	edge=M22B-E010389; evidence=M22B-EVID-010561 || edge=M22B-E010540; evidence=M22B-EVID-010649
NODE06816	signaling_cascade	module20_24_export	Node participates in at least one evidence-gated exported mechanism edge.
NODE06817	signaling_cascade	module20_24_export	Node participates in at least one evidence-gated exported mechanism edge.
NODE06818	signaling_cascade	module20_24_export	Node participates in at least one evidence-gated exported mechanism edge.
NODE06819	signaling_cascade	module20_24_export	Node participates in at least one evidence-gated exported mechanism edge.
NODE06820	signaling_cascade	module20_24_export	Node participates in at least one evidence-gated exported mechanism edge.
NODE06821	ligand	register_ligand_receptor_layer	edge=M20B-E004311; evidence=M20B-EVID-004311;M20B-EVID-004311-P2-DIRECT;M20B-EVID-004311-P2-FUNC;M20B-EVID-004311-P2-RELAY
NODE06821	signaling_cascade	module20_24_export	Node participates in at least one evidence-gated exported mechanism edge.
NODE06821	target_gene	register_target_gene_layer	edge=M22B-E006818; evidence=M22B-EVID-006991 || edge=M22B-E008953; evidence=M22B-EVID-009126
NODE06822	ligand	register_ligand_receptor_layer	edge=M23B-E000799; evidence=M23B-EVID-001083;M23B-EVID-001089
NODE06822	signaling_cascade	module20_24_export	Node participates in at least one evidence-gated exported mechanism edge.
NODE06823	signaling_cascade	module20_24_export	Node participates in at least one evidence-gated exported mechanism edge.
NODE06824	signaling_cascade	module20_24_export	Node participates in at least one evidence-gated exported mechanism edge.
NODE06825	signaling_cascade	module20_24_export	Node participates in at least one evidence-gated exported mechanism edge.
NODE06826	signaling_cascade	module20_24_export	Node participates in at least one evidence-gated exported mechanism edge.
NODE06826	target_gene	register_target_gene_layer	edge=M22B-E007830; evidence=M22B-EVID-008003 || edge=M22B-E009275; evidence=M22B-EVID-009448
NODE06827	signaling_cascade	module20_24_export	Node participates in at least one evidence-gated exported mechanism edge.
NODE06828	signaling_cascade	module20_24_export	Node participates in at least one evidence-gated exported mechanism edge.
NODE06829	signaling_cascade	module20_24_export	Node participates in at least one evidence-gated exported mechanism edge.
NODE06830	signaling_cascade	module20_24_export	Node participates in at least one evidence-gated exported mechanism edge.
NODE06830	target_gene	register_target_gene_layer	edge=M22B-E006819; evidence=M22B-EVID-006992 || edge=M22B-E008954; evidence=M22B-EVID-009127
NODE06831	signaling_cascade	module20_24_export	Node participates in at least one evidence-gated exported mechanism edge.
NODE06832	signaling_cascade	module20_24_export	Node participates in at least one evidence-gated exported mechanism edge.
NODE06833	signaling_cascade	module20_24_export	Node participates in at least one evidence-gated exported mechanism edge.
NODE06834	signaling_cascade	module20_24_export	Node participates in at least one evidence-gated exported mechanism edge.
NODE06835	signaling_cascade	module20_24_export	Node participates in at least one evidence-gated exported mechanism edge.
NODE06836	signaling_cascade	module20_24_export	Node participates in at least one evidence-gated exported mechanism edge.
NODE06836	target_gene	register_target_gene_layer	edge=M22B-E007239; evidence=M22B-EVID-007412
NODE06836	transcription_factor	register_target_gene_layer	edge=M22B-E010291; evidence=M22B-EVID-010464 || edge=M22B-E010421; evidence=M22B-EVID-010593 || edge=M22B-E010543; evidence=M22B-EVID-010651 || edge=M22B-E010689; evidence=M22B-EVID-010782
NODE06837	signaling_cascade	module20_24_export	Node participates in at least one evidence-gated exported mechanism edge.
NODE06838	signaling_cascade	module20_24_export	Node participates in at least one evidence-gated exported mechanism edge.
NODE06839	signaling_cascade	module20_24_export	Node participates in at least one evidence-gated exported mechanism edge.
NODE06839	transcription_factor	register_target_gene_layer	edge=M22B-E010586; evidence=M22B-EVID-010682
NODE06840	signaling_cascade	module20_24_export	Node participates in at least one evidence-gated exported mechanism edge.
NODE06840	transcription_factor	register_target_gene_layer	edge=M22B-E010633; evidence=M22B-EVID-010730
NODE06841	signaling_cascade	module20_24_export	Node participates in at least one evidence-gated exported mechanism edge.
NODE06841	target_gene	register_target_gene_layer	edge=M22B-E009379; evidence=M22B-EVID-009552 || edge=M22B-E009615; evidence=M22B-EVID-009788 || edge=M22B-E009923; evidence=M22B-EVID-010096
NODE06842	signaling_cascade	module20_24_export	Node participates in at least one evidence-gated exported mechanism edge.
NODE06842	transcription_factor	register_target_gene_layer	edge=M22B-E010648; evidence=M22B-EVID-010743
NODE06843	signaling_cascade	module20_24_export	Node participates in at least one evidence-gated exported mechanism edge.
NODE06843	transcription_factor	register_target_gene_layer	edge=M22B-E010424; evidence=M22B-EVID-010595
NODE06844	signaling_cascade	module20_24_export	Node participates in at least one evidence-gated exported mechanism edge.
NODE06845	ligand	register_ligand_receptor_layer	edge=M20B-E004312; evidence=M20B-EVID-004312;M20B-EVID-004312-P2-DIRECT;M20B-EVID-004312-P2-FUNC;M20B-EVID-004312-P2-RELAY || edge=M20B-E004313; evidence=M20B-EVID-004313;M20B-EVID-004313-P2-DIRECT;M20B-EVID-004313-P2-FUNC;M20B-EVID-004313-P2-RELAY || edge=M23B-E000804; evidence=M23B-EVID-001095 || edge=M23B-E000806; evidence=M23B-EVID-001097
NODE06845	receptor	register_ligand_receptor_layer	edge=M20B-E004397; evidence=M20B-EVID-004397;M20B-EVID-004397-P2-DIRECT;M20B-EVID-004397-P2-FUNC;M20B-EVID-004397-P2-RELAY || edge=M20B-E004400; evidence=M20B-EVID-004400
NODE06845	signaling_cascade	module20_24_export	Node participates in at least one evidence-gated exported mechanism edge.
NODE06845	target_gene	register_target_gene_layer	edge=M22B-E010019; evidence=M22B-EVID-010192
NODE06846	receptor	register_ligand_receptor_layer	edge=M23B-E000820; evidence=M23B-EVID-001111
NODE06846	signaling_cascade	module20_24_export	Node participates in at least one evidence-gated exported mechanism edge.
NODE06847	receptor	register_ligand_receptor_layer	edge=M23B-E000828; evidence=M23B-EVID-001119
NODE06847	signaling_cascade	module20_24_export	Node participates in at least one evidence-gated exported mechanism edge.
NODE06848	signaling_cascade	module20_24_export	Node participates in at least one evidence-gated exported mechanism edge.
NODE06849	signaling_cascade	module20_24_export	Node participates in at least one evidence-gated exported mechanism edge.
NODE06850	signaling_cascade	module20_24_export	Node participates in at least one evidence-gated exported mechanism edge.
NODE06851	signaling_cascade	module20_24_export	Node participates in at least one evidence-gated exported mechanism edge.
NODE06852	ligand	register_ligand_receptor_layer	edge=M20B-E004314; evidence=M20B-EVID-004314;M20B-EVID-004314-P2-DIRECT;M20B-EVID-004314-P2-FUNC;M20B-EVID-004314-P2-RELAY || edge=M23B-E000808; evidence=M23B-EVID-001099
NODE06852	receptor	register_ligand_receptor_layer	edge=M20B-E004398; evidence=M20B-EVID-004398;M20B-EVID-004398-P2-DIRECT;M20B-EVID-004398-P2-FUNC;M20B-EVID-004398-P2-RELAY || edge=M20B-E004401; evidence=M20B-EVID-004401;M20B-EVID-004401-P2-DIRECT;M20B-EVID-004401-P2-FUNC;M20B-EVID-004401-P2-RELAY
NODE06852	signaling_cascade	module20_24_export	Node participates in at least one evidence-gated exported mechanism edge.
NODE06852	target_gene	register_target_gene_layer	edge=M22B-E010406; evidence=M22B-EVID-010578
NODE06853	receptor	register_ligand_receptor_layer	edge=M23B-E000822; evidence=M23B-EVID-001113
NODE06853	signaling_cascade	module20_24_export	Node participates in at least one evidence-gated exported mechanism edge.
NODE06854	signaling_cascade	module20_24_export	Node participates in at least one evidence-gated exported mechanism edge.
NODE06855	ligand	register_ligand_receptor_layer	edge=M20B-E004316; evidence=M20B-EVID-004316;M20B-EVID-004316-P2-DIRECT;M20B-EVID-004316-P2-FUNC;M20B-EVID-004316-P2-RELAY || edge=M23B-E000810; evidence=M23B-EVID-001101
NODE06855	receptor	register_ligand_receptor_layer	edge=M20B-E004399; evidence=M20B-EVID-004399 || edge=M20B-E004402; evidence=M20B-EVID-004402
NODE06855	signaling_cascade	module20_24_export	Node participates in at least one evidence-gated exported mechanism edge.
NODE06855	target_gene	register_target_gene_layer	edge=M22B-E010407; evidence=M22B-EVID-010579
NODE06856	receptor	register_ligand_receptor_layer	edge=M23B-E000824; evidence=M23B-EVID-001115
NODE06856	signaling_cascade	module20_24_export	Node participates in at least one evidence-gated exported mechanism edge.
NODE06857	signaling_cascade	module20_24_export	Node participates in at least one evidence-gated exported mechanism edge.
NODE06858	signaling_cascade	module20_24_export	Node participates in at least one evidence-gated exported mechanism edge.
NODE06859	signaling_cascade	module20_24_export	Node participates in at least one evidence-gated exported mechanism edge.
NODE06860	signaling_cascade	module20_24_export	Node participates in at least one evidence-gated exported mechanism edge.
NODE06861	signaling_cascade	module20_24_export	Node participates in at least one evidence-gated exported mechanism edge.
NODE06862	signaling_cascade	module20_24_export	Node participates in at least one evidence-gated exported mechanism edge.
NODE06862	target_gene	register_target_gene_layer	edge=M22B-E007831; evidence=M22B-EVID-008004 || edge=M22B-E009276; evidence=M22B-EVID-009449
NODE06863	signaling_cascade	module20_24_export	Node participates in at least one evidence-gated exported mechanism edge.
NODE06864	signaling_cascade	module20_24_export	Node participates in at least one evidence-gated exported mechanism edge.
NODE06864	target_gene	register_target_gene_layer	edge=M22B-E007502; evidence=M22B-EVID-007675
NODE06865	signaling_cascade	module20_24_export	Node participates in at least one evidence-gated exported mechanism edge.
NODE06866	signaling_cascade	module20_24_export	Node participates in at least one evidence-gated exported mechanism edge.
NODE06867	signaling_cascade	module20_24_export	Node participates in at least one evidence-gated exported mechanism edge.
NODE06868	signaling_cascade	module20_24_export	Node participates in at least one evidence-gated exported mechanism edge.
NODE06869	signaling_cascade	module20_24_export	Node participates in at least one evidence-gated exported mechanism edge.
NODE06870	signaling_cascade	module20_24_export	Node participates in at least one evidence-gated exported mechanism edge.
NODE06870	target_gene	register_target_gene_layer	edge=M22B-E007503; evidence=M22B-EVID-007676
NODE06871	signaling_cascade	module20_24_export	Node participates in at least one evidence-gated exported mechanism edge.
NODE06872	signaling_cascade	module20_24_export	Node participates in at least one evidence-gated exported mechanism edge.
NODE06873	signaling_cascade	module20_24_export	Node participates in at least one evidence-gated exported mechanism edge.
NODE06874	signaling_cascade	module20_24_export	Node participates in at least one evidence-gated exported mechanism edge.
NODE06875	signaling_cascade	module20_24_export	Node participates in at least one evidence-gated exported mechanism edge.
NODE06876	signaling_cascade	module20_24_export	Node participates in at least one evidence-gated exported mechanism edge.
NODE06877	signaling_cascade	module20_24_export	Node participates in at least one evidence-gated exported mechanism edge.
NODE06878	signaling_cascade	module20_24_export	Node participates in at least one evidence-gated exported mechanism edge.
NODE06879	ligand	register_ligand_receptor_layer	edge=M20B-E004320; evidence=M20B-EVID-004320;M20B-EVID-004320-P2-DIRECT;M20B-EVID-004320-P2-FUNC;M20B-EVID-004320-P2-RELAY
NODE06879	signaling_cascade	module20_24_export	Node participates in at least one evidence-gated exported mechanism edge.
NODE06880	signaling_cascade	module20_24_export	Node participates in at least one evidence-gated exported mechanism edge.
NODE06881	receptor	register_ligand_receptor_layer	edge=M20B-E004320; evidence=M20B-EVID-004320;M20B-EVID-004320-P2-DIRECT;M20B-EVID-004320-P2-FUNC;M20B-EVID-004320-P2-RELAY
NODE06881	signaling_cascade	module20_24_export	Node participates in at least one evidence-gated exported mechanism edge.
NODE06881	target_gene	register_target_gene_layer	edge=M22B-E010379; evidence=M22B-EVID-010551
NODE06882	signaling_cascade	module20_24_export	Node participates in at least one evidence-gated exported mechanism edge.
NODE06882	target_gene	register_target_gene_layer	edge=M22B-E006820; evidence=M22B-EVID-006993 || edge=M22B-E007832; evidence=M22B-EVID-008005 || edge=M22B-E008955; evidence=M22B-EVID-009128 || edge=M22B-E009277; evidence=M22B-EVID-009450
NODE06883	signaling_cascade	module20_24_export	Node participates in at least one evidence-gated exported mechanism edge.
NODE06883	target_gene	register_target_gene_layer	edge=M22B-E007504; evidence=M22B-EVID-007677
NODE06884	signaling_cascade	module20_24_export	Node participates in at least one evidence-gated exported mechanism edge.
NODE06884	transcription_factor	register_target_gene_layer	edge=M22B-E010521; evidence=M22B-EVID-010635
NODE06885	ligand	register_ligand_receptor_layer	edge=M20B-E004324; evidence=M20B-EVID-004324;M20B-EVID-004324-P2-DIRECT;M20B-EVID-004324-P2-FUNC;M20B-EVID-004324-P2-RELAY || edge=M20B-E004325; evidence=M20B-EVID-004325
NODE06885	signaling_cascade	module20_24_export	Node participates in at least one evidence-gated exported mechanism edge.
NODE06886	signaling_cascade	module20_24_export	Node participates in at least one evidence-gated exported mechanism edge.
NODE06887	ligand	register_ligand_receptor_layer	edge=M20B-E004329; evidence=M20B-EVID-004329 || edge=M20B-E004330; evidence=M20B-EVID-004330
NODE06887	signaling_cascade	module20_24_export	Node participates in at least one evidence-gated exported mechanism edge.
NODE06888	receptor	register_ligand_receptor_layer	edge=M20B-E004324; evidence=M20B-EVID-004324;M20B-EVID-004324-P2-DIRECT;M20B-EVID-004324-P2-FUNC;M20B-EVID-004324-P2-RELAY || edge=M20B-E004329; evidence=M20B-EVID-004329
NODE06888	signaling_cascade	module20_24_export	Node participates in at least one evidence-gated exported mechanism edge.
NODE06889	signaling_cascade	module20_24_export	Node participates in at least one evidence-gated exported mechanism edge.
NODE06890	receptor	register_ligand_receptor_layer	edge=M20B-E004325; evidence=M20B-EVID-004325 || edge=M20B-E004330; evidence=M20B-EVID-004330
NODE06890	signaling_cascade	module20_24_export	Node participates in at least one evidence-gated exported mechanism edge.
NODE06891	signaling_cascade	module20_24_export	Node participates in at least one evidence-gated exported mechanism edge.
NODE06892	signaling_cascade	module20_24_export	Node participates in at least one evidence-gated exported mechanism edge.
NODE06893	signaling_cascade	module20_24_export	Node participates in at least one evidence-gated exported mechanism edge.
NODE06894	signaling_cascade	module20_24_export	Node participates in at least one evidence-gated exported mechanism edge.
NODE06895	signaling_cascade	module20_24_export	Node participates in at least one evidence-gated exported mechanism edge.
NODE06895	target_gene	register_target_gene_layer	edge=M22B-E006470; evidence=M22B-EVID-006643 || edge=M22B-E006821; evidence=M22B-EVID-006994 || edge=M22B-E008626; evidence=M22B-EVID-008799 || edge=M22B-E008956; evidence=M22B-EVID-009129
NODE06896	signaling_cascade	module20_24_export	Node participates in at least one evidence-gated exported mechanism edge.
NODE06897	signaling_cascade	module20_24_export	Node participates in at least one evidence-gated exported mechanism edge.
NODE06898	ligand	register_ligand_receptor_layer	edge=M20B-E004331; evidence=M20B-EVID-004331;M20B-EVID-004331-P2-DIRECT;M20B-EVID-004331-P2-FUNC;M20B-EVID-004331-P2-RELAY || edge=M20B-E004333; evidence=M20B-EVID-004333;M20B-EVID-004333-P2-DIRECT;M20B-EVID-004333-P2-FUNC;M20B-EVID-004333-P2-RELAY || edge=M20B-E004335; evidence=M20B-EVID-004335;M20B-EVID-004335-P2-DIRECT;M20B-EVID-004335-P2-FUNC;M20B-EVID-004335-P2-RELAY
NODE06898	signaling_cascade	module20_24_export	Node participates in at least one evidence-gated exported mechanism edge.
NODE06898	target_gene	register_target_gene_layer	edge=M22B-E010110; evidence=M22B-EVID-010283
NODE06899	signaling_cascade	module20_24_export	Node participates in at least one evidence-gated exported mechanism edge.
NODE06900	signaling_cascade	module20_24_export	Node participates in at least one evidence-gated exported mechanism edge.
NODE06901	signaling_cascade	module20_24_export	Node participates in at least one evidence-gated exported mechanism edge.
NODE06902	signaling_cascade	module20_24_export	Node participates in at least one evidence-gated exported mechanism edge.
NODE06903	signaling_cascade	module20_24_export	Node participates in at least one evidence-gated exported mechanism edge.
NODE06904	signaling_cascade	module20_24_export	Node participates in at least one evidence-gated exported mechanism edge.
NODE06905	signaling_cascade	module20_24_export	Node participates in at least one evidence-gated exported mechanism edge.
NODE06906	signaling_cascade	module20_24_export	Node participates in at least one evidence-gated exported mechanism edge.
NODE06907	signaling_cascade	module20_24_export	Node participates in at least one evidence-gated exported mechanism edge.
NODE06908	signaling_cascade	module20_24_export	Node participates in at least one evidence-gated exported mechanism edge.
NODE06909	signaling_cascade	module20_24_export	Node participates in at least one evidence-gated exported mechanism edge.
NODE06909	target_gene	register_target_gene_layer	edge=M22B-E006822; evidence=M22B-EVID-006995 || edge=M22B-E007240; evidence=M22B-EVID-007413 || edge=M22B-E008957; evidence=M22B-EVID-009130
NODE06910	signaling_cascade	module20_24_export	Node participates in at least one evidence-gated exported mechanism edge.
NODE06911	signaling_cascade	module20_24_export	Node participates in at least one evidence-gated exported mechanism edge.
NODE06912	signaling_cascade	module20_24_export	Node participates in at least one evidence-gated exported mechanism edge.
NODE06912	target_gene	register_target_gene_layer	edge=M22B-E006823; evidence=M22B-EVID-006996 || edge=M22B-E008958; evidence=M22B-EVID-009131
NODE06913	signaling_cascade	module20_24_export	Node participates in at least one evidence-gated exported mechanism edge.
NODE06914	signaling_cascade	module20_24_export	Node participates in at least one evidence-gated exported mechanism edge.
NODE06915	signaling_cascade	module20_24_export	Node participates in at least one evidence-gated exported mechanism edge.
NODE06916	signaling_cascade	module20_24_export	Node participates in at least one evidence-gated exported mechanism edge.
NODE06916	target_gene	register_target_gene_layer	edge=M22B-E006195; evidence=M22B-EVID-006368
NODE06917	signaling_cascade	module20_24_export	Node participates in at least one evidence-gated exported mechanism edge.
NODE06917	target_gene	register_target_gene_layer	edge=M22B-E006393; evidence=M22B-EVID-006566 || edge=M22B-E007505; evidence=M22B-EVID-007678 || edge=M22B-E007833; evidence=M22B-EVID-008006 || edge=M22B-E008343; evidence=M22B-EVID-008516 || edge=M22B-E008550; evidence=M22B-EVID-008723 || edge=M22B-E009278; evidence=M22B-EVID-009451 || edge=M22B-E009728; evidence=M22B-EVID-009901
NODE06918	signaling_cascade	module20_24_export	Node participates in at least one evidence-gated exported mechanism edge.
NODE06918	target_gene	register_target_gene_layer	edge=M22B-E005787; evidence=M22B-EVID-005960 || edge=M22B-E006085; evidence=M22B-EVID-006258 || edge=M22B-E006394; evidence=M22B-EVID-006567 || edge=M22B-E007241; evidence=M22B-EVID-007414 || edge=M22B-E007954; evidence=M22B-EVID-008127 || edge=M22B-E008246; evidence=M22B-EVID-008419 || edge=M22B-E008551; evidence=M22B-EVID-008724
NODE06919	signaling_cascade	module20_24_export	Node participates in at least one evidence-gated exported mechanism edge.
NODE06920	signaling_cascade	module20_24_export	Node participates in at least one evidence-gated exported mechanism edge.
NODE06921	signaling_cascade	module20_24_export	Node participates in at least one evidence-gated exported mechanism edge.
NODE06922	signaling_cascade	module20_24_export	Node participates in at least one evidence-gated exported mechanism edge.
NODE06923	receptor	register_ligand_receptor_layer	edge=M20B-E001925; evidence=M20B-EVID-001925 || edge=M20B-E002106; evidence=M20B-EVID-002106 || edge=M20B-E002984; evidence=M20B-EVID-002984 || edge=M20B-E004236; evidence=M20B-EVID-004236 || edge=M23B-E000947; evidence=M23B-EVID-001292
NODE06923	signaling_cascade	module20_24_export	Node participates in at least one evidence-gated exported mechanism edge.
NODE06923	target_gene	register_target_gene_layer	edge=M22B-E010318; evidence=M22B-EVID-010490 || edge=M22B-E010319; evidence=M22B-EVID-010491 || edge=M22B-E010320; evidence=M22B-EVID-010492
NODE06923	transcription_factor	register_target_gene_layer	edge=M22B-E010417; evidence=M22B-EVID-010589 || edge=M22B-E010613; evidence=M22B-EVID-010709
NODE06924	signaling_cascade	module20_24_export	Node participates in at least one evidence-gated exported mechanism edge.
NODE06925	signaling_cascade	module20_24_export	Node participates in at least one evidence-gated exported mechanism edge.
NODE06925	target_gene	register_target_gene_layer	edge=M22B-E000313; evidence=M22B-EVID-000272
NODE06926	signaling_cascade	module20_24_export	Node participates in at least one evidence-gated exported mechanism edge.
NODE06927	signaling_cascade	module20_24_export	Node participates in at least one evidence-gated exported mechanism edge.
NODE06928	signaling_cascade	module20_24_export	Node participates in at least one evidence-gated exported mechanism edge.
NODE06929	signaling_cascade	module20_24_export	Node participates in at least one evidence-gated exported mechanism edge.
NODE06930	receptor	register_ligand_receptor_layer	edge=M20B-E001926; evidence=M20B-EVID-001926;M20B-EVID-PROMO-20260826-036 || edge=M20B-E002107; evidence=M20B-EVID-002107 || edge=M20B-E004225; evidence=M20B-EVID-004225;M20B-EVID-004225-P2-DIRECT;M20B-EVID-004225-P2-FUNC;M20B-EVID-004225-P2-RELAY || edge=M23B-E000950; evidence=M23B-EVID-001295
NODE06930	signaling_cascade	module20_24_export	Node participates in at least one evidence-gated exported mechanism edge.
NODE06930	target_gene	register_target_gene_layer	edge=M22B-E010321; evidence=M22B-EVID-010493 || edge=M22B-E010322; evidence=M22B-EVID-010494 || edge=M22B-E010323; evidence=M22B-EVID-010495
NODE06931	signaling_cascade	module20_24_export	Node participates in at least one evidence-gated exported mechanism edge.
NODE06932	signaling_cascade	module20_24_export	Node participates in at least one evidence-gated exported mechanism edge.
NODE06933	signaling_cascade	module20_24_export	Node participates in at least one evidence-gated exported mechanism edge.
NODE06934	signaling_cascade	module20_24_export	Node participates in at least one evidence-gated exported mechanism edge.
NODE06935	receptor	register_ligand_receptor_layer	edge=M20B-E002110; evidence=M20B-EVID-002110 || edge=M20B-E005068; evidence=M20B-EVID-005068;M20B-EVID-005068-P2-DIRECT;M20B-EVID-005068-P2-FUNC;M20B-EVID-005068-P2-RELAY
NODE06935	signaling_cascade	module20_24_export	Node participates in at least one evidence-gated exported mechanism edge.
NODE06935	target_gene	register_target_gene_layer	edge=M22B-E010669; evidence=M22B-EVID-010762
NODE06936	signaling_cascade	module20_24_export	Node participates in at least one evidence-gated exported mechanism edge.
NODE06937	signaling_cascade	module20_24_export	Node participates in at least one evidence-gated exported mechanism edge.
NODE06938	signaling_cascade	module20_24_export	Node participates in at least one evidence-gated exported mechanism edge.
NODE06939	signaling_cascade	module20_24_export	Node participates in at least one evidence-gated exported mechanism edge.
NODE06940	receptor	register_ligand_receptor_layer	edge=M23B-E000734; evidence=M23B-EVID-000986
NODE06940	signaling_cascade	module20_24_export	Node participates in at least one evidence-gated exported mechanism edge.
NODE06941	receptor	register_ligand_receptor_layer	edge=M20B-E002111; evidence=M20B-EVID-002111
NODE06941	signaling_cascade	module20_24_export	Node participates in at least one evidence-gated exported mechanism edge.
NODE06941	target_gene	register_target_gene_layer	edge=M22B-E006824; evidence=M22B-EVID-006997 || edge=M22B-E008959; evidence=M22B-EVID-009132
NODE06942	signaling_cascade	module20_24_export	Node participates in at least one evidence-gated exported mechanism edge.
NODE06943	signaling_cascade	module20_24_export	Node participates in at least one evidence-gated exported mechanism edge.
NODE06944	signaling_cascade	module20_24_export	Node participates in at least one evidence-gated exported mechanism edge.
NODE06945	signaling_cascade	module20_24_export	Node participates in at least one evidence-gated exported mechanism edge.
NODE06946	signaling_cascade	module20_24_export	Node participates in at least one evidence-gated exported mechanism edge.
NODE06946	target_gene	register_target_gene_layer	edge=M22B-E006546; evidence=M22B-EVID-006719 || edge=M22B-E007506; evidence=M22B-EVID-007679
NODE06947	ligand	register_ligand_receptor_layer	edge=M20B-E004342; evidence=M20B-EVID-004342;M20B-EVID-004342-P2-DIRECT;M20B-EVID-004342-P2-FUNC;M20B-EVID-004342-P2-RELAY
NODE06947	signaling_cascade	module20_24_export	Node participates in at least one evidence-gated exported mechanism edge.
NODE06948	signaling_cascade	module20_24_export	Node participates in at least one evidence-gated exported mechanism edge.
NODE06949	receptor	register_ligand_receptor_layer	edge=M20B-E004342; evidence=M20B-EVID-004342;M20B-EVID-004342-P2-DIRECT;M20B-EVID-004342-P2-FUNC;M20B-EVID-004342-P2-RELAY || edge=M20B-E004369; evidence=M20B-EVID-004369;M20B-EVID-004369-P2-DIRECT;M20B-EVID-004369-P2-FUNC;M20B-EVID-004369-P2-RELAY
NODE06949	signaling_cascade	module20_24_export	Node participates in at least one evidence-gated exported mechanism edge.
NODE06950	signaling_cascade	module20_24_export	Node participates in at least one evidence-gated exported mechanism edge.
NODE06951	signaling_cascade	module20_24_export	Node participates in at least one evidence-gated exported mechanism edge.
NODE06952	signaling_cascade	module20_24_export	Node participates in at least one evidence-gated exported mechanism edge.
NODE06953	signaling_cascade	module20_24_export	Node participates in at least one evidence-gated exported mechanism edge.
NODE06954	signaling_cascade	module20_24_export	Node participates in at least one evidence-gated exported mechanism edge.
NODE06955	ligand	register_ligand_receptor_layer	edge=M20B-E004343; evidence=M20B-EVID-004343;M20B-EVID-004343-P2-DIRECT;M20B-EVID-004343-P2-FUNC;M20B-EVID-004343-P2-RELAY || edge=M20B-E004344; evidence=M20B-EVID-004344;M20B-EVID-004344-P2-DIRECT;M20B-EVID-004344-P2-FUNC;M20B-EVID-004344-P2-RELAY
NODE06955	signaling_cascade	module20_24_export	Node participates in at least one evidence-gated exported mechanism edge.
NODE06956	signaling_cascade	module20_24_export	Node participates in at least one evidence-gated exported mechanism edge.
NODE06957	receptor	register_ligand_receptor_layer	edge=M20B-E004343; evidence=M20B-EVID-004343;M20B-EVID-004343-P2-DIRECT;M20B-EVID-004343-P2-FUNC;M20B-EVID-004343-P2-RELAY || edge=M20B-E004364; evidence=M20B-EVID-004364;M20B-EVID-004364-P2-DIRECT;M20B-EVID-004364-P2-FUNC;M20B-EVID-004364-P2-RELAY
NODE06957	signaling_cascade	module20_24_export	Node participates in at least one evidence-gated exported mechanism edge.
NODE06958	signaling_cascade	module20_24_export	Node participates in at least one evidence-gated exported mechanism edge.
NODE06959	receptor	register_ligand_receptor_layer	edge=M20B-E004344; evidence=M20B-EVID-004344;M20B-EVID-004344-P2-DIRECT;M20B-EVID-004344-P2-FUNC;M20B-EVID-004344-P2-RELAY || edge=M20B-E004365; evidence=M20B-EVID-004365;M20B-EVID-004365-P2-DIRECT;M20B-EVID-004365-P2-FUNC;M20B-EVID-004365-P2-RELAY
NODE06959	signaling_cascade	module20_24_export	Node participates in at least one evidence-gated exported mechanism edge.
NODE06960	signaling_cascade	module20_24_export	Node participates in at least one evidence-gated exported mechanism edge.
NODE06961	signaling_cascade	module20_24_export	Node participates in at least one evidence-gated exported mechanism edge.
NODE06962	signaling_cascade	module20_24_export	Node participates in at least one evidence-gated exported mechanism edge.
NODE06963	signaling_cascade	module20_24_export	Node participates in at least one evidence-gated exported mechanism edge.
NODE06963	target_gene	register_target_gene_layer	edge=M22B-E006395; evidence=M22B-EVID-006568 || edge=M22B-E006825; evidence=M22B-EVID-006998 || edge=M22B-E008552; evidence=M22B-EVID-008725 || edge=M22B-E008960; evidence=M22B-EVID-009133
NODE06964	ligand	register_ligand_receptor_layer	edge=M23B-E000219; evidence=M23B-EVID-000109;M23B-EVID-000111;M23B-EVID-000304
NODE06964	signaling_cascade	module20_24_export	Node participates in at least one evidence-gated exported mechanism edge.
NODE06965	ligand	register_ligand_receptor_layer	edge=M20B-E002377; evidence=M20B-EVID-002377
NODE06965	signaling_cascade	module20_24_export	Node participates in at least one evidence-gated exported mechanism edge.
NODE06966	ligand	register_ligand_receptor_layer	edge=M20B-E002378; evidence=M20B-EVID-002378
NODE06966	signaling_cascade	module20_24_export	Node participates in at least one evidence-gated exported mechanism edge.
NODE06967	signaling_cascade	module20_24_export	Node participates in at least one evidence-gated exported mechanism edge.
NODE06968	ligand	register_ligand_receptor_layer	edge=M20B-E004345; evidence=M20B-EVID-004345;M20B-EVID-004345-P2-DIRECT;M20B-EVID-004345-P2-FUNC;M20B-EVID-004345-P2-RELAY;M20B-EVID-005323-P2-RELAY;M20B-EVID-005324-P2-FUNC
NODE06968	signaling_cascade	module20_24_export	Node participates in at least one evidence-gated exported mechanism edge.
NODE06968	target_gene	register_target_gene_layer	edge=M22B-E006196; evidence=M22B-EVID-006369 || edge=M22B-E008344; evidence=M22B-EVID-008517
NODE06969	signaling_cascade	module20_24_export	Node participates in at least one evidence-gated exported mechanism edge.
NODE06969	target_gene	register_target_gene_layer	edge=M22B-E006396; evidence=M22B-EVID-006569 || edge=M22B-E008553; evidence=M22B-EVID-008726
NODE06970	ligand	register_ligand_receptor_layer	edge=M20B-E004349; evidence=M20B-EVID-004349;M20B-EVID-004349-P2-DIRECT;M20B-EVID-004349-P2-FUNC;M20B-EVID-004349-P2-RELAY;M20B-EVID-005325-P2-RELAY;M20B-EVID-005326-P2-FUNC
NODE06970	signaling_cascade	module20_24_export	Node participates in at least one evidence-gated exported mechanism edge.
NODE06971	receptor	register_ligand_receptor_layer	edge=M20B-E004345; evidence=M20B-EVID-004345;M20B-EVID-004345-P2-DIRECT;M20B-EVID-004345-P2-FUNC;M20B-EVID-004345-P2-RELAY;M20B-EVID-005323-P2-RELAY;M20B-EVID-005324-P2-FUNC
NODE06971	signaling_cascade	module20_24_export	Node participates in at least one evidence-gated exported mechanism edge.
NODE06971	target_gene	register_target_gene_layer	edge=M22B-E009679; evidence=M22B-EVID-009852 || edge=M22B-E009865; evidence=M22B-EVID-010038 || edge=M22B-E010380; evidence=M22B-EVID-010552
NODE06972	signaling_cascade	module20_24_export	Node participates in at least one evidence-gated exported mechanism edge.
NODE06973	receptor	register_ligand_receptor_layer	edge=M20B-E004349; evidence=M20B-EVID-004349;M20B-EVID-004349-P2-DIRECT;M20B-EVID-004349-P2-FUNC;M20B-EVID-004349-P2-RELAY;M20B-EVID-005325-P2-RELAY;M20B-EVID-005326-P2-FUNC
NODE06973	signaling_cascade	module20_24_export	Node participates in at least one evidence-gated exported mechanism edge.
NODE06974	signaling_cascade	module20_24_export	Node participates in at least one evidence-gated exported mechanism edge.
NODE06975	receptor	register_ligand_receptor_layer	edge=M20B-E004441; evidence=M20B-EVID-004441;M20B-EVID-004441-P2-DIRECT;M20B-EVID-004441-P2-FUNC;M20B-EVID-004441-P2-RELAY
NODE06975	signaling_cascade	module20_24_export	Node participates in at least one evidence-gated exported mechanism edge.
NODE06975	target_gene	register_target_gene_layer	edge=M22B-E010647; evidence=M22B-EVID-010742
NODE06976	signaling_cascade	module20_24_export	Node participates in at least one evidence-gated exported mechanism edge.
NODE06977	ligand	register_ligand_receptor_layer	edge=M20B-E004356; evidence=M20B-EVID-004356;M20B-EVID-004356-P2-DIRECT;M20B-EVID-004356-P2-FUNC;M20B-EVID-004356-P2-RELAY
NODE06977	signaling_cascade	module20_24_export	Node participates in at least one evidence-gated exported mechanism edge.
NODE06978	receptor	register_ligand_receptor_layer	edge=M20B-E004356; evidence=M20B-EVID-004356;M20B-EVID-004356-P2-DIRECT;M20B-EVID-004356-P2-FUNC;M20B-EVID-004356-P2-RELAY
NODE06978	signaling_cascade	module20_24_export	Node participates in at least one evidence-gated exported mechanism edge.
NODE06979	signaling_cascade	module20_24_export	Node participates in at least one evidence-gated exported mechanism edge.
NODE06980	signaling_cascade	module20_24_export	Node participates in at least one evidence-gated exported mechanism edge.
NODE06981	ligand	register_ligand_receptor_layer	edge=M20B-E004362; evidence=M20B-EVID-004362;M20B-EVID-004362-P2-DIRECT;M20B-EVID-004362-P2-FUNC;M20B-EVID-004362-P2-RELAY
NODE06981	signaling_cascade	module20_24_export	Node participates in at least one evidence-gated exported mechanism edge.
NODE06982	signaling_cascade	module20_24_export	Node participates in at least one evidence-gated exported mechanism edge.
NODE06983	signaling_cascade	module20_24_export	Node participates in at least one evidence-gated exported mechanism edge.
NODE06984	ligand	register_ligand_receptor_layer	edge=M20B-E004363; evidence=M20B-EVID-004363;M20B-EVID-004363-P2-DIRECT;M20B-EVID-004363-P2-FUNC;M20B-EVID-004363-P2-RELAY
NODE06984	signaling_cascade	module20_24_export	Node participates in at least one evidence-gated exported mechanism edge.
NODE06985	signaling_cascade	module20_24_export	Node participates in at least one evidence-gated exported mechanism edge.
NODE06986	receptor	register_ligand_receptor_layer	edge=M20B-E004362; evidence=M20B-EVID-004362;M20B-EVID-004362-P2-DIRECT;M20B-EVID-004362-P2-FUNC;M20B-EVID-004362-P2-RELAY || edge=M20B-E004363; evidence=M20B-EVID-004363;M20B-EVID-004363-P2-DIRECT;M20B-EVID-004363-P2-FUNC;M20B-EVID-004363-P2-RELAY
NODE06986	signaling_cascade	module20_24_export	Node participates in at least one evidence-gated exported mechanism edge.
NODE06987	signaling_cascade	module20_24_export	Node participates in at least one evidence-gated exported mechanism edge.
NODE06988	ligand	register_ligand_receptor_layer	edge=M20B-E004364; evidence=M20B-EVID-004364;M20B-EVID-004364-P2-DIRECT;M20B-EVID-004364-P2-FUNC;M20B-EVID-004364-P2-RELAY || edge=M20B-E004365; evidence=M20B-EVID-004365;M20B-EVID-004365-P2-DIRECT;M20B-EVID-004365-P2-FUNC;M20B-EVID-004365-P2-RELAY
NODE06988	signaling_cascade	module20_24_export	Node participates in at least one evidence-gated exported mechanism edge.
NODE06989	ligand	register_ligand_receptor_layer	edge=M20B-E004369; evidence=M20B-EVID-004369;M20B-EVID-004369-P2-DIRECT;M20B-EVID-004369-P2-FUNC;M20B-EVID-004369-P2-RELAY
NODE06989	signaling_cascade	module20_24_export	Node participates in at least one evidence-gated exported mechanism edge.
NODE06990	signaling_cascade	module20_24_export	Node participates in at least one evidence-gated exported mechanism edge.
NODE06991	ligand	register_ligand_receptor_layer	edge=M20B-E004380; evidence=M20B-EVID-004380;M20B-EVID-004380-P2-DIRECT;M20B-EVID-004380-P2-FUNC;M20B-EVID-004380-P2-RELAY;M20B-EVID-005327-P2-RELAY;M20B-EVID-005328-P2-FUNC || edge=M20B-E004381; evidence=M20B-EVID-004381;M20B-EVID-004381-P2-DIRECT;M20B-EVID-004381-P2-FUNC;M20B-EVID-004381-P2-RELAY;M20B-EVID-005329-P2-RELAY || edge=M20B-E004382; evidence=M20B-EVID-004382;M20B-EVID-004382-P2-DIRECT;M20B-EVID-004382-P2-FUNC;M20B-EVID-004382-P2-RELAY
NODE06991	signaling_cascade	module20_24_export	Node participates in at least one evidence-gated exported mechanism edge.
NODE06991	target_gene	register_target_gene_layer	edge=M22B-E006547; evidence=M22B-EVID-006720 || edge=M22B-E007242; evidence=M22B-EVID-007415 || edge=M22B-E008704; evidence=M22B-EVID-008877
NODE06992	signaling_cascade	module20_24_export	Node participates in at least one evidence-gated exported mechanism edge.
NODE06993	receptor	register_ligand_receptor_layer	edge=M20B-E004380; evidence=M20B-EVID-004380;M20B-EVID-004380-P2-DIRECT;M20B-EVID-004380-P2-FUNC;M20B-EVID-004380-P2-RELAY;M20B-EVID-005327-P2-RELAY;M20B-EVID-005328-P2-FUNC || edge=M20B-E004680; evidence=M20B-EVID-004680;M20B-EVID-004680-P2-DIRECT;M20B-EVID-004680-P2-FUNC;M20B-EVID-004680-P2-RELAY
NODE06993	signaling_cascade	module20_24_export	Node participates in at least one evidence-gated exported mechanism edge.
NODE06993	target_gene	register_target_gene_layer	edge=M22B-E010390; evidence=M22B-EVID-010562 || edge=M22B-E010547; evidence=M22B-EVID-010654 || edge=M22B-E010548; evidence=M22B-EVID-010654
NODE06994	signaling_cascade	module20_24_export	Node participates in at least one evidence-gated exported mechanism edge.
NODE06995	receptor	register_ligand_receptor_layer	edge=M20B-E004381; evidence=M20B-EVID-004381;M20B-EVID-004381-P2-DIRECT;M20B-EVID-004381-P2-FUNC;M20B-EVID-004381-P2-RELAY;M20B-EVID-005329-P2-RELAY || edge=M20B-E004681; evidence=M20B-EVID-004681;M20B-EVID-004681-P2-DIRECT;M20B-EVID-004681-P2-FUNC;M20B-EVID-004681-P2-RELAY
NODE06995	signaling_cascade	module20_24_export	Node participates in at least one evidence-gated exported mechanism edge.
NODE06995	target_gene	register_target_gene_layer	edge=M22B-E010391; evidence=M22B-EVID-010563 || edge=M22B-E010545; evidence=M22B-EVID-010653 || edge=M22B-E010546; evidence=M22B-EVID-010653
NODE06996	signaling_cascade	module20_24_export	Node participates in at least one evidence-gated exported mechanism edge.
NODE06997	signaling_cascade	module20_24_export	Node participates in at least one evidence-gated exported mechanism edge.
NODE06998	receptor	register_ligand_receptor_layer	edge=M20B-E004382; evidence=M20B-EVID-004382;M20B-EVID-004382-P2-DIRECT;M20B-EVID-004382-P2-FUNC;M20B-EVID-004382-P2-RELAY || edge=M20B-E004682; evidence=M20B-EVID-004682;M20B-EVID-004682-P2-DIRECT;M20B-EVID-004682-P2-FUNC;M20B-EVID-004682-P2-RELAY
NODE06998	signaling_cascade	module20_24_export	Node participates in at least one evidence-gated exported mechanism edge.
NODE06998	target_gene	register_target_gene_layer	edge=M22B-E010392; evidence=M22B-EVID-010564 || edge=M22B-E010549; evidence=M22B-EVID-010654 || edge=M22B-E010550; evidence=M22B-EVID-010654
NODE06999	signaling_cascade	module20_24_export	Node participates in at least one evidence-gated exported mechanism edge.
NODE07000	signaling_cascade	module20_24_export	Node participates in at least one evidence-gated exported mechanism edge.
NODE07001	signaling_cascade	module20_24_export	Node participates in at least one evidence-gated exported mechanism edge.
NODE07001	target_gene	register_target_gene_layer	edge=M22B-E006197; evidence=M22B-EVID-006370 || edge=M22B-E006548; evidence=M22B-EVID-006721 || edge=M22B-E008345; evidence=M22B-EVID-008518 || edge=M22B-E008705; evidence=M22B-EVID-008878 || edge=M22B-E010004; evidence=M22B-EVID-010177
NODE07002	signaling_cascade	module20_24_export	Node participates in at least one evidence-gated exported mechanism edge.
NODE07002	target_gene	register_target_gene_layer	edge=M22B-E007243; evidence=M22B-EVID-007416
NODE07003	signaling_cascade	module20_24_export	Node participates in at least one evidence-gated exported mechanism edge.
NODE07003	target_gene	register_target_gene_layer	edge=M22B-E000289; evidence=M22B-EVID-000402
NODE07004	signaling_cascade	module20_24_export	Node participates in at least one evidence-gated exported mechanism edge.
NODE07004	target_gene	register_target_gene_layer	edge=M22B-E006826; evidence=M22B-EVID-006999 || edge=M22B-E008961; evidence=M22B-EVID-009134
NODE07005	signaling_cascade	module20_24_export	Node participates in at least one evidence-gated exported mechanism edge.
NODE07005	transcription_factor	register_target_gene_layer	edge=M22B-E010245; evidence=M22B-EVID-010418 || edge=M22B-E010247; evidence=M22B-EVID-010420
NODE07006	signaling_cascade	module20_24_export	Node participates in at least one evidence-gated exported mechanism edge.
NODE07006	transcription_factor	register_target_gene_layer	edge=M22B-E010230; evidence=M22B-EVID-010403 || edge=M22B-E010246; evidence=M22B-EVID-010419 || edge=M22B-E010248; evidence=M22B-EVID-010421 || edge=M22B-E010249; evidence=M22B-EVID-010422
NODE07007	signaling_cascade	module20_24_export	Node participates in at least one evidence-gated exported mechanism edge.
NODE07007	target_gene	register_target_gene_layer	edge=M22B-E007507; evidence=M22B-EVID-007680
NODE07007	transcription_factor	register_target_gene_layer	edge=M22B-E000287; evidence=M22B-EVID-000095 || edge=M22B-E000288; evidence=M22B-EVID-000096 || edge=M22B-E000289; evidence=M22B-EVID-000402 || edge=M22B-E010314; evidence=M22B-EVID-010486
NODE07008	signaling_cascade	module20_24_export	Node participates in at least one evidence-gated exported mechanism edge.
NODE07008	target_gene	register_target_gene_layer	edge=M22B-E010228; evidence=M22B-EVID-010401
NODE07008	transcription_factor	register_target_gene_layer	edge=M22B-E009913; evidence=M22B-EVID-010086 || edge=M22B-E009924; evidence=M22B-EVID-010097 || edge=M22B-E009925; evidence=M22B-EVID-010098 || edge=M22B-E010078; evidence=M22B-EVID-010251 || edge=M22B-E010079; evidence=M22B-EVID-010252 || edge=M22B-E010226; evidence=M22B-EVID-010399
NODE07009	signaling_cascade	module20_24_export	Node participates in at least one evidence-gated exported mechanism edge.
NODE07010	signaling_cascade	module20_24_export	Node participates in at least one evidence-gated exported mechanism edge.
NODE07011	signaling_cascade	module20_24_export	Node participates in at least one evidence-gated exported mechanism edge.
NODE07012	signaling_cascade	module20_24_export	Node participates in at least one evidence-gated exported mechanism edge.
NODE07012	target_gene	register_target_gene_layer	edge=M22B-E009680; evidence=M22B-EVID-009853
NODE07013	signaling_cascade	module20_24_export	Node participates in at least one evidence-gated exported mechanism edge.
NODE07013	target_gene	register_target_gene_layer	edge=M22B-E006397; evidence=M22B-EVID-006570 || edge=M22B-E006549; evidence=M22B-EVID-006722 || edge=M22B-E007244; evidence=M22B-EVID-007417 || edge=M22B-E008346; evidence=M22B-EVID-008519 || edge=M22B-E008554; evidence=M22B-EVID-008727
NODE07013	transcription_factor	register_target_gene_layer	edge=M22B-E000291; evidence=M22B-EVID-000103 || edge=M22B-E010373; evidence=M22B-EVID-010545
NODE07014	signaling_cascade	module20_24_export	Node participates in at least one evidence-gated exported mechanism edge.
NODE07015	signaling_cascade	module20_24_export	Node participates in at least one evidence-gated exported mechanism edge.
NODE07015	transcription_factor	register_target_gene_layer	edge=M22B-E010679; evidence=M22B-EVID-010772
NODE07016	signaling_cascade	module20_24_export	Node participates in at least one evidence-gated exported mechanism edge.
NODE07016	transcription_factor	register_target_gene_layer	edge=M22B-E000292; evidence=M22B-EVID-000097 || edge=M22B-E009926; evidence=M22B-EVID-010099 || edge=M22B-E010031; evidence=M22B-EVID-010204 || edge=M22B-E010080; evidence=M22B-EVID-010253 || edge=M22B-E010081; evidence=M22B-EVID-010254 || edge=M22B-E010082; evidence=M22B-EVID-010255 || edge=M22B-E010083; evidence=M22B-EVID-010256 || edge=M22B-E010084; evidence=M22B-EVID-010257 || edge=M22B-E010085; evidence=M22B-EVID-010258 || edge=M22B-E010235; evidence=M22B-EVID-010408 || edge=M22B-E010358; evidence=M22B-EVID-010530
NODE07017	signaling_cascade	module20_24_export	Node participates in at least one evidence-gated exported mechanism edge.
NODE07017	target_gene	register_target_gene_layer	edge=M22B-E005926; evidence=M22B-EVID-006099 || edge=M22B-E006086; evidence=M22B-EVID-006259 || edge=M22B-E006398; evidence=M22B-EVID-006571 || edge=M22B-E007245; evidence=M22B-EVID-007418 || edge=M22B-E008097; evidence=M22B-EVID-008270 || edge=M22B-E008247; evidence=M22B-EVID-008420 || edge=M22B-E008555; evidence=M22B-EVID-008728
NODE07017	transcription_factor	register_target_gene_layer	edge=M22B-E010236; evidence=M22B-EVID-010409
NODE07018	signaling_cascade	module20_24_export	Node participates in at least one evidence-gated exported mechanism edge.
NODE07019	signaling_cascade	module20_24_export	Node participates in at least one evidence-gated exported mechanism edge.
NODE07020	signaling_cascade	module20_24_export	Node participates in at least one evidence-gated exported mechanism edge.
NODE07020	target_gene	register_target_gene_layer	edge=M22B-E005788; evidence=M22B-EVID-005961 || edge=M22B-E007955; evidence=M22B-EVID-008128
NODE07020	transcription_factor	register_target_gene_layer	edge=M22B-E010282; evidence=M22B-EVID-010455
NODE07021	signaling_cascade	module20_24_export	Node participates in at least one evidence-gated exported mechanism edge.
NODE07021	target_gene	register_target_gene_layer	edge=M22B-E006399; evidence=M22B-EVID-006572 || edge=M22B-E008556; evidence=M22B-EVID-008729
NODE07022	signaling_cascade	module20_24_export	Node participates in at least one evidence-gated exported mechanism edge.
NODE07022	transcription_factor	register_target_gene_layer	edge=M22B-E010237; evidence=M22B-EVID-010410 || edge=M22B-E010535; evidence=M22B-EVID-010646
NODE07023	signaling_cascade	module20_24_export	Node participates in at least one evidence-gated exported mechanism edge.
NODE07023	target_gene	register_target_gene_layer	edge=M22B-E006827; evidence=M22B-EVID-007000
NODE07024	signaling_cascade	module20_24_export	Node participates in at least one evidence-gated exported mechanism edge.
NODE07025	receptor	register_ligand_receptor_layer	edge=M20B-E002976; evidence=M20B-EVID-002976 || edge=M23B-E000456; evidence=M23B-EVID-000636
NODE07025	signaling_cascade	module20_24_export	Node participates in at least one evidence-gated exported mechanism edge.
NODE07025	target_gene	register_target_gene_layer	edge=M22B-E006272; evidence=M22B-EVID-006445 || edge=M22B-E008424; evidence=M22B-EVID-008597
NODE07026	receptor	register_ligand_receptor_layer	edge=M23B-E000348; evidence=M23B-EVID-000507
NODE07026	signaling_cascade	module20_24_export	Node participates in at least one evidence-gated exported mechanism edge.
NODE07027	signaling_cascade	module20_24_export	Node participates in at least one evidence-gated exported mechanism edge.
NODE07028	signaling_cascade	module20_24_export	Node participates in at least one evidence-gated exported mechanism edge.
NODE07029	signaling_cascade	module20_24_export	Node participates in at least one evidence-gated exported mechanism edge.
NODE07030	signaling_cascade	module20_24_export	Node participates in at least one evidence-gated exported mechanism edge.
NODE07031	signaling_cascade	module20_24_export	Node participates in at least one evidence-gated exported mechanism edge.
NODE07032	receptor	register_ligand_receptor_layer	edge=M23B-E000906; evidence=M23B-EVID-001218
NODE07032	signaling_cascade	module20_24_export	Node participates in at least one evidence-gated exported mechanism edge.
NODE07033	signaling_cascade	module20_24_export	Node participates in at least one evidence-gated exported mechanism edge.
NODE07034	signaling_cascade	module20_24_export	Node participates in at least one evidence-gated exported mechanism edge.
NODE07034	transcription_factor	register_target_gene_layer	edge=M22B-E010209; evidence=M22B-EVID-010382 || edge=M22B-E010372; evidence=M22B-EVID-010544
NODE07035	signaling_cascade	module20_24_export	Node participates in at least one evidence-gated exported mechanism edge.
NODE07035	transcription_factor	register_target_gene_layer	edge=M22B-E010529; evidence=M22B-EVID-010641 || edge=M22B-E010672; evidence=M22B-EVID-010765
NODE07036	signaling_cascade	module20_24_export	Node participates in at least one evidence-gated exported mechanism edge.
NODE07037	ligand	register_ligand_receptor_layer	edge=M23B-E000812; evidence=M23B-EVID-001103 || edge=M23B-E000815; evidence=M23B-EVID-001106
NODE07037	signaling_cascade	module20_24_export	Node participates in at least one evidence-gated exported mechanism edge.
NODE07038	signaling_cascade	module20_24_export	Node participates in at least one evidence-gated exported mechanism edge.
NODE07039	signaling_cascade	module20_24_export	Node participates in at least one evidence-gated exported mechanism edge.
NODE07040	ligand	register_ligand_receptor_layer	edge=M20B-E004385; evidence=M20B-EVID-004385;M20B-EVID-004385-P2-DIRECT;M20B-EVID-004385-P2-FUNC;M20B-EVID-004385-P2-RELAY || edge=M20B-E004386; evidence=M20B-EVID-004386;M20B-EVID-004386-P2-DIRECT;M20B-EVID-004386-P2-FUNC;M20B-EVID-004386-P2-RELAY
NODE07040	signaling_cascade	module20_24_export	Node participates in at least one evidence-gated exported mechanism edge.
NODE07041	signaling_cascade	module20_24_export	Node participates in at least one evidence-gated exported mechanism edge.
NODE07042	signaling_cascade	module20_24_export	Node participates in at least one evidence-gated exported mechanism edge.
NODE07043	signaling_cascade	module20_24_export	Node participates in at least one evidence-gated exported mechanism edge.
NODE07044	signaling_cascade	module20_24_export	Node participates in at least one evidence-gated exported mechanism edge.
NODE07044	target_gene	register_target_gene_layer	edge=M22B-E009790; evidence=M22B-EVID-009963 || edge=M22B-E009866; evidence=M22B-EVID-010039
NODE07045	signaling_cascade	module20_24_export	Node participates in at least one evidence-gated exported mechanism edge.
NODE07046	signaling_cascade	module20_24_export	Node participates in at least one evidence-gated exported mechanism edge.
NODE07047	receptor	register_ligand_receptor_layer	edge=M20B-E002980; evidence=M20B-EVID-002980 || edge=M20B-E003444; evidence=M20B-EVID-003444 || edge=M20B-E003797; evidence=M20B-EVID-003797 || edge=M20B-E005209; evidence=M20B-EVID-005209;M20B-EVID-005340-P2-DIRECT;M20B-EVID-005341-P2-RELAY || edge=M23B-E000164; evidence=M23B-EVID-000238 || edge=M23B-E000232; evidence=M23B-EVID-000318 || edge=M23B-E000469; evidence=M23B-EVID-000649
NODE07047	signaling_cascade	module20_24_export	Node participates in at least one evidence-gated exported mechanism edge.
NODE07047	target_gene	register_target_gene_layer	edge=M22B-E006087; evidence=M22B-EVID-006260 || edge=M22B-E006273; evidence=M22B-EVID-006446 || edge=M22B-E008248; evidence=M22B-EVID-008421 || edge=M22B-E008425; evidence=M22B-EVID-008598 || edge=M22B-E009867; evidence=M22B-EVID-010040
NODE07048	receptor	register_ligand_receptor_layer	edge=M23B-E000155; evidence=M23B-EVID-000229
NODE07048	signaling_cascade	module20_24_export	Node participates in at least one evidence-gated exported mechanism edge.
NODE07049	signaling_cascade	module20_24_export	Node participates in at least one evidence-gated exported mechanism edge.
NODE07050	signaling_cascade	module20_24_export	Node participates in at least one evidence-gated exported mechanism edge.
NODE07051	signaling_cascade	module20_24_export	Node participates in at least one evidence-gated exported mechanism edge.
NODE07052	signaling_cascade	module20_24_export	Node participates in at least one evidence-gated exported mechanism edge.
NODE07053	signaling_cascade	module20_24_export	Node participates in at least one evidence-gated exported mechanism edge.
NODE07054	signaling_cascade	module20_24_export	Node participates in at least one evidence-gated exported mechanism edge.
NODE07055	signaling_cascade	module20_24_export	Node participates in at least one evidence-gated exported mechanism edge.
NODE07056	signaling_cascade	module20_24_export	Node participates in at least one evidence-gated exported mechanism edge.
NODE07057	signaling_cascade	module20_24_export	Node participates in at least one evidence-gated exported mechanism edge.
NODE07058	signaling_cascade	module20_24_export	Node participates in at least one evidence-gated exported mechanism edge.
NODE07059	signaling_cascade	module20_24_export	Node participates in at least one evidence-gated exported mechanism edge.
NODE07060	signaling_cascade	module20_24_export	Node participates in at least one evidence-gated exported mechanism edge.
NODE07061	signaling_cascade	module20_24_export	Node participates in at least one evidence-gated exported mechanism edge.
NODE07062	receptor	register_ligand_receptor_layer	edge=M23B-E000854; evidence=M23B-EVID-001153
NODE07062	signaling_cascade	module20_24_export	Node participates in at least one evidence-gated exported mechanism edge.
NODE07063	receptor	register_ligand_receptor_layer	edge=M20B-E004813; evidence=M20B-EVID-004813;M20B-EVID-004813-P2-DIRECT;M20B-EVID-004813-P2-FUNC;M20B-EVID-004813-P2-RELAY
NODE07063	signaling_cascade	module20_24_export	Node participates in at least one evidence-gated exported mechanism edge.
NODE07064	receptor	register_ligand_receptor_layer	edge=M20B-E004814; evidence=M20B-EVID-004814;M20B-EVID-004814-P2-DIRECT;M20B-EVID-004814-P2-FUNC;M20B-EVID-004814-P2-RELAY
NODE07064	signaling_cascade	module20_24_export	Node participates in at least one evidence-gated exported mechanism edge.
NODE07065	receptor	register_ligand_receptor_layer	edge=M20B-E004815; evidence=M20B-EVID-004815;M20B-EVID-004815-P2-BOUNDARY;M20B-EVID-004815-P2-FUNC;M20B-EVID-004815-P2-RELAY
NODE07065	signaling_cascade	module20_24_export	Node participates in at least one evidence-gated exported mechanism edge.
NODE07066	receptor	register_ligand_receptor_layer	edge=M20B-E004816; evidence=M20B-EVID-004816;M20B-EVID-004816-P2-DIRECT;M20B-EVID-004816-P2-FUNC;M20B-EVID-004816-P2-RELAY
NODE07066	signaling_cascade	module20_24_export	Node participates in at least one evidence-gated exported mechanism edge.
NODE07067	receptor	register_ligand_receptor_layer	edge=M20B-E005203; evidence=M20B-EVID-005203;M20B-EVID-005338-P2-RELAY;M20B-EVID-005339-P2-FUNC || edge=M20B-E005216; evidence=M20B-EVID-005216
NODE07067	signaling_cascade	module20_24_export	Node participates in at least one evidence-gated exported mechanism edge.
NODE07067	target_gene	register_target_gene_layer	edge=M22B-E007508; evidence=M22B-EVID-007681 || edge=M22B-E007834; evidence=M22B-EVID-008007 || edge=M22B-E009279; evidence=M22B-EVID-009452
NODE07068	signaling_cascade	module20_24_export	Node participates in at least one evidence-gated exported mechanism edge.
NODE07069	signaling_cascade	module20_24_export	Node participates in at least one evidence-gated exported mechanism edge.
NODE07070	signaling_cascade	module20_24_export	Node participates in at least one evidence-gated exported mechanism edge.
NODE07071	signaling_cascade	module20_24_export	Node participates in at least one evidence-gated exported mechanism edge.
NODE07072	signaling_cascade	module20_24_export	Node participates in at least one evidence-gated exported mechanism edge.
NODE07073	signaling_cascade	module20_24_export	Node participates in at least one evidence-gated exported mechanism edge.
NODE07074	signaling_cascade	module20_24_export	Node participates in at least one evidence-gated exported mechanism edge.
NODE07075	signaling_cascade	module20_24_export	Node participates in at least one evidence-gated exported mechanism edge.
NODE07076	signaling_cascade	module20_24_export	Node participates in at least one evidence-gated exported mechanism edge.
NODE07077	signaling_cascade	module20_24_export	Node participates in at least one evidence-gated exported mechanism edge.
NODE07078	signaling_cascade	module20_24_export	Node participates in at least one evidence-gated exported mechanism edge.
NODE07079	signaling_cascade	module20_24_export	Node participates in at least one evidence-gated exported mechanism edge.
NODE07080	signaling_cascade	module20_24_export	Node participates in at least one evidence-gated exported mechanism edge.
NODE07081	receptor	register_ligand_receptor_layer	edge=M20B-E004847; evidence=M20B-EVID-004847 || edge=M20B-E004853; evidence=M20B-EVID-004853;M20B-EVID-004853-P2-BOUNDARY
NODE07081	signaling_cascade	module20_24_export	Node participates in at least one evidence-gated exported mechanism edge.
NODE07082	receptor	register_ligand_receptor_layer	edge=M20B-E004848; evidence=M20B-EVID-004848;M20B-EVID-004848-P2-BOUNDARY || edge=M20B-E004854; evidence=M20B-EVID-004854;M20B-EVID-004854-P2-DIRECT;M20B-EVID-004854-P2-FUNC;M20B-EVID-004854-P2-RELAY
NODE07082	signaling_cascade	module20_24_export	Node participates in at least one evidence-gated exported mechanism edge.
NODE07083	receptor	register_ligand_receptor_layer	edge=M20B-E004849; evidence=M20B-EVID-004849;M20B-EVID-004849-P2-DIRECT;M20B-EVID-004849-P2-FUNC;M20B-EVID-004849-P2-RELAY
NODE07083	signaling_cascade	module20_24_export	Node participates in at least one evidence-gated exported mechanism edge.
NODE07084	signaling_cascade	module20_24_export	Node participates in at least one evidence-gated exported mechanism edge.
NODE07084	target_gene	register_target_gene_layer	edge=M22B-E010615; evidence=M22B-EVID-010711
NODE07085	signaling_cascade	module20_24_export	Node participates in at least one evidence-gated exported mechanism edge.
NODE07086	signaling_cascade	module20_24_export	Node participates in at least one evidence-gated exported mechanism edge.
NODE07087	signaling_cascade	module20_24_export	Node participates in at least one evidence-gated exported mechanism edge.
NODE07088	signaling_cascade	module20_24_export	Node participates in at least one evidence-gated exported mechanism edge.
NODE07089	ligand	register_ligand_receptor_layer	edge=M20B-E001461; evidence=M20B-EVID-001461 || edge=M20B-E004397; evidence=M20B-EVID-004397;M20B-EVID-004397-P2-DIRECT;M20B-EVID-004397-P2-FUNC;M20B-EVID-004397-P2-RELAY || edge=M20B-E004398; evidence=M20B-EVID-004398;M20B-EVID-004398-P2-DIRECT;M20B-EVID-004398-P2-FUNC;M20B-EVID-004398-P2-RELAY || edge=M20B-E004399; evidence=M20B-EVID-004399 || edge=M23B-E000818; evidence=M23B-EVID-001109 || edge=M23B-E000820; evidence=M23B-EVID-001111 || edge=M23B-E000822; evidence=M23B-EVID-001113 || edge=M23B-E000824; evidence=M23B-EVID-001115
NODE07089	receptor	register_ligand_receptor_layer	edge=M20B-E004312; evidence=M20B-EVID-004312;M20B-EVID-004312-P2-DIRECT;M20B-EVID-004312-P2-FUNC;M20B-EVID-004312-P2-RELAY || edge=M20B-E004314; evidence=M20B-EVID-004314;M20B-EVID-004314-P2-DIRECT;M20B-EVID-004314-P2-FUNC;M20B-EVID-004314-P2-RELAY || edge=M20B-E004316; evidence=M20B-EVID-004316;M20B-EVID-004316-P2-DIRECT;M20B-EVID-004316-P2-FUNC;M20B-EVID-004316-P2-RELAY || edge=M20B-E004426; evidence=M20B-EVID-004426 || edge=M20B-E004429; evidence=M20B-EVID-004429 || edge=M23B-E000804; evidence=M23B-EVID-001095 || edge=M23B-E000808; evidence=M23B-EVID-001099 || edge=M23B-E000810; evidence=M23B-EVID-001101
NODE07089	signaling_cascade	module20_24_export	Node participates in at least one evidence-gated exported mechanism edge.
NODE07089	target_gene	register_target_gene_layer	edge=M22B-E010376; evidence=M22B-EVID-010548
NODE07090	signaling_cascade	module20_24_export	Node participates in at least one evidence-gated exported mechanism edge.
NODE07091	signaling_cascade	module20_24_export	Node participates in at least one evidence-gated exported mechanism edge.
NODE07092	signaling_cascade	module20_24_export	Node participates in at least one evidence-gated exported mechanism edge.
NODE07093	signaling_cascade	module20_24_export	Node participates in at least one evidence-gated exported mechanism edge.
NODE07094	signaling_cascade	module20_24_export	Node participates in at least one evidence-gated exported mechanism edge.
NODE07095	signaling_cascade	module20_24_export	Node participates in at least one evidence-gated exported mechanism edge.
NODE07096	signaling_cascade	module20_24_export	Node participates in at least one evidence-gated exported mechanism edge.
NODE07097	signaling_cascade	module20_24_export	Node participates in at least one evidence-gated exported mechanism edge.
NODE07098	signaling_cascade	module20_24_export	Node participates in at least one evidence-gated exported mechanism edge.
NODE07099	signaling_cascade	module20_24_export	Node participates in at least one evidence-gated exported mechanism edge.
NODE07100	signaling_cascade	module20_24_export	Node participates in at least one evidence-gated exported mechanism edge.
NODE07101	signaling_cascade	module20_24_export	Node participates in at least one evidence-gated exported mechanism edge.
NODE07102	signaling_cascade	module20_24_export	Node participates in at least one evidence-gated exported mechanism edge.
NODE07103	signaling_cascade	module20_24_export	Node participates in at least one evidence-gated exported mechanism edge.
NODE07104	signaling_cascade	module20_24_export	Node participates in at least one evidence-gated exported mechanism edge.
NODE07105	signaling_cascade	module20_24_export	Node participates in at least one evidence-gated exported mechanism edge.
NODE07106	signaling_cascade	module20_24_export	Node participates in at least one evidence-gated exported mechanism edge.
NODE07107	ligand	register_ligand_receptor_layer	edge=M20B-E001470; evidence=M20B-EVID-001470 || edge=M20B-E004400; evidence=M20B-EVID-004400 || edge=M20B-E004401; evidence=M20B-EVID-004401;M20B-EVID-004401-P2-DIRECT;M20B-EVID-004401-P2-FUNC;M20B-EVID-004401-P2-RELAY || edge=M20B-E004402; evidence=M20B-EVID-004402 || edge=M23B-E000826; evidence=M23B-EVID-001117 || edge=M23B-E000828; evidence=M23B-EVID-001119
NODE07107	receptor	register_ligand_receptor_layer	edge=M20B-E004313; evidence=M20B-EVID-004313;M20B-EVID-004313-P2-DIRECT;M20B-EVID-004313-P2-FUNC;M20B-EVID-004313-P2-RELAY || edge=M20B-E004427; evidence=M20B-EVID-004427 || edge=M20B-E004430; evidence=M20B-EVID-004430 || edge=M23B-E000806; evidence=M23B-EVID-001097
NODE07107	signaling_cascade	module20_24_export	Node participates in at least one evidence-gated exported mechanism edge.
NODE07108	signaling_cascade	module20_24_export	Node participates in at least one evidence-gated exported mechanism edge.
NODE07109	signaling_cascade	module20_24_export	Node participates in at least one evidence-gated exported mechanism edge.
NODE07110	signaling_cascade	module20_24_export	Node participates in at least one evidence-gated exported mechanism edge.
NODE07111	signaling_cascade	module20_24_export	Node participates in at least one evidence-gated exported mechanism edge.
NODE07112	ligand	register_ligand_receptor_layer	edge=M20B-E001479; evidence=M20B-EVID-001479
NODE07112	signaling_cascade	module20_24_export	Node participates in at least one evidence-gated exported mechanism edge.
NODE07113	receptor	register_ligand_receptor_layer	edge=M24B-E000081; evidence=M24B-EVID-000117
NODE07113	signaling_cascade	module20_24_export	Node participates in at least one evidence-gated exported mechanism edge.
NODE07114	signaling_cascade	module20_24_export	Node participates in at least one evidence-gated exported mechanism edge.
NODE07115	signaling_cascade	module20_24_export	Node participates in at least one evidence-gated exported mechanism edge.
NODE07116	signaling_cascade	module20_24_export	Node participates in at least one evidence-gated exported mechanism edge.
NODE07117	signaling_cascade	module20_24_export	Node participates in at least one evidence-gated exported mechanism edge.
NODE07118	signaling_cascade	module20_24_export	Node participates in at least one evidence-gated exported mechanism edge.
NODE07119	signaling_cascade	module20_24_export	Node participates in at least one evidence-gated exported mechanism edge.
NODE07120	signaling_cascade	module20_24_export	Node participates in at least one evidence-gated exported mechanism edge.
NODE07121	signaling_cascade	module20_24_export	Node participates in at least one evidence-gated exported mechanism edge.
NODE07122	signaling_cascade	module20_24_export	Node participates in at least one evidence-gated exported mechanism edge.
NODE07123	signaling_cascade	module20_24_export	Node participates in at least one evidence-gated exported mechanism edge.
NODE07124	signaling_cascade	module20_24_export	Node participates in at least one evidence-gated exported mechanism edge.
NODE07125	signaling_cascade	module20_24_export	Node participates in at least one evidence-gated exported mechanism edge.
NODE07126	signaling_cascade	module20_24_export	Node participates in at least one evidence-gated exported mechanism edge.
NODE07126	target_gene	register_target_gene_layer	edge=M22B-E006400; evidence=M22B-EVID-006573 || edge=M22B-E008557; evidence=M22B-EVID-008730
NODE07127	ligand	register_ligand_receptor_layer	edge=M20B-E004404; evidence=M20B-EVID-004404;M20B-EVID-004404-P2-DIRECT;M20B-EVID-004404-P2-FUNC;M20B-EVID-004404-P2-RELAY || edge=M20B-E004405; evidence=M20B-EVID-004405;M20B-EVID-004405-P2-DIRECT;M20B-EVID-004405-P2-FUNC;M20B-EVID-004405-P2-RELAY
NODE07127	signaling_cascade	module20_24_export	Node participates in at least one evidence-gated exported mechanism edge.
NODE07127	target_gene	register_target_gene_layer	edge=M22B-E006198; evidence=M22B-EVID-006371 || edge=M22B-E008347; evidence=M22B-EVID-008520
NODE07128	signaling_cascade	module20_24_export	Node participates in at least one evidence-gated exported mechanism edge.
NODE07129	signaling_cascade	module20_24_export	Node participates in at least one evidence-gated exported mechanism edge.
NODE07130	ligand	register_ligand_receptor_layer	edge=M20B-E004407; evidence=M20B-EVID-004407;M20B-EVID-004407-P2-DIRECT;M20B-EVID-004407-P2-FUNC;M20B-EVID-004407-P2-RELAY
NODE07130	signaling_cascade	module20_24_export	Node participates in at least one evidence-gated exported mechanism edge.
NODE07131	signaling_cascade	module20_24_export	Node participates in at least one evidence-gated exported mechanism edge.
NODE07132	signaling_cascade	module20_24_export	Node participates in at least one evidence-gated exported mechanism edge.
NODE07132	target_gene	register_target_gene_layer	edge=M22B-E006828; evidence=M22B-EVID-007001 || edge=M22B-E008962; evidence=M22B-EVID-009135
NODE07133	signaling_cascade	module20_24_export	Node participates in at least one evidence-gated exported mechanism edge.
NODE07134	ligand	register_ligand_receptor_layer	edge=M20B-E002232; evidence=M20B-EVID-002232 || edge=M20B-E002233; evidence=M20B-EVID-002233;M20B-EVID-PROMO-20260826-040 || edge=M20B-E002234; evidence=M20B-EVID-002234 || edge=M20B-E002235; evidence=M20B-EVID-002235 || edge=M20B-E002236; evidence=M20B-EVID-002236;M20B-EVID-PROMO-20260826-041 || edge=M20B-E004409; evidence=M20B-EVID-004409;M20B-EVID-004409-P2-DIRECT;M20B-EVID-004409-P2-FUNC;M20B-EVID-004409-P2-RELAY || edge=M20B-E004410; evidence=M20B-EVID-004410;M20B-EVID-004410-P2-DIRECT;M20B-EVID-004410-P2-FUNC;M20B-EVID-004410-P2-RELAY || edge=M20B-E004411; evidence=M20B-EVID-004411 || edge=M23B-E000221; evidence=M23B-EVID-000306;M23B-EVID-PROMO-20260826-016
NODE07134	signaling_cascade	module20_24_export	Node participates in at least one evidence-gated exported mechanism edge.
NODE07134	target_gene	register_target_gene_layer	edge=M22B-E006401; evidence=M22B-EVID-006574 || edge=M22B-E008558; evidence=M22B-EVID-008731
NODE07135	ligand	register_ligand_receptor_layer	edge=M23B-E000980; evidence=M23B-EVID-001325
NODE07135	signaling_cascade	module20_24_export	Node participates in at least one evidence-gated exported mechanism edge.
NODE07136	ligand	register_ligand_receptor_layer	edge=M20B-E004413; evidence=M20B-EVID-004413
NODE07136	signaling_cascade	module20_24_export	Node participates in at least one evidence-gated exported mechanism edge.
NODE07136	target_gene	register_target_gene_layer	edge=M22B-E006829; evidence=M22B-EVID-007002 || edge=M22B-E008963; evidence=M22B-EVID-009136
NODE07137	signaling_cascade	module20_24_export	Node participates in at least one evidence-gated exported mechanism edge.
NODE07138	ligand	register_ligand_receptor_layer	edge=M20B-E002380; evidence=M20B-EVID-002380 || edge=M20B-E002381; evidence=M20B-EVID-002381 || edge=M20B-E004414; evidence=M20B-EVID-004414;M20B-EVID-004414-P2-DIRECT;M20B-EVID-004414-P2-FUNC;M20B-EVID-004414-P2-RELAY || edge=M23B-E000223; evidence=M23B-EVID-000309
NODE07138	signaling_cascade	module20_24_export	Node participates in at least one evidence-gated exported mechanism edge.
NODE07139	signaling_cascade	module20_24_export	Node participates in at least one evidence-gated exported mechanism edge.
NODE07140	signaling_cascade	module20_24_export	Node participates in at least one evidence-gated exported mechanism edge.
NODE07141	ligand	register_ligand_receptor_layer	edge=M20B-E004416; evidence=M20B-EVID-004416;M20B-EVID-004416-P2-DIRECT;M20B-EVID-004416-P2-FUNC;M20B-EVID-004416-P2-RELAY || edge=M23B-E000830; evidence=M23B-EVID-001121
NODE07141	signaling_cascade	module20_24_export	Node participates in at least one evidence-gated exported mechanism edge.
NODE07142	receptor	register_ligand_receptor_layer	edge=M23B-E000670; evidence=M23B-EVID-000893
NODE07142	signaling_cascade	module20_24_export	Node participates in at least one evidence-gated exported mechanism edge.
NODE07143	ligand	register_ligand_receptor_layer	edge=M20B-E004417; evidence=M20B-EVID-004417;M20B-EVID-004417-P2-DIRECT;M20B-EVID-004417-P2-FUNC;M20B-EVID-004417-P2-RELAY || edge=M23B-E000832; evidence=M23B-EVID-001123
NODE07143	signaling_cascade	module20_24_export	Node participates in at least one evidence-gated exported mechanism edge.
NODE07143	target_gene	register_target_gene_layer	edge=M22B-E010282; evidence=M22B-EVID-010455
NODE07144	receptor	register_ligand_receptor_layer	edge=M23B-E000666; evidence=M23B-EVID-000889
NODE07144	signaling_cascade	module20_24_export	Node participates in at least one evidence-gated exported mechanism edge.
NODE07145	signaling_cascade	module20_24_export	Node participates in at least one evidence-gated exported mechanism edge.
NODE07145	target_gene	register_target_gene_layer	edge=M22B-E006402; evidence=M22B-EVID-006575 || edge=M22B-E006550; evidence=M22B-EVID-006723 || edge=M22B-E008559; evidence=M22B-EVID-008732 || edge=M22B-E008706; evidence=M22B-EVID-008879
NODE07146	signaling_cascade	module20_24_export	Node participates in at least one evidence-gated exported mechanism edge.
NODE07147	signaling_cascade	module20_24_export	Node participates in at least one evidence-gated exported mechanism edge.
NODE07148	signaling_cascade	module20_24_export	Node participates in at least one evidence-gated exported mechanism edge.
NODE07149	signaling_cascade	module20_24_export	Node participates in at least one evidence-gated exported mechanism edge.
NODE07150	signaling_cascade	module20_24_export	Node participates in at least one evidence-gated exported mechanism edge.
NODE07151	receptor	register_ligand_receptor_layer	edge=M20B-E001802; evidence=M20B-EVID-001802 || edge=M20B-E004404; evidence=M20B-EVID-004404;M20B-EVID-004404-P2-DIRECT;M20B-EVID-004404-P2-FUNC;M20B-EVID-004404-P2-RELAY || edge=M20B-E004407; evidence=M20B-EVID-004407;M20B-EVID-004407-P2-DIRECT;M20B-EVID-004407-P2-FUNC;M20B-EVID-004407-P2-RELAY
NODE07151	signaling_cascade	module20_24_export	Node participates in at least one evidence-gated exported mechanism edge.
NODE07151	target_gene	register_target_gene_layer	edge=M22B-E010020; evidence=M22B-EVID-010193
NODE07152	signaling_cascade	module20_24_export	Node participates in at least one evidence-gated exported mechanism edge.
NODE07153	signaling_cascade	module20_24_export	Node participates in at least one evidence-gated exported mechanism edge.
NODE07154	signaling_cascade	module20_24_export	Node participates in at least one evidence-gated exported mechanism edge.
NODE07155	signaling_cascade	module20_24_export	Node participates in at least one evidence-gated exported mechanism edge.
NODE07156	receptor	register_ligand_receptor_layer	edge=M20B-E004405; evidence=M20B-EVID-004405;M20B-EVID-004405-P2-DIRECT;M20B-EVID-004405-P2-FUNC;M20B-EVID-004405-P2-RELAY || edge=M23B-E000841; evidence=M23B-EVID-001136
NODE07156	signaling_cascade	module20_24_export	Node participates in at least one evidence-gated exported mechanism edge.
NODE07156	target_gene	register_target_gene_layer	edge=M22B-E010410; evidence=M22B-EVID-010582
NODE07157	signaling_cascade	module20_24_export	Node participates in at least one evidence-gated exported mechanism edge.
NODE07158	signaling_cascade	module20_24_export	Node participates in at least one evidence-gated exported mechanism edge.
NODE07159	ligand	register_ligand_receptor_layer	edge=M20B-E004422; evidence=M20B-EVID-004422;M20B-EVID-004422-P2-DIRECT;M20B-EVID-004422-P2-FUNC;M20B-EVID-004422-P2-RELAY || edge=M20B-E004423; evidence=M20B-EVID-004423;M20B-EVID-004423-P2-DIRECT;M20B-EVID-004423-P2-FUNC;M20B-EVID-004423-P2-RELAY || edge=M20B-E004424; evidence=M20B-EVID-004424;M20B-EVID-004424-P2-DIRECT;M20B-EVID-004424-P2-FUNC;M20B-EVID-004424-P2-RELAY
NODE07159	signaling_cascade	module20_24_export	Node participates in at least one evidence-gated exported mechanism edge.
NODE07159	target_gene	register_target_gene_layer	edge=M22B-E006199; evidence=M22B-EVID-006372 || edge=M22B-E006551; evidence=M22B-EVID-006724 || edge=M22B-E008348; evidence=M22B-EVID-008521 || edge=M22B-E008707; evidence=M22B-EVID-008880
NODE07160	receptor	register_ligand_receptor_layer	edge=M20B-E004422; evidence=M20B-EVID-004422;M20B-EVID-004422-P2-DIRECT;M20B-EVID-004422-P2-FUNC;M20B-EVID-004422-P2-RELAY
NODE07160	signaling_cascade	module20_24_export	Node participates in at least one evidence-gated exported mechanism edge.
NODE07160	target_gene	register_target_gene_layer	edge=M22B-E010419; evidence=M22B-EVID-010591
NODE07161	signaling_cascade	module20_24_export	Node participates in at least one evidence-gated exported mechanism edge.
NODE07162	receptor	register_ligand_receptor_layer	edge=M20B-E004423; evidence=M20B-EVID-004423;M20B-EVID-004423-P2-DIRECT;M20B-EVID-004423-P2-FUNC;M20B-EVID-004423-P2-RELAY
NODE07162	signaling_cascade	module20_24_export	Node participates in at least one evidence-gated exported mechanism edge.
NODE07163	signaling_cascade	module20_24_export	Node participates in at least one evidence-gated exported mechanism edge.
NODE07164	signaling_cascade	module20_24_export	Node participates in at least one evidence-gated exported mechanism edge.
NODE07165	signaling_cascade	module20_24_export	Node participates in at least one evidence-gated exported mechanism edge.
NODE07165	target_gene	register_target_gene_layer	edge=M22B-E006830; evidence=M22B-EVID-007003 || edge=M22B-E008964; evidence=M22B-EVID-009137
NODE07166	ligand	register_ligand_receptor_layer	edge=M20B-E004426; evidence=M20B-EVID-004426 || edge=M20B-E004427; evidence=M20B-EVID-004427
NODE07166	signaling_cascade	module20_24_export	Node participates in at least one evidence-gated exported mechanism edge.
NODE07167	signaling_cascade	module20_24_export	Node participates in at least one evidence-gated exported mechanism edge.
NODE07168	ligand	register_ligand_receptor_layer	edge=M20B-E004429; evidence=M20B-EVID-004429 || edge=M20B-E004430; evidence=M20B-EVID-004430
NODE07168	signaling_cascade	module20_24_export	Node participates in at least one evidence-gated exported mechanism edge.
NODE07169	signaling_cascade	module20_24_export	Node participates in at least one evidence-gated exported mechanism edge.
NODE07170	signaling_cascade	module20_24_export	Node participates in at least one evidence-gated exported mechanism edge.
NODE07170	target_gene	register_target_gene_layer	edge=M22B-E006831; evidence=M22B-EVID-007004 || edge=M22B-E008965; evidence=M22B-EVID-009138
NODE07171	signaling_cascade	module20_24_export	Node participates in at least one evidence-gated exported mechanism edge.
NODE07172	signaling_cascade	module20_24_export	Node participates in at least one evidence-gated exported mechanism edge.
NODE07173	signaling_cascade	module20_24_export	Node participates in at least one evidence-gated exported mechanism edge.
NODE07174	signaling_cascade	module20_24_export	Node participates in at least one evidence-gated exported mechanism edge.
NODE07174	target_gene	register_target_gene_layer	edge=M22B-E007509; evidence=M22B-EVID-007682
NODE07175	signaling_cascade	module20_24_export	Node participates in at least one evidence-gated exported mechanism edge.
NODE07176	signaling_cascade	module20_24_export	Node participates in at least one evidence-gated exported mechanism edge.
NODE07176	target_gene	register_target_gene_layer	edge=M22B-E006088; evidence=M22B-EVID-006261 || edge=M22B-E007510; evidence=M22B-EVID-007683 || edge=M22B-E008249; evidence=M22B-EVID-008422
NODE07177	signaling_cascade	module20_24_export	Node participates in at least one evidence-gated exported mechanism edge.
NODE07177	target_gene	register_target_gene_layer	edge=M22B-E007511; evidence=M22B-EVID-007684
NODE07178	signaling_cascade	module20_24_export	Node participates in at least one evidence-gated exported mechanism edge.
NODE07178	target_gene	register_target_gene_layer	edge=M22B-E007512; evidence=M22B-EVID-007685
NODE07179	signaling_cascade	module20_24_export	Node participates in at least one evidence-gated exported mechanism edge.
NODE07180	signaling_cascade	module20_24_export	Node participates in at least one evidence-gated exported mechanism edge.
NODE07180	transcription_factor	register_target_gene_layer	edge=M22B-E000296; evidence=M22B-EVID-000394
NODE07181	signaling_cascade	module20_24_export	Node participates in at least one evidence-gated exported mechanism edge.
NODE07181	target_gene	register_target_gene_layer	edge=M22B-E006832; evidence=M22B-EVID-007005 || edge=M22B-E008966; evidence=M22B-EVID-009139
NODE07182	signaling_cascade	module20_24_export	Node participates in at least one evidence-gated exported mechanism edge.
NODE07182	target_gene	register_target_gene_layer	edge=M22B-E010421; evidence=M22B-EVID-010593 || edge=M22B-E010422; evidence=M22B-EVID-010594
NODE07183	signaling_cascade	module20_24_export	Node participates in at least one evidence-gated exported mechanism edge.
NODE07184	signaling_cascade	module20_24_export	Node participates in at least one evidence-gated exported mechanism edge.
NODE07185	signaling_cascade	module20_24_export	Node participates in at least one evidence-gated exported mechanism edge.
NODE07185	target_gene	register_target_gene_layer	edge=M22B-E006833; evidence=M22B-EVID-007006 || edge=M22B-E007246; evidence=M22B-EVID-007419 || edge=M22B-E008967; evidence=M22B-EVID-009140 || edge=M22B-E009474; evidence=M22B-EVID-009647 || edge=M22B-E009759; evidence=M22B-EVID-009932
NODE07186	signaling_cascade	module20_24_export	Node participates in at least one evidence-gated exported mechanism edge.
NODE07187	signaling_cascade	module20_24_export	Node participates in at least one evidence-gated exported mechanism edge.
NODE07188	signaling_cascade	module20_24_export	Node participates in at least one evidence-gated exported mechanism edge.
NODE07188	target_gene	register_target_gene_layer	edge=M22B-E007835; evidence=M22B-EVID-008008 || edge=M22B-E009280; evidence=M22B-EVID-009453
NODE07189	signaling_cascade	module20_24_export	Node participates in at least one evidence-gated exported mechanism edge.
NODE07189	target_gene	register_target_gene_layer	edge=M22B-E006471; evidence=M22B-EVID-006644 || edge=M22B-E008627; evidence=M22B-EVID-008800
NODE07190	signaling_cascade	module20_24_export	Node participates in at least one evidence-gated exported mechanism edge.
NODE07191	signaling_cascade	module20_24_export	Node participates in at least one evidence-gated exported mechanism edge.
NODE07192	signaling_cascade	module20_24_export	Node participates in at least one evidence-gated exported mechanism edge.
NODE07193	signaling_cascade	module20_24_export	Node participates in at least one evidence-gated exported mechanism edge.
NODE07194	signaling_cascade	module20_24_export	Node participates in at least one evidence-gated exported mechanism edge.
NODE07195	signaling_cascade	module20_24_export	Node participates in at least one evidence-gated exported mechanism edge.
NODE07196	signaling_cascade	module20_24_export	Node participates in at least one evidence-gated exported mechanism edge.
NODE07197	signaling_cascade	module20_24_export	Node participates in at least one evidence-gated exported mechanism edge.
NODE07198	signaling_cascade	module20_24_export	Node participates in at least one evidence-gated exported mechanism edge.
NODE07199	signaling_cascade	module20_24_export	Node participates in at least one evidence-gated exported mechanism edge.
NODE07200	signaling_cascade	module20_24_export	Node participates in at least one evidence-gated exported mechanism edge.
NODE07201	signaling_cascade	module20_24_export	Node participates in at least one evidence-gated exported mechanism edge.
NODE07202	signaling_cascade	module20_24_export	Node participates in at least one evidence-gated exported mechanism edge.
NODE07203	signaling_cascade	module20_24_export	Node participates in at least one evidence-gated exported mechanism edge.
NODE07204	signaling_cascade	module20_24_export	Node participates in at least one evidence-gated exported mechanism edge.
NODE07205	signaling_cascade	module20_24_export	Node participates in at least one evidence-gated exported mechanism edge.
NODE07206	signaling_cascade	module20_24_export	Node participates in at least one evidence-gated exported mechanism edge.
NODE07207	signaling_cascade	module20_24_export	Node participates in at least one evidence-gated exported mechanism edge.
NODE07208	signaling_cascade	module20_24_export	Node participates in at least one evidence-gated exported mechanism edge.
NODE07209	signaling_cascade	module20_24_export	Node participates in at least one evidence-gated exported mechanism edge.
NODE07210	signaling_cascade	module20_24_export	Node participates in at least one evidence-gated exported mechanism edge.
NODE07211	signaling_cascade	module20_24_export	Node participates in at least one evidence-gated exported mechanism edge.
NODE07212	signaling_cascade	module20_24_export	Node participates in at least one evidence-gated exported mechanism edge.
NODE07213	signaling_cascade	module20_24_export	Node participates in at least one evidence-gated exported mechanism edge.
NODE07214	signaling_cascade	module20_24_export	Node participates in at least one evidence-gated exported mechanism edge.
NODE07215	signaling_cascade	module20_24_export	Node participates in at least one evidence-gated exported mechanism edge.
NODE07216	signaling_cascade	module20_24_export	Node participates in at least one evidence-gated exported mechanism edge.
NODE07217	signaling_cascade	module20_24_export	Node participates in at least one evidence-gated exported mechanism edge.
NODE07218	signaling_cascade	module20_24_export	Node participates in at least one evidence-gated exported mechanism edge.
NODE07219	receptor	register_ligand_receptor_layer	edge=M20B-E003162; evidence=M20B-EVID-003162
NODE07219	signaling_cascade	module20_24_export	Node participates in at least one evidence-gated exported mechanism edge.
NODE07220	signaling_cascade	module20_24_export	Node participates in at least one evidence-gated exported mechanism edge.
NODE07221	signaling_cascade	module20_24_export	Node participates in at least one evidence-gated exported mechanism edge.
NODE07222	signaling_cascade	module20_24_export	Node participates in at least one evidence-gated exported mechanism edge.
NODE07223	signaling_cascade	module20_24_export	Node participates in at least one evidence-gated exported mechanism edge.
NODE07224	signaling_cascade	module20_24_export	Node participates in at least one evidence-gated exported mechanism edge.
NODE07225	signaling_cascade	module20_24_export	Node participates in at least one evidence-gated exported mechanism edge.
NODE07226	signaling_cascade	module20_24_export	Node participates in at least one evidence-gated exported mechanism edge.
NODE07227	signaling_cascade	module20_24_export	Node participates in at least one evidence-gated exported mechanism edge.
NODE07228	signaling_cascade	module20_24_export	Node participates in at least one evidence-gated exported mechanism edge.
NODE07229	signaling_cascade	module20_24_export	Node participates in at least one evidence-gated exported mechanism edge.
NODE07230	signaling_cascade	module20_24_export	Node participates in at least one evidence-gated exported mechanism edge.
NODE07231	signaling_cascade	module20_24_export	Node participates in at least one evidence-gated exported mechanism edge.
NODE07232	signaling_cascade	module20_24_export	Node participates in at least one evidence-gated exported mechanism edge.
NODE07233	signaling_cascade	module20_24_export	Node participates in at least one evidence-gated exported mechanism edge.
NODE07234	signaling_cascade	module20_24_export	Node participates in at least one evidence-gated exported mechanism edge.
NODE07235	signaling_cascade	module20_24_export	Node participates in at least one evidence-gated exported mechanism edge.
NODE07236	signaling_cascade	module20_24_export	Node participates in at least one evidence-gated exported mechanism edge.
NODE07237	signaling_cascade	module20_24_export	Node participates in at least one evidence-gated exported mechanism edge.
NODE07238	signaling_cascade	module20_24_export	Node participates in at least one evidence-gated exported mechanism edge.
NODE07239	signaling_cascade	module20_24_export	Node participates in at least one evidence-gated exported mechanism edge.
NODE07240	signaling_cascade	module20_24_export	Node participates in at least one evidence-gated exported mechanism edge.
NODE07241	signaling_cascade	module20_24_export	Node participates in at least one evidence-gated exported mechanism edge.
NODE07242	signaling_cascade	module20_24_export	Node participates in at least one evidence-gated exported mechanism edge.
NODE07243	signaling_cascade	module20_24_export	Node participates in at least one evidence-gated exported mechanism edge.
NODE07244	signaling_cascade	module20_24_export	Node participates in at least one evidence-gated exported mechanism edge.
NODE07245	signaling_cascade	module20_24_export	Node participates in at least one evidence-gated exported mechanism edge.
NODE07246	signaling_cascade	module20_24_export	Node participates in at least one evidence-gated exported mechanism edge.
NODE07247	signaling_cascade	module20_24_export	Node participates in at least one evidence-gated exported mechanism edge.
NODE07248	signaling_cascade	module20_24_export	Node participates in at least one evidence-gated exported mechanism edge.
NODE07249	signaling_cascade	module20_24_export	Node participates in at least one evidence-gated exported mechanism edge.
NODE07250	signaling_cascade	module20_24_export	Node participates in at least one evidence-gated exported mechanism edge.
NODE07251	signaling_cascade	module20_24_export	Node participates in at least one evidence-gated exported mechanism edge.
NODE07252	signaling_cascade	module20_24_export	Node participates in at least one evidence-gated exported mechanism edge.
NODE07253	signaling_cascade	module20_24_export	Node participates in at least one evidence-gated exported mechanism edge.
NODE07254	signaling_cascade	module20_24_export	Node participates in at least one evidence-gated exported mechanism edge.
NODE07254	target_gene	register_target_gene_layer	edge=M22B-E009681; evidence=M22B-EVID-009854 || edge=M22B-E009868; evidence=M22B-EVID-010041
NODE07255	signaling_cascade	module20_24_export	Node participates in at least one evidence-gated exported mechanism edge.
NODE07256	signaling_cascade	module20_24_export	Node participates in at least one evidence-gated exported mechanism edge.
NODE07256	target_gene	register_target_gene_layer	edge=M22B-E010513; evidence=M22B-EVID-010629
NODE07257	signaling_cascade	module20_24_export	Node participates in at least one evidence-gated exported mechanism edge.
NODE07258	receptor	register_ligand_receptor_layer	edge=M20B-E004547; evidence=M20B-EVID-004547;M20B-EVID-004547-P2-DIRECT;M20B-EVID-004547-P2-FUNC;M20B-EVID-004547-P2-RELAY
NODE07258	signaling_cascade	module20_24_export	Node participates in at least one evidence-gated exported mechanism edge.
NODE07258	target_gene	register_target_gene_layer	edge=M22B-E010533; evidence=M22B-EVID-010645
NODE07259	signaling_cascade	module20_24_export	Node participates in at least one evidence-gated exported mechanism edge.
NODE07260	signaling_cascade	module20_24_export	Node participates in at least one evidence-gated exported mechanism edge.
NODE07260	target_gene	register_target_gene_layer	edge=M22B-E007247; evidence=M22B-EVID-007420 || edge=M22B-E007513; evidence=M22B-EVID-007686 || edge=M22B-E010541; evidence=M22B-EVID-010650
NODE07261	signaling_cascade	module20_24_export	Node participates in at least one evidence-gated exported mechanism edge.
NODE07262	signaling_cascade	module20_24_export	Node participates in at least one evidence-gated exported mechanism edge.
NODE07263	signaling_cascade	module20_24_export	Node participates in at least one evidence-gated exported mechanism edge.
NODE07264	signaling_cascade	module20_24_export	Node participates in at least one evidence-gated exported mechanism edge.
NODE07265	signaling_cascade	module20_24_export	Node participates in at least one evidence-gated exported mechanism edge.
NODE07266	signaling_cascade	module20_24_export	Node participates in at least one evidence-gated exported mechanism edge.
NODE07267	signaling_cascade	module20_24_export	Node participates in at least one evidence-gated exported mechanism edge.
NODE07268	signaling_cascade	module20_24_export	Node participates in at least one evidence-gated exported mechanism edge.
NODE07269	signaling_cascade	module20_24_export	Node participates in at least one evidence-gated exported mechanism edge.
NODE07270	signaling_cascade	module20_24_export	Node participates in at least one evidence-gated exported mechanism edge.
NODE07271	signaling_cascade	module20_24_export	Node participates in at least one evidence-gated exported mechanism edge.
NODE07272	signaling_cascade	module20_24_export	Node participates in at least one evidence-gated exported mechanism edge.
NODE07273	ligand	register_ligand_receptor_layer	edge=M20B-E004439; evidence=M20B-EVID-004439;M20B-EVID-004439-P2-DIRECT;M20B-EVID-004439-P2-FUNC;M20B-EVID-004439-P2-RELAY || edge=M20B-E004440; evidence=M20B-EVID-004440;M20B-EVID-004440-P2-DIRECT;M20B-EVID-004440-P2-FUNC;M20B-EVID-004440-P2-RELAY
NODE07273	signaling_cascade	module20_24_export	Node participates in at least one evidence-gated exported mechanism edge.
NODE07274	signaling_cascade	module20_24_export	Node participates in at least one evidence-gated exported mechanism edge.
NODE07275	signaling_cascade	module20_24_export	Node participates in at least one evidence-gated exported mechanism edge.
NODE07275	target_gene	register_target_gene_layer	edge=M22B-E010428; evidence=M22B-EVID-010598
NODE07276	signaling_cascade	module20_24_export	Node participates in at least one evidence-gated exported mechanism edge.
NODE07277	signaling_cascade	module20_24_export	Node participates in at least one evidence-gated exported mechanism edge.
NODE07278	signaling_cascade	module20_24_export	Node participates in at least one evidence-gated exported mechanism edge.
NODE07279	signaling_cascade	module20_24_export	Node participates in at least one evidence-gated exported mechanism edge.
NODE07280	signaling_cascade	module20_24_export	Node participates in at least one evidence-gated exported mechanism edge.
NODE07281	signaling_cascade	module20_24_export	Node participates in at least one evidence-gated exported mechanism edge.
NODE07282	signaling_cascade	module20_24_export	Node participates in at least one evidence-gated exported mechanism edge.
NODE07283	signaling_cascade	module20_24_export	Node participates in at least one evidence-gated exported mechanism edge.
NODE07284	signaling_cascade	module20_24_export	Node participates in at least one evidence-gated exported mechanism edge.
NODE07285	ligand	register_ligand_receptor_layer	edge=M20B-E004441; evidence=M20B-EVID-004441;M20B-EVID-004441-P2-DIRECT;M20B-EVID-004441-P2-FUNC;M20B-EVID-004441-P2-RELAY
NODE07285	signaling_cascade	module20_24_export	Node participates in at least one evidence-gated exported mechanism edge.
NODE07286	signaling_cascade	module20_24_export	Node participates in at least one evidence-gated exported mechanism edge.
NODE07287	signaling_cascade	module20_24_export	Node participates in at least one evidence-gated exported mechanism edge.
NODE07288	signaling_cascade	module20_24_export	Node participates in at least one evidence-gated exported mechanism edge.
NODE07289	signaling_cascade	module20_24_export	Node participates in at least one evidence-gated exported mechanism edge.
NODE07290	signaling_cascade	module20_24_export	Node participates in at least one evidence-gated exported mechanism edge.
NODE07291	signaling_cascade	module20_24_export	Node participates in at least one evidence-gated exported mechanism edge.
NODE07292	signaling_cascade	module20_24_export	Node participates in at least one evidence-gated exported mechanism edge.
NODE07293	signaling_cascade	module20_24_export	Node participates in at least one evidence-gated exported mechanism edge.
NODE07293	transcription_factor	register_target_gene_layer	edge=M22B-E010595; evidence=M22B-EVID-010691
NODE07294	signaling_cascade	module20_24_export	Node participates in at least one evidence-gated exported mechanism edge.
NODE07295	signaling_cascade	module20_24_export	Node participates in at least one evidence-gated exported mechanism edge.
NODE07296	signaling_cascade	module20_24_export	Node participates in at least one evidence-gated exported mechanism edge.
NODE07297	signaling_cascade	module20_24_export	Node participates in at least one evidence-gated exported mechanism edge.
NODE07298	signaling_cascade	module20_24_export	Node participates in at least one evidence-gated exported mechanism edge.
NODE07299	signaling_cascade	module20_24_export	Node participates in at least one evidence-gated exported mechanism edge.
NODE07300	signaling_cascade	module20_24_export	Node participates in at least one evidence-gated exported mechanism edge.
NODE07301	signaling_cascade	module20_24_export	Node participates in at least one evidence-gated exported mechanism edge.
NODE07302	signaling_cascade	module20_24_export	Node participates in at least one evidence-gated exported mechanism edge.
NODE07303	signaling_cascade	module20_24_export	Node participates in at least one evidence-gated exported mechanism edge.
NODE07304	signaling_cascade	module20_24_export	Node participates in at least one evidence-gated exported mechanism edge.
NODE07305	ligand	register_ligand_receptor_layer	edge=M20B-E004442; evidence=M20B-EVID-004442;M20B-EVID-004442-P2-DIRECT;M20B-EVID-004442-P2-FUNC;M20B-EVID-004442-P2-RELAY || edge=M20B-E004443; evidence=M20B-EVID-004443;M20B-EVID-004443-P2-DIRECT;M20B-EVID-004443-P2-FUNC;M20B-EVID-004443-P2-RELAY || edge=M20B-E004444; evidence=M20B-EVID-004444;M20B-EVID-004444-P2-DIRECT;M20B-EVID-004444-P2-FUNC;M20B-EVID-004444-P2-RELAY || edge=M20B-E004445; evidence=M20B-EVID-004445;M20B-EVID-004445-P2-DIRECT;M20B-EVID-004445-P2-FUNC;M20B-EVID-004445-P2-RELAY;M20B-EVID-005330-P2-RELAY;M20B-EVID-005331-P2-FUNC
NODE07305	signaling_cascade	module20_24_export	Node participates in at least one evidence-gated exported mechanism edge.
NODE07306	receptor	register_ligand_receptor_layer	edge=M20B-E004445; evidence=M20B-EVID-004445;M20B-EVID-004445-P2-DIRECT;M20B-EVID-004445-P2-FUNC;M20B-EVID-004445-P2-RELAY;M20B-EVID-005330-P2-RELAY;M20B-EVID-005331-P2-FUNC
NODE07306	signaling_cascade	module20_24_export	Node participates in at least one evidence-gated exported mechanism edge.
NODE07306	target_gene	register_target_gene_layer	edge=M22B-E006552; evidence=M22B-EVID-006725 || edge=M22B-E007248; evidence=M22B-EVID-007421 || edge=M22B-E008708; evidence=M22B-EVID-008881 || edge=M22B-E009367; evidence=M22B-EVID-009540
NODE07307	signaling_cascade	module20_24_export	Node participates in at least one evidence-gated exported mechanism edge.
NODE07308	signaling_cascade	module20_24_export	Node participates in at least one evidence-gated exported mechanism edge.
NODE07309	signaling_cascade	module20_24_export	Node participates in at least one evidence-gated exported mechanism edge.
NODE07310	signaling_cascade	module20_24_export	Node participates in at least one evidence-gated exported mechanism edge.
NODE07311	signaling_cascade	module20_24_export	Node participates in at least one evidence-gated exported mechanism edge.
NODE07312	signaling_cascade	module20_24_export	Node participates in at least one evidence-gated exported mechanism edge.
NODE07313	signaling_cascade	module20_24_export	Node participates in at least one evidence-gated exported mechanism edge.
NODE07314	signaling_cascade	module20_24_export	Node participates in at least one evidence-gated exported mechanism edge.
NODE07315	signaling_cascade	module20_24_export	Node participates in at least one evidence-gated exported mechanism edge.
NODE07316	signaling_cascade	module20_24_export	Node participates in at least one evidence-gated exported mechanism edge.
NODE07317	signaling_cascade	module20_24_export	Node participates in at least one evidence-gated exported mechanism edge.
NODE07318	signaling_cascade	module20_24_export	Node participates in at least one evidence-gated exported mechanism edge.
NODE07319	signaling_cascade	module20_24_export	Node participates in at least one evidence-gated exported mechanism edge.
NODE07320	signaling_cascade	module20_24_export	Node participates in at least one evidence-gated exported mechanism edge.
NODE07321	signaling_cascade	module20_24_export	Node participates in at least one evidence-gated exported mechanism edge.
NODE07322	signaling_cascade	module20_24_export	Node participates in at least one evidence-gated exported mechanism edge.
NODE07322	target_gene	register_target_gene_layer	edge=M22B-E009577; evidence=M22B-EVID-009750
NODE07323	signaling_cascade	module20_24_export	Node participates in at least one evidence-gated exported mechanism edge.
NODE07324	signaling_cascade	module20_24_export	Node participates in at least one evidence-gated exported mechanism edge.
NODE07325	signaling_cascade	module20_24_export	Node participates in at least one evidence-gated exported mechanism edge.
NODE07325	target_gene	register_target_gene_layer	edge=M22B-E007836; evidence=M22B-EVID-008009 || edge=M22B-E009281; evidence=M22B-EVID-009454
NODE07326	signaling_cascade	module20_24_export	Node participates in at least one evidence-gated exported mechanism edge.
NODE07327	signaling_cascade	module20_24_export	Node participates in at least one evidence-gated exported mechanism edge.
NODE07328	signaling_cascade	module20_24_export	Node participates in at least one evidence-gated exported mechanism edge.
NODE07329	signaling_cascade	module20_24_export	Node participates in at least one evidence-gated exported mechanism edge.
NODE07330	signaling_cascade	module20_24_export	Node participates in at least one evidence-gated exported mechanism edge.
NODE07331	signaling_cascade	module20_24_export	Node participates in at least one evidence-gated exported mechanism edge.
NODE07332	signaling_cascade	module20_24_export	Node participates in at least one evidence-gated exported mechanism edge.
NODE07333	signaling_cascade	module20_24_export	Node participates in at least one evidence-gated exported mechanism edge.
NODE07334	signaling_cascade	module20_24_export	Node participates in at least one evidence-gated exported mechanism edge.
NODE07335	signaling_cascade	module20_24_export	Node participates in at least one evidence-gated exported mechanism edge.
NODE07336	signaling_cascade	module20_24_export	Node participates in at least one evidence-gated exported mechanism edge.
NODE07337	signaling_cascade	module20_24_export	Node participates in at least one evidence-gated exported mechanism edge.
NODE07338	signaling_cascade	module20_24_export	Node participates in at least one evidence-gated exported mechanism edge.
NODE07339	signaling_cascade	module20_24_export	Node participates in at least one evidence-gated exported mechanism edge.
NODE07340	signaling_cascade	module20_24_export	Node participates in at least one evidence-gated exported mechanism edge.
NODE07341	signaling_cascade	module20_24_export	Node participates in at least one evidence-gated exported mechanism edge.
NODE07342	signaling_cascade	module20_24_export	Node participates in at least one evidence-gated exported mechanism edge.
NODE07343	signaling_cascade	module20_24_export	Node participates in at least one evidence-gated exported mechanism edge.
NODE07344	signaling_cascade	module20_24_export	Node participates in at least one evidence-gated exported mechanism edge.
NODE07345	signaling_cascade	module20_24_export	Node participates in at least one evidence-gated exported mechanism edge.
NODE07346	signaling_cascade	module20_24_export	Node participates in at least one evidence-gated exported mechanism edge.
NODE07347	signaling_cascade	module20_24_export	Node participates in at least one evidence-gated exported mechanism edge.
NODE07348	signaling_cascade	module20_24_export	Node participates in at least one evidence-gated exported mechanism edge.
NODE07349	signaling_cascade	module20_24_export	Node participates in at least one evidence-gated exported mechanism edge.
NODE07350	signaling_cascade	module20_24_export	Node participates in at least one evidence-gated exported mechanism edge.
NODE07351	signaling_cascade	module20_24_export	Node participates in at least one evidence-gated exported mechanism edge.
NODE07352	signaling_cascade	module20_24_export	Node participates in at least one evidence-gated exported mechanism edge.
NODE07353	signaling_cascade	module20_24_export	Node participates in at least one evidence-gated exported mechanism edge.
NODE07354	signaling_cascade	module20_24_export	Node participates in at least one evidence-gated exported mechanism edge.
NODE07355	signaling_cascade	module20_24_export	Node participates in at least one evidence-gated exported mechanism edge.
NODE07356	signaling_cascade	module20_24_export	Node participates in at least one evidence-gated exported mechanism edge.
NODE07357	signaling_cascade	module20_24_export	Node participates in at least one evidence-gated exported mechanism edge.
NODE07358	signaling_cascade	module20_24_export	Node participates in at least one evidence-gated exported mechanism edge.
NODE07359	receptor	register_ligand_receptor_layer	edge=M24B-E000060; evidence=M24B-EVID-000081;M24B-EVID-PROMO-20260826-006 || edge=M24B-E000061; evidence=M24B-EVID-000082;M24B-EVID-PROMO-20260826-007 || edge=M24B-E000063; evidence=M24B-EVID-000084;M24B-EVID-PROMO-20260826-008
NODE07359	signaling_cascade	module20_24_export	Node participates in at least one evidence-gated exported mechanism edge.
NODE07360	signaling_cascade	module20_24_export	Node participates in at least one evidence-gated exported mechanism edge.
NODE07361	signaling_cascade	module20_24_export	Node participates in at least one evidence-gated exported mechanism edge.
NODE07362	signaling_cascade	module20_24_export	Node participates in at least one evidence-gated exported mechanism edge.
NODE07363	signaling_cascade	module20_24_export	Node participates in at least one evidence-gated exported mechanism edge.
NODE07364	signaling_cascade	module20_24_export	Node participates in at least one evidence-gated exported mechanism edge.
NODE07365	signaling_cascade	module20_24_export	Node participates in at least one evidence-gated exported mechanism edge.
NODE07366	signaling_cascade	module20_24_export	Node participates in at least one evidence-gated exported mechanism edge.
NODE07367	signaling_cascade	module20_24_export	Node participates in at least one evidence-gated exported mechanism edge.
NODE07367	target_gene	register_target_gene_layer	edge=M22B-E009578; evidence=M22B-EVID-009751 || edge=M22B-E010064; evidence=M22B-EVID-010237
NODE07368	signaling_cascade	module20_24_export	Node participates in at least one evidence-gated exported mechanism edge.
NODE07369	signaling_cascade	module20_24_export	Node participates in at least one evidence-gated exported mechanism edge.
NODE07370	signaling_cascade	module20_24_export	Node participates in at least one evidence-gated exported mechanism edge.
NODE07371	ligand	register_ligand_receptor_layer	edge=M23B-E000097; evidence=M23B-EVID-000159 || edge=M23B-E000100; evidence=M23B-EVID-000168 || edge=M23B-E001152; evidence=M23B-EVID-EXPAND23A-077 || edge=M23B-E001153; evidence=M23B-EVID-EXPAND23A-078
NODE07371	signaling_cascade	module20_24_export	Node participates in at least one evidence-gated exported mechanism edge.
NODE07372	signaling_cascade	module20_24_export	Node participates in at least one evidence-gated exported mechanism edge.
NODE07373	signaling_cascade	module20_24_export	Node participates in at least one evidence-gated exported mechanism edge.
NODE07374	signaling_cascade	module20_24_export	Node participates in at least one evidence-gated exported mechanism edge.
NODE07375	signaling_cascade	module20_24_export	Node participates in at least one evidence-gated exported mechanism edge.
NODE07376	signaling_cascade	module20_24_export	Node participates in at least one evidence-gated exported mechanism edge.
NODE07377	signaling_cascade	module20_24_export	Node participates in at least one evidence-gated exported mechanism edge.
NODE07378	signaling_cascade	module20_24_export	Node participates in at least one evidence-gated exported mechanism edge.
NODE07379	signaling_cascade	module20_24_export	Node participates in at least one evidence-gated exported mechanism edge.
NODE07379	target_gene	register_target_gene_layer	edge=M22B-E007249; evidence=M22B-EVID-007422
NODE07380	signaling_cascade	module20_24_export	Node participates in at least one evidence-gated exported mechanism edge.
NODE07380	target_gene	register_target_gene_layer	edge=M22B-E007250; evidence=M22B-EVID-007423
NODE07381	signaling_cascade	module20_24_export	Node participates in at least one evidence-gated exported mechanism edge.
NODE07382	signaling_cascade	module20_24_export	Node participates in at least one evidence-gated exported mechanism edge.
NODE07382	target_gene	register_target_gene_layer	edge=M22B-E009396; evidence=M22B-EVID-009569
NODE07383	signaling_cascade	module20_24_export	Node participates in at least one evidence-gated exported mechanism edge.
NODE07384	signaling_cascade	module20_24_export	Node participates in at least one evidence-gated exported mechanism edge.
NODE07385	signaling_cascade	module20_24_export	Node participates in at least one evidence-gated exported mechanism edge.
NODE07386	signaling_cascade	module20_24_export	Node participates in at least one evidence-gated exported mechanism edge.
NODE07386	target_gene	register_target_gene_layer	edge=M22B-E006834; evidence=M22B-EVID-007007 || edge=M22B-E008968; evidence=M22B-EVID-009141
NODE07387	signaling_cascade	module20_24_export	Node participates in at least one evidence-gated exported mechanism edge.
NODE07388	signaling_cascade	module20_24_export	Node participates in at least one evidence-gated exported mechanism edge.
NODE07389	signaling_cascade	module20_24_export	Node participates in at least one evidence-gated exported mechanism edge.
NODE07390	signaling_cascade	module20_24_export	Node participates in at least one evidence-gated exported mechanism edge.
NODE07391	signaling_cascade	module20_24_export	Node participates in at least one evidence-gated exported mechanism edge.
NODE07392	signaling_cascade	module20_24_export	Node participates in at least one evidence-gated exported mechanism edge.
NODE07393	signaling_cascade	module20_24_export	Node participates in at least one evidence-gated exported mechanism edge.
NODE07394	signaling_cascade	module20_24_export	Node participates in at least one evidence-gated exported mechanism edge.
NODE07395	signaling_cascade	module20_24_export	Node participates in at least one evidence-gated exported mechanism edge.
NODE07396	signaling_cascade	module20_24_export	Node participates in at least one evidence-gated exported mechanism edge.
NODE07397	signaling_cascade	module20_24_export	Node participates in at least one evidence-gated exported mechanism edge.
NODE07398	signaling_cascade	module20_24_export	Node participates in at least one evidence-gated exported mechanism edge.
NODE07399	signaling_cascade	module20_24_export	Node participates in at least one evidence-gated exported mechanism edge.
NODE07400	signaling_cascade	module20_24_export	Node participates in at least one evidence-gated exported mechanism edge.
NODE07401	signaling_cascade	module20_24_export	Node participates in at least one evidence-gated exported mechanism edge.
NODE07402	receptor	register_ligand_receptor_layer	edge=M24B-E000140; evidence=M24B-EVID-000189
NODE07402	signaling_cascade	module20_24_export	Node participates in at least one evidence-gated exported mechanism edge.
NODE07403	signaling_cascade	module20_24_export	Node participates in at least one evidence-gated exported mechanism edge.
NODE07404	signaling_cascade	module20_24_export	Node participates in at least one evidence-gated exported mechanism edge.
NODE07405	signaling_cascade	module20_24_export	Node participates in at least one evidence-gated exported mechanism edge.
NODE07406	signaling_cascade	module20_24_export	Node participates in at least one evidence-gated exported mechanism edge.
NODE07406	target_gene	register_target_gene_layer	edge=M22B-E010216; evidence=M22B-EVID-010389 || edge=M22B-E010530; evidence=M22B-EVID-010642
NODE07407	signaling_cascade	module20_24_export	Node participates in at least one evidence-gated exported mechanism edge.
NODE07408	signaling_cascade	module20_24_export	Node participates in at least one evidence-gated exported mechanism edge.
NODE07409	signaling_cascade	module20_24_export	Node participates in at least one evidence-gated exported mechanism edge.
NODE07410	signaling_cascade	module20_24_export	Node participates in at least one evidence-gated exported mechanism edge.
NODE07411	signaling_cascade	module20_24_export	Node participates in at least one evidence-gated exported mechanism edge.
NODE07412	signaling_cascade	module20_24_export	Node participates in at least one evidence-gated exported mechanism edge.
NODE07412	target_gene	register_target_gene_layer	edge=M22B-E009869; evidence=M22B-EVID-010042
NODE07413	signaling_cascade	module20_24_export	Node participates in at least one evidence-gated exported mechanism edge.
NODE07414	signaling_cascade	module20_24_export	Node participates in at least one evidence-gated exported mechanism edge.
NODE07414	target_gene	register_target_gene_layer	edge=M22B-E007514; evidence=M22B-EVID-007687
NODE07415	signaling_cascade	module20_24_export	Node participates in at least one evidence-gated exported mechanism edge.
NODE07416	signaling_cascade	module20_24_export	Node participates in at least one evidence-gated exported mechanism edge.
NODE07416	transcription_factor	register_target_gene_layer	edge=M22B-E010688; evidence=M22B-EVID-010781
NODE07417	signaling_cascade	module20_24_export	Node participates in at least one evidence-gated exported mechanism edge.
NODE07417	transcription_factor	register_target_gene_layer	edge=M22B-E010170; evidence=M22B-EVID-010343
NODE07418	signaling_cascade	module20_24_export	Node participates in at least one evidence-gated exported mechanism edge.
NODE07418	target_gene	register_target_gene_layer	edge=M22B-E007837; evidence=M22B-EVID-008010
NODE07418	transcription_factor	register_target_gene_layer	edge=M22B-E010500; evidence=M22B-EVID-010619
NODE07419	signaling_cascade	module20_24_export	Node participates in at least one evidence-gated exported mechanism edge.
NODE07419	target_gene	register_target_gene_layer	edge=M22B-E007251; evidence=M22B-EVID-007424 || edge=M22B-E010256; evidence=M22B-EVID-010429 || edge=M22B-E010692; evidence=M22B-EVID-010785
NODE07420	signaling_cascade	module20_24_export	Node participates in at least one evidence-gated exported mechanism edge.
NODE07421	signaling_cascade	module20_24_export	Node participates in at least one evidence-gated exported mechanism edge.
NODE07422	signaling_cascade	module20_24_export	Node participates in at least one evidence-gated exported mechanism edge.
NODE07422	target_gene	register_target_gene_layer	edge=M22B-E000343; evidence=M22B-EVID-000277
NODE07423	signaling_cascade	module20_24_export	Node participates in at least one evidence-gated exported mechanism edge.
NODE07423	target_gene	register_target_gene_layer	edge=M22B-E006835; evidence=M22B-EVID-007008
NODE07424	signaling_cascade	module20_24_export	Node participates in at least one evidence-gated exported mechanism edge.
NODE07424	target_gene	register_target_gene_layer	edge=M22B-E007838; evidence=M22B-EVID-008011
NODE07425	signaling_cascade	module20_24_export	Node participates in at least one evidence-gated exported mechanism edge.
NODE07426	signaling_cascade	module20_24_export	Node participates in at least one evidence-gated exported mechanism edge.
NODE07427	signaling_cascade	module20_24_export	Node participates in at least one evidence-gated exported mechanism edge.
NODE07427	target_gene	register_target_gene_layer	edge=M22B-E010443; evidence=M22B-EVID-010610
NODE07428	signaling_cascade	module20_24_export	Node participates in at least one evidence-gated exported mechanism edge.
NODE07428	target_gene	register_target_gene_layer	edge=M22B-E010444; evidence=M22B-EVID-010610
NODE07429	signaling_cascade	module20_24_export	Node participates in at least one evidence-gated exported mechanism edge.
NODE07429	target_gene	register_target_gene_layer	edge=M22B-E010445; evidence=M22B-EVID-010610
NODE07430	signaling_cascade	module20_24_export	Node participates in at least one evidence-gated exported mechanism edge.
NODE07430	target_gene	register_target_gene_layer	edge=M22B-E010446; evidence=M22B-EVID-010610
NODE07431	signaling_cascade	module20_24_export	Node participates in at least one evidence-gated exported mechanism edge.
NODE07431	target_gene	register_target_gene_layer	edge=M22B-E010447; evidence=M22B-EVID-010610
NODE07432	signaling_cascade	module20_24_export	Node participates in at least one evidence-gated exported mechanism edge.
NODE07432	target_gene	register_target_gene_layer	edge=M22B-E010448; evidence=M22B-EVID-010611
NODE07433	signaling_cascade	module20_24_export	Node participates in at least one evidence-gated exported mechanism edge.
NODE07433	target_gene	register_target_gene_layer	edge=M22B-E010449; evidence=M22B-EVID-010611
NODE07434	signaling_cascade	module20_24_export	Node participates in at least one evidence-gated exported mechanism edge.
NODE07434	target_gene	register_target_gene_layer	edge=M22B-E010450; evidence=M22B-EVID-010611
NODE07435	signaling_cascade	module20_24_export	Node participates in at least one evidence-gated exported mechanism edge.
NODE07435	target_gene	register_target_gene_layer	edge=M22B-E010451; evidence=M22B-EVID-010611
NODE07436	signaling_cascade	module20_24_export	Node participates in at least one evidence-gated exported mechanism edge.
NODE07436	target_gene	register_target_gene_layer	edge=M22B-E010452; evidence=M22B-EVID-010611
NODE07437	signaling_cascade	module20_24_export	Node participates in at least one evidence-gated exported mechanism edge.
NODE07437	target_gene	register_target_gene_layer	edge=M22B-E010453; evidence=M22B-EVID-010611
NODE07438	signaling_cascade	module20_24_export	Node participates in at least one evidence-gated exported mechanism edge.
NODE07438	target_gene	register_target_gene_layer	edge=M22B-E010454; evidence=M22B-EVID-010611
NODE07439	signaling_cascade	module20_24_export	Node participates in at least one evidence-gated exported mechanism edge.
NODE07439	target_gene	register_target_gene_layer	edge=M22B-E010455; evidence=M22B-EVID-010612
NODE07440	signaling_cascade	module20_24_export	Node participates in at least one evidence-gated exported mechanism edge.
NODE07440	target_gene	register_target_gene_layer	edge=M22B-E010456; evidence=M22B-EVID-010612
NODE07441	signaling_cascade	module20_24_export	Node participates in at least one evidence-gated exported mechanism edge.
NODE07441	target_gene	register_target_gene_layer	edge=M22B-E010457; evidence=M22B-EVID-010612
NODE07442	signaling_cascade	module20_24_export	Node participates in at least one evidence-gated exported mechanism edge.
NODE07442	target_gene	register_target_gene_layer	edge=M22B-E010458; evidence=M22B-EVID-010613
NODE07443	signaling_cascade	module20_24_export	Node participates in at least one evidence-gated exported mechanism edge.
NODE07443	target_gene	register_target_gene_layer	edge=M22B-E010459; evidence=M22B-EVID-010613
NODE07444	signaling_cascade	module20_24_export	Node participates in at least one evidence-gated exported mechanism edge.
NODE07444	target_gene	register_target_gene_layer	edge=M22B-E010460; evidence=M22B-EVID-010613
NODE07445	signaling_cascade	module20_24_export	Node participates in at least one evidence-gated exported mechanism edge.
NODE07445	target_gene	register_target_gene_layer	edge=M22B-E010463; evidence=M22B-EVID-010613
NODE07446	signaling_cascade	module20_24_export	Node participates in at least one evidence-gated exported mechanism edge.
NODE07446	target_gene	register_target_gene_layer	edge=M22B-E010464; evidence=M22B-EVID-010613 || edge=M22B-E010695; evidence=M22B-EVID-010614
NODE07447	signaling_cascade	module20_24_export	Node participates in at least one evidence-gated exported mechanism edge.
NODE07447	target_gene	register_target_gene_layer	edge=M22B-E010465; evidence=M22B-EVID-010613 || edge=M22B-E010696; evidence=M22B-EVID-010614
NODE07448	signaling_cascade	module20_24_export	Node participates in at least one evidence-gated exported mechanism edge.
NODE07448	target_gene	register_target_gene_layer	edge=M22B-E010466; evidence=M22B-EVID-010613 || edge=M22B-E010697; evidence=M22B-EVID-010614
NODE07449	signaling_cascade	module20_24_export	Node participates in at least one evidence-gated exported mechanism edge.
NODE07449	target_gene	register_target_gene_layer	edge=M22B-E010467; evidence=M22B-EVID-010613 || edge=M22B-E010698; evidence=M22B-EVID-010614
NODE07450	signaling_cascade	module20_24_export	Node participates in at least one evidence-gated exported mechanism edge.
NODE07450	target_gene	register_target_gene_layer	edge=M22B-E010468; evidence=M22B-EVID-010613 || edge=M22B-E010699; evidence=M22B-EVID-010614
NODE07451	signaling_cascade	module20_24_export	Node participates in at least one evidence-gated exported mechanism edge.
NODE07451	target_gene	register_target_gene_layer	edge=M22B-E010469; evidence=M22B-EVID-010613 || edge=M22B-E010700; evidence=M22B-EVID-010614
NODE07452	signaling_cascade	module20_24_export	Node participates in at least one evidence-gated exported mechanism edge.
NODE07452	target_gene	register_target_gene_layer	edge=M22B-E010471; evidence=M22B-EVID-010613 || edge=M22B-E010702; evidence=M22B-EVID-010614
NODE07453	signaling_cascade	module20_24_export	Node participates in at least one evidence-gated exported mechanism edge.
NODE07453	target_gene	register_target_gene_layer	edge=M22B-E010470; evidence=M22B-EVID-010613 || edge=M22B-E010701; evidence=M22B-EVID-010614
NODE07454	signaling_cascade	module20_24_export	Node participates in at least one evidence-gated exported mechanism edge.
NODE07454	target_gene	register_target_gene_layer	edge=M22B-E010477; evidence=M22B-EVID-010615
NODE07455	signaling_cascade	module20_24_export	Node participates in at least one evidence-gated exported mechanism edge.
NODE07455	target_gene	register_target_gene_layer	edge=M22B-E010461; evidence=M22B-EVID-010613
NODE07456	signaling_cascade	module20_24_export	Node participates in at least one evidence-gated exported mechanism edge.
NODE07456	target_gene	register_target_gene_layer	edge=M22B-E010479; evidence=M22B-EVID-010615
NODE07457	signaling_cascade	module20_24_export	Node participates in at least one evidence-gated exported mechanism edge.
NODE07457	target_gene	register_target_gene_layer	edge=M22B-E010462; evidence=M22B-EVID-010613
NODE07458	signaling_cascade	module20_24_export	Node participates in at least one evidence-gated exported mechanism edge.
NODE07458	target_gene	register_target_gene_layer	edge=M22B-E010478; evidence=M22B-EVID-010615
NODE07459	signaling_cascade	module20_24_export	Node participates in at least one evidence-gated exported mechanism edge.
NODE07460	signaling_cascade	module20_24_export	Node participates in at least one evidence-gated exported mechanism edge.
NODE07460	target_gene	register_target_gene_layer	edge=M22B-E010480; evidence=M22B-EVID-010616
NODE07461	signaling_cascade	module20_24_export	Node participates in at least one evidence-gated exported mechanism edge.
NODE07461	target_gene	register_target_gene_layer	edge=M22B-E010481; evidence=M22B-EVID-010616
NODE07462	signaling_cascade	module20_24_export	Node participates in at least one evidence-gated exported mechanism edge.
NODE07462	target_gene	register_target_gene_layer	edge=M22B-E010482; evidence=M22B-EVID-010616
NODE07463	signaling_cascade	module20_24_export	Node participates in at least one evidence-gated exported mechanism edge.
NODE07463	target_gene	register_target_gene_layer	edge=M22B-E010483; evidence=M22B-EVID-010616
NODE07464	signaling_cascade	module20_24_export	Node participates in at least one evidence-gated exported mechanism edge.
NODE07464	target_gene	register_target_gene_layer	edge=M22B-E010484; evidence=M22B-EVID-010616
NODE07465	signaling_cascade	module20_24_export	Node participates in at least one evidence-gated exported mechanism edge.
NODE07465	target_gene	register_target_gene_layer	edge=M22B-E010485; evidence=M22B-EVID-010617
NODE07466	signaling_cascade	module20_24_export	Node participates in at least one evidence-gated exported mechanism edge.
NODE07466	target_gene	register_target_gene_layer	edge=M22B-E010486; evidence=M22B-EVID-010617
NODE07467	signaling_cascade	module20_24_export	Node participates in at least one evidence-gated exported mechanism edge.
NODE07467	target_gene	register_target_gene_layer	edge=M22B-E010487; evidence=M22B-EVID-010617
NODE07468	signaling_cascade	module20_24_export	Node participates in at least one evidence-gated exported mechanism edge.
NODE07468	target_gene	register_target_gene_layer	edge=M22B-E010488; evidence=M22B-EVID-010617
NODE07469	signaling_cascade	module20_24_export	Node participates in at least one evidence-gated exported mechanism edge.
NODE07469	target_gene	register_target_gene_layer	edge=M22B-E010489; evidence=M22B-EVID-010617
NODE07470	signaling_cascade	module20_24_export	Node participates in at least one evidence-gated exported mechanism edge.
NODE07470	target_gene	register_target_gene_layer	edge=M22B-E010490; evidence=M22B-EVID-010617
NODE07471	signaling_cascade	module20_24_export	Node participates in at least one evidence-gated exported mechanism edge.
NODE07471	target_gene	register_target_gene_layer	edge=M22B-E010491; evidence=M22B-EVID-010617
NODE07472	signaling_cascade	module20_24_export	Node participates in at least one evidence-gated exported mechanism edge.
NODE07472	target_gene	register_target_gene_layer	edge=M22B-E010492; evidence=M22B-EVID-010617
NODE07473	signaling_cascade	module20_24_export	Node participates in at least one evidence-gated exported mechanism edge.
NODE07473	target_gene	register_target_gene_layer	edge=M22B-E010493; evidence=M22B-EVID-010618
NODE07474	signaling_cascade	module20_24_export	Node participates in at least one evidence-gated exported mechanism edge.
NODE07474	target_gene	register_target_gene_layer	edge=M22B-E010494; evidence=M22B-EVID-010618
NODE07475	signaling_cascade	module20_24_export	Node participates in at least one evidence-gated exported mechanism edge.
NODE07475	target_gene	register_target_gene_layer	edge=M22B-E010495; evidence=M22B-EVID-010618
NODE07476	signaling_cascade	module20_24_export	Node participates in at least one evidence-gated exported mechanism edge.
NODE07476	target_gene	register_target_gene_layer	edge=M22B-E010496; evidence=M22B-EVID-010618
NODE07477	signaling_cascade	module20_24_export	Node participates in at least one evidence-gated exported mechanism edge.
NODE07477	target_gene	register_target_gene_layer	edge=M22B-E010497; evidence=M22B-EVID-010618
NODE07478	signaling_cascade	module20_24_export	Node participates in at least one evidence-gated exported mechanism edge.
NODE07478	target_gene	register_target_gene_layer	edge=M22B-E010498; evidence=M22B-EVID-010618
NODE07479	signaling_cascade	module20_24_export	Node participates in at least one evidence-gated exported mechanism edge.
NODE07479	target_gene	register_target_gene_layer	edge=M22B-E010499; evidence=M22B-EVID-010618
NODE07480	signaling_cascade	module20_24_export	Node participates in at least one evidence-gated exported mechanism edge.
NODE07480	target_gene	register_target_gene_layer	edge=M22B-E005789; evidence=M22B-EVID-005962 || edge=M22B-E007252; evidence=M22B-EVID-007425 || edge=M22B-E007956; evidence=M22B-EVID-008129 || edge=M22B-E009639; evidence=M22B-EVID-009812 || edge=M22B-E009938; evidence=M22B-EVID-010111
NODE07481	signaling_cascade	module20_24_export	Node participates in at least one evidence-gated exported mechanism edge.
NODE07481	target_gene	register_target_gene_layer	edge=M22B-E005790; evidence=M22B-EVID-005963 || edge=M22B-E007957; evidence=M22B-EVID-008130 || edge=M22B-E009368; evidence=M22B-EVID-009541
NODE07482	signaling_cascade	module20_24_export	Node participates in at least one evidence-gated exported mechanism edge.
NODE07483	signaling_cascade	module20_24_export	Node participates in at least one evidence-gated exported mechanism edge.
NODE07483	target_gene	register_target_gene_layer	edge=M22B-E006836; evidence=M22B-EVID-007009 || edge=M22B-E007253; evidence=M22B-EVID-007426 || edge=M22B-E007839; evidence=M22B-EVID-008012 || edge=M22B-E008969; evidence=M22B-EVID-009142 || edge=M22B-E009282; evidence=M22B-EVID-009455
NODE07484	signaling_cascade	module20_24_export	Node participates in at least one evidence-gated exported mechanism edge.
NODE07485	signaling_cascade	module20_24_export	Node participates in at least one evidence-gated exported mechanism edge.
NODE07485	target_gene	register_target_gene_layer	edge=M22B-E009988; evidence=M22B-EVID-010161
NODE07486	signaling_cascade	module20_24_export	Node participates in at least one evidence-gated exported mechanism edge.
NODE07486	target_gene	register_target_gene_layer	edge=M22B-E009987; evidence=M22B-EVID-010160
NODE07487	signaling_cascade	module20_24_export	Node participates in at least one evidence-gated exported mechanism edge.
NODE07487	target_gene	register_target_gene_layer	edge=M22B-E005927; evidence=M22B-EVID-006100 || edge=M22B-E008098; evidence=M22B-EVID-008271
NODE07488	signaling_cascade	module20_24_export	Node participates in at least one evidence-gated exported mechanism edge.
NODE07488	target_gene	register_target_gene_layer	edge=M22B-E006089; evidence=M22B-EVID-006262
NODE07489	ligand	register_ligand_receptor_layer	edge=M20B-E004450; evidence=M20B-EVID-004450;M20B-EVID-004450-P2-DIRECT;M20B-EVID-004450-P2-FUNC;M20B-EVID-004450-P2-RELAY || edge=M20B-E004451; evidence=M20B-EVID-004451;M20B-EVID-004451-P2-DIRECT;M20B-EVID-004451-P2-FUNC;M20B-EVID-004451-P2-RELAY || edge=M20B-E004452; evidence=M20B-EVID-004452;M20B-EVID-004452-P2-DIRECT;M20B-EVID-004452-P2-FUNC;M20B-EVID-004452-P2-RELAY || edge=M20B-E004453; evidence=M20B-EVID-004453;M20B-EVID-004453-P2-DIRECT;M20B-EVID-004453-P2-FUNC;M20B-EVID-004453-P2-RELAY;M20B-EVID-005332-P2-RELAY;M20B-EVID-005333-P2-FUNC || edge=M20B-E004455; evidence=M20B-EVID-004455;M20B-EVID-004455-P2-DIRECT;M20B-EVID-004455-P2-FUNC;M20B-EVID-004455-P2-RELAY
NODE07489	signaling_cascade	module20_24_export	Node participates in at least one evidence-gated exported mechanism edge.
NODE07490	signaling_cascade	module20_24_export	Node participates in at least one evidence-gated exported mechanism edge.
NODE07490	target_gene	register_target_gene_layer	edge=M22B-E009682; evidence=M22B-EVID-009855
NODE07491	signaling_cascade	module20_24_export	Node participates in at least one evidence-gated exported mechanism edge.
NODE07492	signaling_cascade	module20_24_export	Node participates in at least one evidence-gated exported mechanism edge.
NODE07493	receptor	register_ligand_receptor_layer	edge=M20B-E002895; evidence=M20B-EVID-002895 || edge=M20B-E004459; evidence=M20B-EVID-004459;M20B-EVID-004459-P2-DIRECT;M20B-EVID-004459-P2-FUNC;M20B-EVID-004459-P2-RELAY;M20B-EVID-005334-P2-RELAY;M20B-EVID-005335-P2-FUNC
NODE07493	signaling_cascade	module20_24_export	Node participates in at least one evidence-gated exported mechanism edge.
NODE07493	target_gene	register_target_gene_layer	edge=M22B-E009909; evidence=M22B-EVID-010082 || edge=M22B-E010501; evidence=M22B-EVID-010620
NODE07494	signaling_cascade	module20_24_export	Node participates in at least one evidence-gated exported mechanism edge.
NODE07495	signaling_cascade	module20_24_export	Node participates in at least one evidence-gated exported mechanism edge.
NODE07496	signaling_cascade	module20_24_export	Node participates in at least one evidence-gated exported mechanism edge.
NODE07497	ligand	register_ligand_receptor_layer	edge=M20B-E004459; evidence=M20B-EVID-004459;M20B-EVID-004459-P2-DIRECT;M20B-EVID-004459-P2-FUNC;M20B-EVID-004459-P2-RELAY;M20B-EVID-005334-P2-RELAY;M20B-EVID-005335-P2-FUNC
NODE07497	signaling_cascade	module20_24_export	Node participates in at least one evidence-gated exported mechanism edge.
NODE07498	signaling_cascade	module20_24_export	Node participates in at least one evidence-gated exported mechanism edge.
NODE07499	signaling_cascade	module20_24_export	Node participates in at least one evidence-gated exported mechanism edge.
NODE07500	signaling_cascade	module20_24_export	Node participates in at least one evidence-gated exported mechanism edge.
NODE07501	signaling_cascade	module20_24_export	Node participates in at least one evidence-gated exported mechanism edge.
NODE07501	target_gene	register_target_gene_layer	edge=M22B-E006274; evidence=M22B-EVID-006447 || edge=M22B-E008426; evidence=M22B-EVID-008599
NODE07502	signaling_cascade	module20_24_export	Node participates in at least one evidence-gated exported mechanism edge.
NODE07503	signaling_cascade	module20_24_export	Node participates in at least one evidence-gated exported mechanism edge.
NODE07504	signaling_cascade	module20_24_export	Node participates in at least one evidence-gated exported mechanism edge.
NODE07505	signaling_cascade	module20_24_export	Node participates in at least one evidence-gated exported mechanism edge.
NODE07506	signaling_cascade	module20_24_export	Node participates in at least one evidence-gated exported mechanism edge.
NODE07506	target_gene	register_target_gene_layer	edge=M22B-E006403; evidence=M22B-EVID-006576 || edge=M22B-E007840; evidence=M22B-EVID-008013 || edge=M22B-E008560; evidence=M22B-EVID-008733 || edge=M22B-E009283; evidence=M22B-EVID-009456
NODE07507	signaling_cascade	module20_24_export	Node participates in at least one evidence-gated exported mechanism edge.
NODE07508	signaling_cascade	module20_24_export	Node participates in at least one evidence-gated exported mechanism edge.
NODE07509	signaling_cascade	module20_24_export	Node participates in at least one evidence-gated exported mechanism edge.
NODE07509	target_gene	register_target_gene_layer	edge=M22B-E007254; evidence=M22B-EVID-007427
NODE07510	signaling_cascade	module20_24_export	Node participates in at least one evidence-gated exported mechanism edge.
NODE07510	target_gene	register_target_gene_layer	edge=M22B-E009870; evidence=M22B-EVID-010043
NODE07511	signaling_cascade	module20_24_export	Node participates in at least one evidence-gated exported mechanism edge.
NODE07511	target_gene	register_target_gene_layer	edge=M22B-E006275; evidence=M22B-EVID-006448 || edge=M22B-E008427; evidence=M22B-EVID-008600
NODE07512	signaling_cascade	module20_24_export	Node participates in at least one evidence-gated exported mechanism edge.
NODE07513	signaling_cascade	module20_24_export	Node participates in at least one evidence-gated exported mechanism edge.
NODE07514	signaling_cascade	module20_24_export	Node participates in at least one evidence-gated exported mechanism edge.
NODE07515	signaling_cascade	module20_24_export	Node participates in at least one evidence-gated exported mechanism edge.
NODE07516	signaling_cascade	module20_24_export	Node participates in at least one evidence-gated exported mechanism edge.
NODE07517	signaling_cascade	module20_24_export	Node participates in at least one evidence-gated exported mechanism edge.
NODE07517	target_gene	register_target_gene_layer	edge=M22B-E005928; evidence=M22B-EVID-006101 || edge=M22B-E008099; evidence=M22B-EVID-008272
NODE07518	signaling_cascade	module20_24_export	Node participates in at least one evidence-gated exported mechanism edge.
NODE07519	signaling_cascade	module20_24_export	Node participates in at least one evidence-gated exported mechanism edge.
NODE07520	signaling_cascade	module20_24_export	Node participates in at least one evidence-gated exported mechanism edge.
NODE07521	ligand	register_ligand_receptor_layer	edge=M23B-E000226; evidence=M23B-EVID-000312
NODE07521	signaling_cascade	module20_24_export	Node participates in at least one evidence-gated exported mechanism edge.
NODE07521	target_gene	register_target_gene_layer	edge=M22B-E005929; evidence=M22B-EVID-006102 || edge=M22B-E006200; evidence=M22B-EVID-006373 || edge=M22B-E007255; evidence=M22B-EVID-007428
NODE07522	signaling_cascade	module20_24_export	Node participates in at least one evidence-gated exported mechanism edge.
NODE07523	signaling_cascade	module20_24_export	Node participates in at least one evidence-gated exported mechanism edge.
NODE07524	signaling_cascade	module20_24_export	Node participates in at least one evidence-gated exported mechanism edge.
NODE07524	target_gene	register_target_gene_layer	edge=M22B-E005930; evidence=M22B-EVID-006103 || edge=M22B-E007256; evidence=M22B-EVID-007429 || edge=M22B-E008100; evidence=M22B-EVID-008273
NODE07525	signaling_cascade	module20_24_export	Node participates in at least one evidence-gated exported mechanism edge.
NODE07526	signaling_cascade	module20_24_export	Node participates in at least one evidence-gated exported mechanism edge.
NODE07527	signaling_cascade	module20_24_export	Node participates in at least one evidence-gated exported mechanism edge.
NODE07528	signaling_cascade	module20_24_export	Node participates in at least one evidence-gated exported mechanism edge.
NODE07529	signaling_cascade	module20_24_export	Node participates in at least one evidence-gated exported mechanism edge.
NODE07529	target_gene	register_target_gene_layer	edge=M22B-E010503; evidence=M22B-EVID-010622 || edge=M22B-E010504; evidence=M22B-EVID-010622
NODE07530	signaling_cascade	module20_24_export	Node participates in at least one evidence-gated exported mechanism edge.
NODE07531	signaling_cascade	module20_24_export	Node participates in at least one evidence-gated exported mechanism edge.
NODE07532	receptor	register_ligand_receptor_layer	edge=M20B-E004240; evidence=M20B-EVID-004240;M20B-EVID-004240-P2-DIRECT;M20B-EVID-004240-P2-FUNC;M20B-EVID-004240-P2-PDGFRB-DIRECT;M20B-EVID-004240-P2-PDGFRB-FUNC;M20B-EVID-004240-P2-PDGFRB-RELAY;M20B-EVID-004240-P2-RELAY
NODE07532	signaling_cascade	module20_24_export	Node participates in at least one evidence-gated exported mechanism edge.
NODE07532	target_gene	register_target_gene_layer	edge=M22B-E007841; evidence=M22B-EVID-008014 || edge=M22B-E009284; evidence=M22B-EVID-009457 || edge=M22B-E009791; evidence=M22B-EVID-009964
NODE07533	signaling_cascade	module20_24_export	Node participates in at least one evidence-gated exported mechanism edge.
NODE07534	signaling_cascade	module20_24_export	Node participates in at least one evidence-gated exported mechanism edge.
NODE07535	signaling_cascade	module20_24_export	Node participates in at least one evidence-gated exported mechanism edge.
NODE07536	signaling_cascade	module20_24_export	Node participates in at least one evidence-gated exported mechanism edge.
NODE07537	signaling_cascade	module20_24_export	Node participates in at least one evidence-gated exported mechanism edge.
NODE07538	signaling_cascade	module20_24_export	Node participates in at least one evidence-gated exported mechanism edge.
NODE07539	signaling_cascade	module20_24_export	Node participates in at least one evidence-gated exported mechanism edge.
NODE07540	signaling_cascade	module20_24_export	Node participates in at least one evidence-gated exported mechanism edge.
NODE07541	signaling_cascade	module20_24_export	Node participates in at least one evidence-gated exported mechanism edge.
NODE07542	signaling_cascade	module20_24_export	Node participates in at least one evidence-gated exported mechanism edge.
NODE07543	signaling_cascade	module20_24_export	Node participates in at least one evidence-gated exported mechanism edge.
NODE07544	signaling_cascade	module20_24_export	Node participates in at least one evidence-gated exported mechanism edge.
NODE07545	signaling_cascade	module20_24_export	Node participates in at least one evidence-gated exported mechanism edge.
NODE07546	signaling_cascade	module20_24_export	Node participates in at least one evidence-gated exported mechanism edge.
NODE07546	target_gene	register_target_gene_layer	edge=M22B-E006201; evidence=M22B-EVID-006374 || edge=M22B-E006553; evidence=M22B-EVID-006726 || edge=M22B-E006837; evidence=M22B-EVID-007010 || edge=M22B-E007257; evidence=M22B-EVID-007430 || edge=M22B-E008349; evidence=M22B-EVID-008522 || edge=M22B-E008709; evidence=M22B-EVID-008882 || edge=M22B-E008970; evidence=M22B-EVID-009143
NODE07547	signaling_cascade	module20_24_export	Node participates in at least one evidence-gated exported mechanism edge.
NODE07547	target_gene	register_target_gene_layer	edge=M22B-E009579; evidence=M22B-EVID-009752
NODE07548	signaling_cascade	module20_24_export	Node participates in at least one evidence-gated exported mechanism edge.
NODE07549	signaling_cascade	module20_24_export	Node participates in at least one evidence-gated exported mechanism edge.
NODE07549	target_gene	register_target_gene_layer	edge=M22B-E006404; evidence=M22B-EVID-006577 || edge=M22B-E008561; evidence=M22B-EVID-008734
NODE07550	signaling_cascade	module20_24_export	Node participates in at least one evidence-gated exported mechanism edge.
NODE07550	target_gene	register_target_gene_layer	edge=M22B-E010025; evidence=M22B-EVID-010198
NODE07551	signaling_cascade	module20_24_export	Node participates in at least one evidence-gated exported mechanism edge.
NODE07552	ligand	register_ligand_receptor_layer	edge=M20B-E004472; evidence=M20B-EVID-004472;M20B-EVID-004472-P2-DIRECT;M20B-EVID-004472-P2-FUNC;M20B-EVID-004472-P2-RELAY || edge=M23B-E000119; evidence=M23B-EVID-000187 || edge=M23B-E000228; evidence=M23B-EVID-000314;M23B-EVID-PROMO-20260826-017
NODE07552	receptor	register_ligand_receptor_layer	edge=M20B-E002967; evidence=M20B-EVID-002967
NODE07552	signaling_cascade	module20_24_export	Node participates in at least one evidence-gated exported mechanism edge.
NODE07552	target_gene	register_target_gene_layer	edge=M22B-E010506; evidence=M22B-EVID-010624 || edge=M22B-E010507; evidence=M22B-EVID-010624 || edge=M22B-E010508; evidence=M22B-EVID-010625
NODE07553	signaling_cascade	module20_24_export	Node participates in at least one evidence-gated exported mechanism edge.
NODE07554	signaling_cascade	module20_24_export	Node participates in at least one evidence-gated exported mechanism edge.
NODE07555	signaling_cascade	module20_24_export	Node participates in at least one evidence-gated exported mechanism edge.
NODE07555	target_gene	register_target_gene_layer	edge=M22B-E009664; evidence=M22B-EVID-009837
NODE07556	signaling_cascade	module20_24_export	Node participates in at least one evidence-gated exported mechanism edge.
NODE07556	target_gene	register_target_gene_layer	edge=M22B-E010043; evidence=M22B-EVID-010216
NODE07557	signaling_cascade	module20_24_export	Node participates in at least one evidence-gated exported mechanism edge.
NODE07557	target_gene	register_target_gene_layer	edge=M22B-E000100; evidence=M22B-EVID-000616
NODE07558	signaling_cascade	module20_24_export	Node participates in at least one evidence-gated exported mechanism edge.
NODE07559	signaling_cascade	module20_24_export	Node participates in at least one evidence-gated exported mechanism edge.
NODE07560	signaling_cascade	module20_24_export	Node participates in at least one evidence-gated exported mechanism edge.
NODE07561	signaling_cascade	module20_24_export	Node participates in at least one evidence-gated exported mechanism edge.
NODE07562	signaling_cascade	module20_24_export	Node participates in at least one evidence-gated exported mechanism edge.
NODE07563	signaling_cascade	module20_24_export	Node participates in at least one evidence-gated exported mechanism edge.
NODE07564	signaling_cascade	module20_24_export	Node participates in at least one evidence-gated exported mechanism edge.
NODE07565	signaling_cascade	module20_24_export	Node participates in at least one evidence-gated exported mechanism edge.
NODE07565	transcription_factor	register_target_gene_layer	edge=M22B-E000299; evidence=M22B-EVID-000198
NODE07566	signaling_cascade	module20_24_export	Node participates in at least one evidence-gated exported mechanism edge.
NODE07567	signaling_cascade	module20_24_export	Node participates in at least one evidence-gated exported mechanism edge.
NODE07568	signaling_cascade	module20_24_export	Node participates in at least one evidence-gated exported mechanism edge.
NODE07569	ligand	register_ligand_receptor_layer	edge=M23B-E000008; evidence=M23B-EVID-000009
NODE07569	receptor	register_ligand_receptor_layer	edge=M20B-E002886; evidence=M20B-EVID-002886 || edge=M20B-E002900; evidence=M20B-EVID-002900
NODE07569	signaling_cascade	module20_24_export	Node participates in at least one evidence-gated exported mechanism edge.
NODE07569	target_gene	register_target_gene_layer	edge=M22B-E010331; evidence=M22B-EVID-010503
NODE07570	receptor	register_ligand_receptor_layer	edge=M23B-E000117; evidence=M23B-EVID-000185
NODE07570	signaling_cascade	module20_24_export	Node participates in at least one evidence-gated exported mechanism edge.
NODE07571	signaling_cascade	module20_24_export	Node participates in at least one evidence-gated exported mechanism edge.
NODE07572	signaling_cascade	module20_24_export	Node participates in at least one evidence-gated exported mechanism edge.
NODE07572	target_gene	register_target_gene_layer	edge=M22B-E007842; evidence=M22B-EVID-008015 || edge=M22B-E009285; evidence=M22B-EVID-009458
NODE07573	signaling_cascade	module20_24_export	Node participates in at least one evidence-gated exported mechanism edge.
NODE07574	signaling_cascade	module20_24_export	Node participates in at least one evidence-gated exported mechanism edge.
NODE07575	signaling_cascade	module20_24_export	Node participates in at least one evidence-gated exported mechanism edge.
NODE07576	signaling_cascade	module20_24_export	Node participates in at least one evidence-gated exported mechanism edge.
NODE07576	target_gene	register_target_gene_layer	edge=M22B-E009871; evidence=M22B-EVID-010044
NODE07577	signaling_cascade	module20_24_export	Node participates in at least one evidence-gated exported mechanism edge.
NODE07577	target_gene	register_target_gene_layer	edge=M22B-E006202; evidence=M22B-EVID-006375 || edge=M22B-E006554; evidence=M22B-EVID-006727 || edge=M22B-E008350; evidence=M22B-EVID-008523 || edge=M22B-E008710; evidence=M22B-EVID-008883
NODE07578	signaling_cascade	module20_24_export	Node participates in at least one evidence-gated exported mechanism edge.
NODE07579	signaling_cascade	module20_24_export	Node participates in at least one evidence-gated exported mechanism edge.
NODE07580	signaling_cascade	module20_24_export	Node participates in at least one evidence-gated exported mechanism edge.
NODE07581	signaling_cascade	module20_24_export	Node participates in at least one evidence-gated exported mechanism edge.
NODE07582	signaling_cascade	module20_24_export	Node participates in at least one evidence-gated exported mechanism edge.
NODE07582	target_gene	register_target_gene_layer	edge=M22B-E000101; evidence=M22B-EVID-000618 || edge=M22B-E005931; evidence=M22B-EVID-006104 || edge=M22B-E006838; evidence=M22B-EVID-007011 || edge=M22B-E008101; evidence=M22B-EVID-008274 || edge=M22B-E008971; evidence=M22B-EVID-009144
NODE07583	signaling_cascade	module20_24_export	Node participates in at least one evidence-gated exported mechanism edge.
NODE07584	signaling_cascade	module20_24_export	Node participates in at least one evidence-gated exported mechanism edge.
NODE07585	signaling_cascade	module20_24_export	Node participates in at least one evidence-gated exported mechanism edge.
NODE07586	signaling_cascade	module20_24_export	Node participates in at least one evidence-gated exported mechanism edge.
NODE07587	signaling_cascade	module20_24_export	Node participates in at least one evidence-gated exported mechanism edge.
NODE07588	signaling_cascade	module20_24_export	Node participates in at least one evidence-gated exported mechanism edge.
NODE07589	signaling_cascade	module20_24_export	Node participates in at least one evidence-gated exported mechanism edge.
NODE07590	signaling_cascade	module20_24_export	Node participates in at least one evidence-gated exported mechanism edge.
NODE07591	signaling_cascade	module20_24_export	Node participates in at least one evidence-gated exported mechanism edge.
NODE07592	signaling_cascade	module20_24_export	Node participates in at least one evidence-gated exported mechanism edge.
NODE07593	signaling_cascade	module20_24_export	Node participates in at least one evidence-gated exported mechanism edge.
NODE07594	signaling_cascade	module20_24_export	Node participates in at least one evidence-gated exported mechanism edge.
NODE07595	signaling_cascade	module20_24_export	Node participates in at least one evidence-gated exported mechanism edge.
NODE07595	target_gene	register_target_gene_layer	edge=M22B-E009286; evidence=M22B-EVID-009459
NODE07596	signaling_cascade	module20_24_export	Node participates in at least one evidence-gated exported mechanism edge.
NODE07597	signaling_cascade	module20_24_export	Node participates in at least one evidence-gated exported mechanism edge.
NODE07597	target_gene	register_target_gene_layer	edge=M22B-E006839; evidence=M22B-EVID-007012 || edge=M22B-E008972; evidence=M22B-EVID-009145
NODE07598	signaling_cascade	module20_24_export	Node participates in at least one evidence-gated exported mechanism edge.
NODE07598	target_gene	register_target_gene_layer	edge=M22B-E006840; evidence=M22B-EVID-007013 || edge=M22B-E008973; evidence=M22B-EVID-009146
NODE07599	signaling_cascade	module20_24_export	Node participates in at least one evidence-gated exported mechanism edge.
NODE07600	signaling_cascade	module20_24_export	Node participates in at least one evidence-gated exported mechanism edge.
NODE07600	target_gene	register_target_gene_layer	edge=M22B-E006090; evidence=M22B-EVID-006263 || edge=M22B-E008250; evidence=M22B-EVID-008423
NODE07601	signaling_cascade	module20_24_export	Node participates in at least one evidence-gated exported mechanism edge.
NODE07602	signaling_cascade	module20_24_export	Node participates in at least one evidence-gated exported mechanism edge.
NODE07602	target_gene	register_target_gene_layer	edge=M22B-E006841; evidence=M22B-EVID-007014 || edge=M22B-E008974; evidence=M22B-EVID-009147
NODE07603	signaling_cascade	module20_24_export	Node participates in at least one evidence-gated exported mechanism edge.
NODE07604	signaling_cascade	module20_24_export	Node participates in at least one evidence-gated exported mechanism edge.
NODE07605	signaling_cascade	module20_24_export	Node participates in at least one evidence-gated exported mechanism edge.
NODE07606	signaling_cascade	module20_24_export	Node participates in at least one evidence-gated exported mechanism edge.
NODE07606	target_gene	register_target_gene_layer	edge=M22B-E000205; evidence=M22B-EVID-000383 || edge=M22B-E000206; evidence=M22B-EVID-000385 || edge=M22B-E006091; evidence=M22B-EVID-006264 || edge=M22B-E006405; evidence=M22B-EVID-006578 || edge=M22B-E007515; evidence=M22B-EVID-007688
NODE07607	signaling_cascade	module20_24_export	Node participates in at least one evidence-gated exported mechanism edge.
NODE07607	target_gene	register_target_gene_layer	edge=M22B-E006406; evidence=M22B-EVID-006579 || edge=M22B-E008562; evidence=M22B-EVID-008735
NODE07608	signaling_cascade	module20_24_export	Node participates in at least one evidence-gated exported mechanism edge.
NODE07608	target_gene	register_target_gene_layer	edge=M22B-E006407; evidence=M22B-EVID-006580 || edge=M22B-E008563; evidence=M22B-EVID-008736
NODE07609	signaling_cascade	module20_24_export	Node participates in at least one evidence-gated exported mechanism edge.
NODE07609	target_gene	register_target_gene_layer	edge=M22B-E006408; evidence=M22B-EVID-006581 || edge=M22B-E006597; evidence=M22B-EVID-006770 || edge=M22B-E008564; evidence=M22B-EVID-008737 || edge=M22B-E008747; evidence=M22B-EVID-008920
NODE07610	signaling_cascade	module20_24_export	Node participates in at least one evidence-gated exported mechanism edge.
NODE07611	signaling_cascade	module20_24_export	Node participates in at least one evidence-gated exported mechanism edge.
NODE07612	signaling_cascade	module20_24_export	Node participates in at least one evidence-gated exported mechanism edge.
NODE07613	signaling_cascade	module20_24_export	Node participates in at least one evidence-gated exported mechanism edge.
NODE07613	target_gene	register_target_gene_layer	edge=M22B-E006409; evidence=M22B-EVID-006582 || edge=M22B-E008565; evidence=M22B-EVID-008738
NODE07614	signaling_cascade	module20_24_export	Node participates in at least one evidence-gated exported mechanism edge.
NODE07615	ligand	register_ligand_receptor_layer	edge=M20B-E001576; evidence=M20B-EVID-001576;M20B-EVID-005350-P2-RELAY;M20B-EVID-005351-P2-FUNC || edge=M20B-E001577; evidence=M20B-EVID-001577;M20B-EVID-005352-P2-RELAY;M20B-EVID-005353-P2-FUNC
NODE07615	signaling_cascade	module20_24_export	Node participates in at least one evidence-gated exported mechanism edge.
NODE07616	signaling_cascade	module20_24_export	Node participates in at least one evidence-gated exported mechanism edge.
NODE07617	signaling_cascade	module20_24_export	Node participates in at least one evidence-gated exported mechanism edge.
NODE07618	signaling_cascade	module20_24_export	Node participates in at least one evidence-gated exported mechanism edge.
NODE07619	signaling_cascade	module20_24_export	Node participates in at least one evidence-gated exported mechanism edge.
NODE07620	signaling_cascade	module20_24_export	Node participates in at least one evidence-gated exported mechanism edge.
NODE07621	signaling_cascade	module20_24_export	Node participates in at least one evidence-gated exported mechanism edge.
NODE07622	signaling_cascade	module20_24_export	Node participates in at least one evidence-gated exported mechanism edge.
NODE07622	target_gene	register_target_gene_layer	edge=M22B-E007843; evidence=M22B-EVID-008016 || edge=M22B-E009287; evidence=M22B-EVID-009460
NODE07623	signaling_cascade	module20_24_export	Node participates in at least one evidence-gated exported mechanism edge.
NODE07624	signaling_cascade	module20_24_export	Node participates in at least one evidence-gated exported mechanism edge.
NODE07625	signaling_cascade	module20_24_export	Node participates in at least one evidence-gated exported mechanism edge.
NODE07626	signaling_cascade	module20_24_export	Node participates in at least one evidence-gated exported mechanism edge.
NODE07626	target_gene	register_target_gene_layer	edge=M22B-E006410; evidence=M22B-EVID-006583 || edge=M22B-E008566; evidence=M22B-EVID-008739
NODE07627	ligand	register_ligand_receptor_layer	edge=M20B-E004502; evidence=M20B-EVID-004502;M20B-EVID-004502-P2-DIRECT;M20B-EVID-004502-P2-FUNC;M20B-EVID-004502-P2-RELAY
NODE07627	signaling_cascade	module20_24_export	Node participates in at least one evidence-gated exported mechanism edge.
NODE07628	signaling_cascade	module20_24_export	Node participates in at least one evidence-gated exported mechanism edge.
NODE07629	signaling_cascade	module20_24_export	Node participates in at least one evidence-gated exported mechanism edge.
NODE07630	signaling_cascade	module20_24_export	Node participates in at least one evidence-gated exported mechanism edge.
NODE07630	target_gene	register_target_gene_layer	edge=M22B-E006555; evidence=M22B-EVID-006728 || edge=M22B-E007258; evidence=M22B-EVID-007431 || edge=M22B-E008711; evidence=M22B-EVID-008884
NODE07630	transcription_factor	register_target_gene_layer	edge=M22B-E010130; evidence=M22B-EVID-010303 || edge=M22B-E010131; evidence=M22B-EVID-010304
NODE07631	signaling_cascade	module20_24_export	Node participates in at least one evidence-gated exported mechanism edge.
NODE07632	signaling_cascade	module20_24_export	Node participates in at least one evidence-gated exported mechanism edge.
NODE07633	signaling_cascade	module20_24_export	Node participates in at least one evidence-gated exported mechanism edge.
NODE07634	signaling_cascade	module20_24_export	Node participates in at least one evidence-gated exported mechanism edge.
NODE07635	signaling_cascade	module20_24_export	Node participates in at least one evidence-gated exported mechanism edge.
NODE07636	signaling_cascade	module20_24_export	Node participates in at least one evidence-gated exported mechanism edge.
NODE07636	target_gene	register_target_gene_layer	edge=M22B-E006842; evidence=M22B-EVID-007015 || edge=M22B-E008975; evidence=M22B-EVID-009148
NODE07637	receptor	register_ligand_receptor_layer	edge=M20B-E004234; evidence=M20B-EVID-004234
NODE07637	signaling_cascade	module20_24_export	Node participates in at least one evidence-gated exported mechanism edge.
NODE07638	signaling_cascade	module20_24_export	Node participates in at least one evidence-gated exported mechanism edge.
NODE07639	signaling_cascade	module20_24_export	Node participates in at least one evidence-gated exported mechanism edge.
NODE07639	target_gene	register_target_gene_layer	edge=M22B-E009580; evidence=M22B-EVID-009753
NODE07640	signaling_cascade	module20_24_export	Node participates in at least one evidence-gated exported mechanism edge.
NODE07640	target_gene	register_target_gene_layer	edge=M22B-E007844; evidence=M22B-EVID-008017 || edge=M22B-E009288; evidence=M22B-EVID-009461
NODE07641	signaling_cascade	module20_24_export	Node participates in at least one evidence-gated exported mechanism edge.
NODE07642	signaling_cascade	module20_24_export	Node participates in at least one evidence-gated exported mechanism edge.
NODE07643	signaling_cascade	module20_24_export	Node participates in at least one evidence-gated exported mechanism edge.
NODE07644	receptor	register_ligand_receptor_layer	edge=M23B-E001136; evidence=M23B-EVID-EXPAND23A-061
NODE07644	signaling_cascade	module20_24_export	Node participates in at least one evidence-gated exported mechanism edge.
NODE07645	signaling_cascade	module20_24_export	Node participates in at least one evidence-gated exported mechanism edge.
NODE07646	signaling_cascade	module20_24_export	Node participates in at least one evidence-gated exported mechanism edge.
NODE07647	signaling_cascade	module20_24_export	Node participates in at least one evidence-gated exported mechanism edge.
NODE07648	signaling_cascade	module20_24_export	Node participates in at least one evidence-gated exported mechanism edge.
NODE07649	signaling_cascade	module20_24_export	Node participates in at least one evidence-gated exported mechanism edge.
NODE07650	signaling_cascade	module20_24_export	Node participates in at least one evidence-gated exported mechanism edge.
NODE07651	signaling_cascade	module20_24_export	Node participates in at least one evidence-gated exported mechanism edge.
NODE07652	signaling_cascade	module20_24_export	Node participates in at least one evidence-gated exported mechanism edge.
NODE07653	signaling_cascade	module20_24_export	Node participates in at least one evidence-gated exported mechanism edge.
NODE07654	signaling_cascade	module20_24_export	Node participates in at least one evidence-gated exported mechanism edge.
NODE07655	signaling_cascade	module20_24_export	Node participates in at least one evidence-gated exported mechanism edge.
NODE07656	signaling_cascade	module20_24_export	Node participates in at least one evidence-gated exported mechanism edge.
NODE07657	signaling_cascade	module20_24_export	Node participates in at least one evidence-gated exported mechanism edge.
NODE07658	signaling_cascade	module20_24_export	Node participates in at least one evidence-gated exported mechanism edge.
NODE07659	signaling_cascade	module20_24_export	Node participates in at least one evidence-gated exported mechanism edge.
NODE07660	signaling_cascade	module20_24_export	Node participates in at least one evidence-gated exported mechanism edge.
NODE07661	ligand	register_ligand_receptor_layer	edge=M24B-E000120; evidence=M24B-EVID-000162
NODE07661	signaling_cascade	module20_24_export	Node participates in at least one evidence-gated exported mechanism edge.
NODE07662	signaling_cascade	module20_24_export	Node participates in at least one evidence-gated exported mechanism edge.
NODE07662	target_gene	register_target_gene_layer	edge=M22B-E007845; evidence=M22B-EVID-008018 || edge=M22B-E009289; evidence=M22B-EVID-009462
NODE07663	signaling_cascade	module20_24_export	Node participates in at least one evidence-gated exported mechanism edge.
NODE07664	signaling_cascade	module20_24_export	Node participates in at least one evidence-gated exported mechanism edge.
NODE07665	signaling_cascade	module20_24_export	Node participates in at least one evidence-gated exported mechanism edge.
NODE07665	target_gene	register_target_gene_layer	edge=M22B-E007846; evidence=M22B-EVID-008019 || edge=M22B-E009290; evidence=M22B-EVID-009463
NODE07666	signaling_cascade	module20_24_export	Node participates in at least one evidence-gated exported mechanism edge.
NODE07667	signaling_cascade	module20_24_export	Node participates in at least one evidence-gated exported mechanism edge.
NODE07668	ligand	register_ligand_receptor_layer	edge=M20B-E004506; evidence=M20B-EVID-004506;M20B-EVID-004506-P2-DIRECT;M20B-EVID-004506-P2-FUNC;M20B-EVID-004506-P2-RELAY
NODE07668	signaling_cascade	module20_24_export	Node participates in at least one evidence-gated exported mechanism edge.
NODE07668	target_gene	register_target_gene_layer	edge=M22B-E006843; evidence=M22B-EVID-007016 || edge=M22B-E008976; evidence=M22B-EVID-009149
NODE07669	signaling_cascade	module20_24_export	Node participates in at least one evidence-gated exported mechanism edge.
NODE07670	signaling_cascade	module20_24_export	Node participates in at least one evidence-gated exported mechanism edge.
NODE07671	signaling_cascade	module20_24_export	Node participates in at least one evidence-gated exported mechanism edge.
NODE07671	target_gene	register_target_gene_layer	edge=M22B-E010519; evidence=M22B-EVID-010634 || edge=M22B-E010520; evidence=M22B-EVID-010634
NODE07672	signaling_cascade	module20_24_export	Node participates in at least one evidence-gated exported mechanism edge.
NODE07672	target_gene	register_target_gene_layer	edge=M22B-E006844; evidence=M22B-EVID-007017 || edge=M22B-E008977; evidence=M22B-EVID-009150
NODE07673	signaling_cascade	module20_24_export	Node participates in at least one evidence-gated exported mechanism edge.
NODE07674	signaling_cascade	module20_24_export	Node participates in at least one evidence-gated exported mechanism edge.
NODE07675	signaling_cascade	module20_24_export	Node participates in at least one evidence-gated exported mechanism edge.
NODE07676	signaling_cascade	module20_24_export	Node participates in at least one evidence-gated exported mechanism edge.
NODE07676	target_gene	register_target_gene_layer	edge=M22B-E007011; evidence=M22B-EVID-007184
NODE07677	signaling_cascade	module20_24_export	Node participates in at least one evidence-gated exported mechanism edge.
NODE07678	signaling_cascade	module20_24_export	Node participates in at least one evidence-gated exported mechanism edge.
NODE07679	signaling_cascade	module20_24_export	Node participates in at least one evidence-gated exported mechanism edge.
NODE07680	signaling_cascade	module20_24_export	Node participates in at least one evidence-gated exported mechanism edge.
NODE07681	signaling_cascade	module20_24_export	Node participates in at least one evidence-gated exported mechanism edge.
NODE07682	signaling_cascade	module20_24_export	Node participates in at least one evidence-gated exported mechanism edge.
NODE07683	signaling_cascade	module20_24_export	Node participates in at least one evidence-gated exported mechanism edge.
NODE07684	receptor	register_ligand_receptor_layer	edge=M24B-E000120; evidence=M24B-EVID-000162
NODE07684	signaling_cascade	module20_24_export	Node participates in at least one evidence-gated exported mechanism edge.
NODE07685	signaling_cascade	module20_24_export	Node participates in at least one evidence-gated exported mechanism edge.
NODE07686	signaling_cascade	module20_24_export	Node participates in at least one evidence-gated exported mechanism edge.
NODE07687	signaling_cascade	module20_24_export	Node participates in at least one evidence-gated exported mechanism edge.
NODE07688	signaling_cascade	module20_24_export	Node participates in at least one evidence-gated exported mechanism edge.
NODE07689	signaling_cascade	module20_24_export	Node participates in at least one evidence-gated exported mechanism edge.
NODE07689	target_gene	register_target_gene_layer	edge=M22B-E007259; evidence=M22B-EVID-007432 || edge=M22B-E007516; evidence=M22B-EVID-007689 || edge=M22B-E009999; evidence=M22B-EVID-010172
NODE07690	signaling_cascade	module20_24_export	Node participates in at least one evidence-gated exported mechanism edge.
NODE07691	signaling_cascade	module20_24_export	Node participates in at least one evidence-gated exported mechanism edge.
NODE07692	signaling_cascade	module20_24_export	Node participates in at least one evidence-gated exported mechanism edge.
NODE07693	signaling_cascade	module20_24_export	Node participates in at least one evidence-gated exported mechanism edge.
NODE07694	signaling_cascade	module20_24_export	Node participates in at least one evidence-gated exported mechanism edge.
NODE07694	target_gene	register_target_gene_layer	edge=M22B-E007012; evidence=M22B-EVID-007185
NODE07695	signaling_cascade	module20_24_export	Node participates in at least one evidence-gated exported mechanism edge.
NODE07696	signaling_cascade	module20_24_export	Node participates in at least one evidence-gated exported mechanism edge.
NODE07697	signaling_cascade	module20_24_export	Node participates in at least one evidence-gated exported mechanism edge.
NODE07698	receptor	register_ligand_receptor_layer	edge=M20B-E002561; evidence=M20B-EVID-002561
NODE07698	signaling_cascade	module20_24_export	Node participates in at least one evidence-gated exported mechanism edge.
NODE07699	signaling_cascade	module20_24_export	Node participates in at least one evidence-gated exported mechanism edge.
NODE07700	signaling_cascade	module20_24_export	Node participates in at least one evidence-gated exported mechanism edge.
NODE07700	transcription_factor	register_target_gene_layer	edge=M22B-E010317; evidence=M22B-EVID-010489 || edge=M22B-E010512; evidence=M22B-EVID-010628
NODE07701	signaling_cascade	module20_24_export	Node participates in at least one evidence-gated exported mechanism edge.
NODE07701	target_gene	register_target_gene_layer	edge=M22B-E010113; evidence=M22B-EVID-010286
NODE07702	signaling_cascade	module20_24_export	Node participates in at least one evidence-gated exported mechanism edge.
NODE07703	signaling_cascade	module20_24_export	Node participates in at least one evidence-gated exported mechanism edge.
NODE07703	target_gene	register_target_gene_layer	edge=M22B-E006411; evidence=M22B-EVID-006584 || edge=M22B-E006845; evidence=M22B-EVID-007018 || edge=M22B-E008567; evidence=M22B-EVID-008740 || edge=M22B-E008978; evidence=M22B-EVID-009151
NODE07704	signaling_cascade	module20_24_export	Node participates in at least one evidence-gated exported mechanism edge.
NODE07705	signaling_cascade	module20_24_export	Node participates in at least one evidence-gated exported mechanism edge.
NODE07705	target_gene	register_target_gene_layer	edge=M22B-E006846; evidence=M22B-EVID-007019 || edge=M22B-E008979; evidence=M22B-EVID-009152
NODE07706	signaling_cascade	module20_24_export	Node participates in at least one evidence-gated exported mechanism edge.
NODE07707	signaling_cascade	module20_24_export	Node participates in at least one evidence-gated exported mechanism edge.
NODE07708	signaling_cascade	module20_24_export	Node participates in at least one evidence-gated exported mechanism edge.
NODE07709	ligand	register_ligand_receptor_layer	edge=M20B-E004510; evidence=M20B-EVID-004510;M20B-EVID-004510-P2-DIRECT;M20B-EVID-004510-P2-FUNC;M20B-EVID-004510-P2-RELAY
NODE07709	signaling_cascade	module20_24_export	Node participates in at least one evidence-gated exported mechanism edge.
NODE07710	signaling_cascade	module20_24_export	Node participates in at least one evidence-gated exported mechanism edge.
NODE07711	signaling_cascade	module20_24_export	Node participates in at least one evidence-gated exported mechanism edge.
NODE07711	target_gene	register_target_gene_layer	edge=M22B-E006203; evidence=M22B-EVID-006376 || edge=M22B-E006412; evidence=M22B-EVID-006585 || edge=M22B-E006556; evidence=M22B-EVID-006729 || edge=M22B-E006847; evidence=M22B-EVID-007020 || edge=M22B-E008351; evidence=M22B-EVID-008524 || edge=M22B-E008568; evidence=M22B-EVID-008741 || edge=M22B-E008712; evidence=M22B-EVID-008885 || edge=M22B-E008980; evidence=M22B-EVID-009153
NODE07712	signaling_cascade	module20_24_export	Node participates in at least one evidence-gated exported mechanism edge.
NODE07713	receptor	register_ligand_receptor_layer	edge=M20B-E004510; evidence=M20B-EVID-004510;M20B-EVID-004510-P2-DIRECT;M20B-EVID-004510-P2-FUNC;M20B-EVID-004510-P2-RELAY
NODE07713	signaling_cascade	module20_24_export	Node participates in at least one evidence-gated exported mechanism edge.
NODE07714	signaling_cascade	module20_24_export	Node participates in at least one evidence-gated exported mechanism edge.
NODE07714	target_gene	register_target_gene_layer	edge=M22B-E007847; evidence=M22B-EVID-008020 || edge=M22B-E009291; evidence=M22B-EVID-009464
NODE07715	signaling_cascade	module20_24_export	Node participates in at least one evidence-gated exported mechanism edge.
NODE07716	signaling_cascade	module20_24_export	Node participates in at least one evidence-gated exported mechanism edge.
NODE07717	signaling_cascade	module20_24_export	Node participates in at least one evidence-gated exported mechanism edge.
NODE07717	target_gene	register_target_gene_layer	edge=M22B-E005791; evidence=M22B-EVID-005964 || edge=M22B-E006557; evidence=M22B-EVID-006730 || edge=M22B-E007260; evidence=M22B-EVID-007433
NODE07718	signaling_cascade	module20_24_export	Node participates in at least one evidence-gated exported mechanism edge.
NODE07719	signaling_cascade	module20_24_export	Node participates in at least one evidence-gated exported mechanism edge.
NODE07720	signaling_cascade	module20_24_export	Node participates in at least one evidence-gated exported mechanism edge.
NODE07721	signaling_cascade	module20_24_export	Node participates in at least one evidence-gated exported mechanism edge.
NODE07722	signaling_cascade	module20_24_export	Node participates in at least one evidence-gated exported mechanism edge.
NODE07723	signaling_cascade	module20_24_export	Node participates in at least one evidence-gated exported mechanism edge.
NODE07724	ligand	register_ligand_receptor_layer	edge=M20B-E004521; evidence=M20B-EVID-004521;M20B-EVID-004521-P2-DIRECT;M20B-EVID-004521-P2-FUNC;M20B-EVID-004521-P2-RELAY || edge=M23B-E000009; evidence=M23B-EVID-000010
NODE07724	signaling_cascade	module20_24_export	Node participates in at least one evidence-gated exported mechanism edge.
NODE07724	target_gene	register_target_gene_layer	edge=M22B-E005932; evidence=M22B-EVID-006105 || edge=M22B-E006092; evidence=M22B-EVID-006265 || edge=M22B-E006204; evidence=M22B-EVID-006377 || edge=M22B-E007261; evidence=M22B-EVID-007434 || edge=M22B-E007517; evidence=M22B-EVID-007690 || edge=M22B-E008102; evidence=M22B-EVID-008275 || edge=M22B-E008251; evidence=M22B-EVID-008424 || edge=M22B-E008352; evidence=M22B-EVID-008525
NODE07725	signaling_cascade	module20_24_export	Node participates in at least one evidence-gated exported mechanism edge.
NODE07726	signaling_cascade	module20_24_export	Node participates in at least one evidence-gated exported mechanism edge.
NODE07727	receptor	register_ligand_receptor_layer	edge=M20B-E002288; evidence=M20B-EVID-002288 || edge=M20B-E004521; evidence=M20B-EVID-004521;M20B-EVID-004521-P2-DIRECT;M20B-EVID-004521-P2-FUNC;M20B-EVID-004521-P2-RELAY
NODE07727	signaling_cascade	module20_24_export	Node participates in at least one evidence-gated exported mechanism edge.
NODE07727	target_gene	register_target_gene_layer	edge=M22B-E005933; evidence=M22B-EVID-006106 || edge=M22B-E006205; evidence=M22B-EVID-006378 || edge=M22B-E006413; evidence=M22B-EVID-006586 || edge=M22B-E006558; evidence=M22B-EVID-006731 || edge=M22B-E007262; evidence=M22B-EVID-007435 || edge=M22B-E008103; evidence=M22B-EVID-008276 || edge=M22B-E008353; evidence=M22B-EVID-008526 || edge=M22B-E008569; evidence=M22B-EVID-008742 || edge=M22B-E008713; evidence=M22B-EVID-008886
NODE07728	signaling_cascade	module20_24_export	Node participates in at least one evidence-gated exported mechanism edge.
NODE07729	signaling_cascade	module20_24_export	Node participates in at least one evidence-gated exported mechanism edge.
NODE07730	signaling_cascade	module20_24_export	Node participates in at least one evidence-gated exported mechanism edge.
NODE07731	signaling_cascade	module20_24_export	Node participates in at least one evidence-gated exported mechanism edge.
NODE07732	signaling_cascade	module20_24_export	Node participates in at least one evidence-gated exported mechanism edge.
NODE07733	signaling_cascade	module20_24_export	Node participates in at least one evidence-gated exported mechanism edge.
NODE07734	signaling_cascade	module20_24_export	Node participates in at least one evidence-gated exported mechanism edge.
NODE07735	signaling_cascade	module20_24_export	Node participates in at least one evidence-gated exported mechanism edge.
NODE07736	signaling_cascade	module20_24_export	Node participates in at least one evidence-gated exported mechanism edge.
NODE07737	signaling_cascade	module20_24_export	Node participates in at least one evidence-gated exported mechanism edge.
NODE07738	signaling_cascade	module20_24_export	Node participates in at least one evidence-gated exported mechanism edge.
NODE07739	signaling_cascade	module20_24_export	Node participates in at least one evidence-gated exported mechanism edge.
NODE07740	signaling_cascade	module20_24_export	Node participates in at least one evidence-gated exported mechanism edge.
NODE07740	target_gene	register_target_gene_layer	edge=M22B-E010685; evidence=M22B-EVID-010778
NODE07741	signaling_cascade	module20_24_export	Node participates in at least one evidence-gated exported mechanism edge.
NODE07741	target_gene	register_target_gene_layer	edge=M22B-E009872; evidence=M22B-EVID-010045 || edge=M22B-E010684; evidence=M22B-EVID-010777
NODE07742	signaling_cascade	module20_24_export	Node participates in at least one evidence-gated exported mechanism edge.
NODE07743	signaling_cascade	module20_24_export	Node participates in at least one evidence-gated exported mechanism edge.
NODE07744	signaling_cascade	module20_24_export	Node participates in at least one evidence-gated exported mechanism edge.
NODE07745	receptor	register_ligand_receptor_layer	edge=M23B-E000173; evidence=M23B-EVID-000247
NODE07745	signaling_cascade	module20_24_export	Node participates in at least one evidence-gated exported mechanism edge.
NODE07746	receptor	register_ligand_receptor_layer	edge=M23B-E000171; evidence=M23B-EVID-000245
NODE07746	signaling_cascade	module20_24_export	Node participates in at least one evidence-gated exported mechanism edge.
NODE07747	receptor	register_ligand_receptor_layer	edge=M23B-E000172; evidence=M23B-EVID-000246
NODE07747	signaling_cascade	module20_24_export	Node participates in at least one evidence-gated exported mechanism edge.
NODE07748	signaling_cascade	module20_24_export	Node participates in at least one evidence-gated exported mechanism edge.
NODE07749	receptor	register_ligand_receptor_layer	edge=M23B-E000168; evidence=M23B-EVID-000242
NODE07749	signaling_cascade	module20_24_export	Node participates in at least one evidence-gated exported mechanism edge.
NODE07750	signaling_cascade	module20_24_export	Node participates in at least one evidence-gated exported mechanism edge.
NODE07751	signaling_cascade	module20_24_export	Node participates in at least one evidence-gated exported mechanism edge.
NODE07752	receptor	register_ligand_receptor_layer	edge=M23B-E000170; evidence=M23B-EVID-000244
NODE07752	signaling_cascade	module20_24_export	Node participates in at least one evidence-gated exported mechanism edge.
NODE07753	receptor	register_ligand_receptor_layer	edge=M23B-E000160; evidence=M23B-EVID-000234
NODE07753	signaling_cascade	module20_24_export	Node participates in at least one evidence-gated exported mechanism edge.
NODE07754	ligand	register_ligand_receptor_layer	edge=M20B-E004530; evidence=M20B-EVID-004530;M20B-EVID-004530-P2-DIRECT;M20B-EVID-004530-P2-FUNC;M20B-EVID-004530-P2-RELAY || edge=M20B-E004537; evidence=M20B-EVID-004537;M20B-EVID-004537-P2-DIRECT;M20B-EVID-004537-P2-FUNC;M20B-EVID-004537-P2-RELAY
NODE07754	signaling_cascade	module20_24_export	Node participates in at least one evidence-gated exported mechanism edge.
NODE07755	signaling_cascade	module20_24_export	Node participates in at least one evidence-gated exported mechanism edge.
NODE07756	ligand	register_ligand_receptor_layer	edge=M23B-E000839; evidence=M23B-EVID-001134
NODE07756	signaling_cascade	module20_24_export	Node participates in at least one evidence-gated exported mechanism edge.
NODE07757	ligand	register_ligand_receptor_layer	edge=M23B-E000230; evidence=M23B-EVID-000316
NODE07757	signaling_cascade	module20_24_export	Node participates in at least one evidence-gated exported mechanism edge.
NODE07758	ligand	register_ligand_receptor_layer	edge=M23B-E000232; evidence=M23B-EVID-000318
NODE07758	signaling_cascade	module20_24_export	Node participates in at least one evidence-gated exported mechanism edge.
NODE07759	receptor	register_ligand_receptor_layer	edge=M20B-E004537; evidence=M20B-EVID-004537;M20B-EVID-004537-P2-DIRECT;M20B-EVID-004537-P2-FUNC;M20B-EVID-004537-P2-RELAY || edge=M23B-E000839; evidence=M23B-EVID-001134
NODE07759	signaling_cascade	module20_24_export	Node participates in at least one evidence-gated exported mechanism edge.
NODE07760	signaling_cascade	module20_24_export	Node participates in at least one evidence-gated exported mechanism edge.
NODE07761	signaling_cascade	module20_24_export	Node participates in at least one evidence-gated exported mechanism edge.
NODE07761	target_gene	register_target_gene_layer	edge=M22B-E007848; evidence=M22B-EVID-008021 || edge=M22B-E009292; evidence=M22B-EVID-009465
NODE07762	signaling_cascade	module20_24_export	Node participates in at least one evidence-gated exported mechanism edge.
NODE07763	signaling_cascade	module20_24_export	Node participates in at least one evidence-gated exported mechanism edge.
NODE07764	signaling_cascade	module20_24_export	Node participates in at least one evidence-gated exported mechanism edge.
NODE07764	target_gene	register_target_gene_layer	edge=M22B-E007849; evidence=M22B-EVID-008022 || edge=M22B-E009293; evidence=M22B-EVID-009466
NODE07765	signaling_cascade	module20_24_export	Node participates in at least one evidence-gated exported mechanism edge.
NODE07765	target_gene	register_target_gene_layer	edge=M22B-E007850; evidence=M22B-EVID-008023
NODE07766	signaling_cascade	module20_24_export	Node participates in at least one evidence-gated exported mechanism edge.
NODE07767	signaling_cascade	module20_24_export	Node participates in at least one evidence-gated exported mechanism edge.
NODE07768	signaling_cascade	module20_24_export	Node participates in at least one evidence-gated exported mechanism edge.
NODE07769	signaling_cascade	module20_24_export	Node participates in at least one evidence-gated exported mechanism edge.
NODE07769	target_gene	register_target_gene_layer	edge=M22B-E010032; evidence=M22B-EVID-010205
NODE07770	signaling_cascade	module20_24_export	Node participates in at least one evidence-gated exported mechanism edge.
NODE07770	target_gene	register_target_gene_layer	edge=M22B-E010096; evidence=M22B-EVID-010269 || edge=M22B-E010097; evidence=M22B-EVID-010270
NODE07771	receptor	register_ligand_receptor_layer	edge=M20B-E004939; evidence=M20B-EVID-004939;M20B-EVID-004939-P2-DIRECT;M20B-EVID-004939-P2-FUNC;M20B-EVID-004939-P2-RELAY
NODE07771	signaling_cascade	module20_24_export	Node participates in at least one evidence-gated exported mechanism edge.
NODE07771	target_gene	register_target_gene_layer	edge=M22B-E007518; evidence=M22B-EVID-007691
NODE07772	signaling_cascade	module20_24_export	Node participates in at least one evidence-gated exported mechanism edge.
NODE07773	receptor	register_ligand_receptor_layer	edge=M20B-E004940; evidence=M20B-EVID-004940;M20B-EVID-004940-P2-BOUNDARY;M20B-EVID-004940-P2-DIRECT;M20B-EVID-004940-P2-DIRECT-FT
NODE07773	signaling_cascade	module20_24_export	Node participates in at least one evidence-gated exported mechanism edge.
NODE07774	signaling_cascade	module20_24_export	Node participates in at least one evidence-gated exported mechanism edge.
NODE07775	ligand	register_ligand_receptor_layer	edge=M20B-E004538; evidence=M20B-EVID-004538;M20B-EVID-004538-P2-DIRECT;M20B-EVID-004538-P2-FUNC;M20B-EVID-004538-P2-RELAY
NODE07775	signaling_cascade	module20_24_export	Node participates in at least one evidence-gated exported mechanism edge.
NODE07776	signaling_cascade	module20_24_export	Node participates in at least one evidence-gated exported mechanism edge.
NODE07777	signaling_cascade	module20_24_export	Node participates in at least one evidence-gated exported mechanism edge.
NODE07778	receptor	register_ligand_receptor_layer	edge=M20B-E004892; evidence=M20B-EVID-004892;M20B-EVID-004892-P2-DIRECT;M20B-EVID-004892-P2-FUNC;M20B-EVID-004892-P2-RELAY
NODE07778	signaling_cascade	module20_24_export	Node participates in at least one evidence-gated exported mechanism edge.
NODE07779	receptor	register_ligand_receptor_layer	edge=M20B-E004893; evidence=M20B-EVID-004893;M20B-EVID-004893-P2-DIRECT;M20B-EVID-004893-P2-FUNC;M20B-EVID-004893-P2-RELAY
NODE07779	signaling_cascade	module20_24_export	Node participates in at least one evidence-gated exported mechanism edge.
NODE07780	receptor	register_ligand_receptor_layer	edge=M20B-E004872; evidence=M20B-EVID-004872;M20B-EVID-004872-P2-FUNC
NODE07780	signaling_cascade	module20_24_export	Node participates in at least one evidence-gated exported mechanism edge.
NODE07780	target_gene	register_target_gene_layer	edge=M22B-E007851; evidence=M22B-EVID-008024 || edge=M22B-E009294; evidence=M22B-EVID-009467
NODE07781	signaling_cascade	module20_24_export	Node participates in at least one evidence-gated exported mechanism edge.
NODE07782	signaling_cascade	module20_24_export	Node participates in at least one evidence-gated exported mechanism edge.
NODE07783	receptor	register_ligand_receptor_layer	edge=M20B-E004874; evidence=M20B-EVID-004874;M20B-EVID-004874-P2-ORIENTATION
NODE07783	signaling_cascade	module20_24_export	Node participates in at least one evidence-gated exported mechanism edge.
NODE07783	target_gene	register_target_gene_layer	edge=M22B-E007852; evidence=M22B-EVID-008025 || edge=M22B-E009295; evidence=M22B-EVID-009468
NODE07784	signaling_cascade	module20_24_export	Node participates in at least one evidence-gated exported mechanism edge.
NODE07785	signaling_cascade	module20_24_export	Node participates in at least one evidence-gated exported mechanism edge.
NODE07786	signaling_cascade	module20_24_export	Node participates in at least one evidence-gated exported mechanism edge.
NODE07787	signaling_cascade	module20_24_export	Node participates in at least one evidence-gated exported mechanism edge.
NODE07787	target_gene	register_target_gene_layer	edge=M22B-E010590; evidence=M22B-EVID-010686
NODE07788	signaling_cascade	module20_24_export	Node participates in at least one evidence-gated exported mechanism edge.
NODE07789	signaling_cascade	module20_24_export	Node participates in at least one evidence-gated exported mechanism edge.
NODE07790	receptor	register_ligand_receptor_layer	edge=M20B-E004866; evidence=M20B-EVID-004866;M20B-EVID-004866-P2-DIRECT;M20B-EVID-004866-P2-DIRECT-FT;M20B-EVID-004866-P2-FUNC;M20B-EVID-004866-P2-FUNC-FT;M20B-EVID-004866-P2-RELAY;M20B-EVID-004866-P2-RELAY-FT
NODE07790	signaling_cascade	module20_24_export	Node participates in at least one evidence-gated exported mechanism edge.
NODE07791	receptor	register_ligand_receptor_layer	edge=M20B-E002548; evidence=M20B-EVID-002548 || edge=M20B-E004867; evidence=M20B-EVID-004867;M20B-EVID-004867-P2-DIRECT;M20B-EVID-004867-P2-FUNC;M20B-EVID-004867-P2-RELAY || edge=M23B-E000862; evidence=M23B-EVID-001162
NODE07791	signaling_cascade	module20_24_export	Node participates in at least one evidence-gated exported mechanism edge.
NODE07792	signaling_cascade	module20_24_export	Node participates in at least one evidence-gated exported mechanism edge.
NODE07793	signaling_cascade	module20_24_export	Node participates in at least one evidence-gated exported mechanism edge.
NODE07794	signaling_cascade	module20_24_export	Node participates in at least one evidence-gated exported mechanism edge.
NODE07795	signaling_cascade	module20_24_export	Node participates in at least one evidence-gated exported mechanism edge.
NODE07796	signaling_cascade	module20_24_export	Node participates in at least one evidence-gated exported mechanism edge.
NODE07797	receptor	register_ligand_receptor_layer	edge=M20B-E004878; evidence=M20B-EVID-004878;M20B-EVID-004878-P2-FUNC
NODE07797	signaling_cascade	module20_24_export	Node participates in at least one evidence-gated exported mechanism edge.
NODE07797	target_gene	register_target_gene_layer	edge=M22B-E010595; evidence=M22B-EVID-010691
NODE07798	receptor	register_ligand_receptor_layer	edge=M20B-E004842; evidence=M20B-EVID-004842 || edge=M20B-E004845; evidence=M20B-EVID-004845 || edge=M23B-E000857; evidence=M23B-EVID-001156 || edge=M23B-E000860; evidence=M23B-EVID-001159
NODE07798	signaling_cascade	module20_24_export	Node participates in at least one evidence-gated exported mechanism edge.
NODE07798	target_gene	register_target_gene_layer	edge=M22B-E010591; evidence=M22B-EVID-010687
NODE07799	signaling_cascade	module20_24_export	Node participates in at least one evidence-gated exported mechanism edge.
NODE07800	signaling_cascade	module20_24_export	Node participates in at least one evidence-gated exported mechanism edge.
NODE07801	signaling_cascade	module20_24_export	Node participates in at least one evidence-gated exported mechanism edge.
NODE07802	signaling_cascade	module20_24_export	Node participates in at least one evidence-gated exported mechanism edge.
NODE07802	target_gene	register_target_gene_layer	edge=M22B-E006414; evidence=M22B-EVID-006587 || edge=M22B-E006848; evidence=M22B-EVID-007021 || edge=M22B-E007519; evidence=M22B-EVID-007692 || edge=M22B-E007853; evidence=M22B-EVID-008026
NODE07803	signaling_cascade	module20_24_export	Node participates in at least one evidence-gated exported mechanism edge.
NODE07804	signaling_cascade	module20_24_export	Node participates in at least one evidence-gated exported mechanism edge.
NODE07804	target_gene	register_target_gene_layer	edge=M22B-E007520; evidence=M22B-EVID-007693 || edge=M22B-E007854; evidence=M22B-EVID-008027
NODE07805	signaling_cascade	module20_24_export	Node participates in at least one evidence-gated exported mechanism edge.
NODE07806	signaling_cascade	module20_24_export	Node participates in at least one evidence-gated exported mechanism edge.
NODE07806	target_gene	register_target_gene_layer	edge=M22B-E007855; evidence=M22B-EVID-008028 || edge=M22B-E009296; evidence=M22B-EVID-009469
NODE07807	signaling_cascade	module20_24_export	Node participates in at least one evidence-gated exported mechanism edge.
NODE07808	ligand	register_ligand_receptor_layer	edge=M20B-E004547; evidence=M20B-EVID-004547;M20B-EVID-004547-P2-DIRECT;M20B-EVID-004547-P2-FUNC;M20B-EVID-004547-P2-RELAY
NODE07808	signaling_cascade	module20_24_export	Node participates in at least one evidence-gated exported mechanism edge.
NODE07808	target_gene	register_target_gene_layer	edge=M22B-E007263; evidence=M22B-EVID-007436
NODE07809	signaling_cascade	module20_24_export	Node participates in at least one evidence-gated exported mechanism edge.
NODE07810	signaling_cascade	module20_24_export	Node participates in at least one evidence-gated exported mechanism edge.
NODE07810	target_gene	register_target_gene_layer	edge=M22B-E010588; evidence=M22B-EVID-010684
NODE07811	signaling_cascade	module20_24_export	Node participates in at least one evidence-gated exported mechanism edge.
NODE07812	signaling_cascade	module20_24_export	Node participates in at least one evidence-gated exported mechanism edge.
NODE07813	signaling_cascade	module20_24_export	Node participates in at least one evidence-gated exported mechanism edge.
NODE07814	signaling_cascade	module20_24_export	Node participates in at least one evidence-gated exported mechanism edge.
NODE07814	target_gene	register_target_gene_layer	edge=M22B-E006849; evidence=M22B-EVID-007022 || edge=M22B-E007264; evidence=M22B-EVID-007437 || edge=M22B-E008981; evidence=M22B-EVID-009154 || edge=M22B-E009361; evidence=M22B-EVID-009534
NODE07815	signaling_cascade	module20_24_export	Node participates in at least one evidence-gated exported mechanism edge.
NODE07815	target_gene	register_target_gene_layer	edge=M22B-E006093; evidence=M22B-EVID-006266 || edge=M22B-E007856; evidence=M22B-EVID-008029
NODE07816	signaling_cascade	module20_24_export	Node participates in at least one evidence-gated exported mechanism edge.
NODE07816	target_gene	register_target_gene_layer	edge=M22B-E006559; evidence=M22B-EVID-006732 || edge=M22B-E006850; evidence=M22B-EVID-007023 || edge=M22B-E008714; evidence=M22B-EVID-008887 || edge=M22B-E008982; evidence=M22B-EVID-009155
NODE07817	signaling_cascade	module20_24_export	Node participates in at least one evidence-gated exported mechanism edge.
NODE07817	target_gene	register_target_gene_layer	edge=M22B-E006851; evidence=M22B-EVID-007024
NODE07818	signaling_cascade	module20_24_export	Node participates in at least one evidence-gated exported mechanism edge.
NODE07818	target_gene	register_target_gene_layer	edge=M22B-E006415; evidence=M22B-EVID-006588
NODE07819	signaling_cascade	module20_24_export	Node participates in at least one evidence-gated exported mechanism edge.
NODE07819	target_gene	register_target_gene_layer	edge=M22B-E009581; evidence=M22B-EVID-009754
NODE07820	signaling_cascade	module20_24_export	Node participates in at least one evidence-gated exported mechanism edge.
NODE07820	target_gene	register_target_gene_layer	edge=M22B-E005934; evidence=M22B-EVID-006107 || edge=M22B-E006094; evidence=M22B-EVID-006267 || edge=M22B-E008104; evidence=M22B-EVID-008277 || edge=M22B-E008252; evidence=M22B-EVID-008425
NODE07821	signaling_cascade	module20_24_export	Node participates in at least one evidence-gated exported mechanism edge.
NODE07822	signaling_cascade	module20_24_export	Node participates in at least one evidence-gated exported mechanism edge.
NODE07823	signaling_cascade	module20_24_export	Node participates in at least one evidence-gated exported mechanism edge.
NODE07824	signaling_cascade	module20_24_export	Node participates in at least one evidence-gated exported mechanism edge.
NODE07825	signaling_cascade	module20_24_export	Node participates in at least one evidence-gated exported mechanism edge.
NODE07826	signaling_cascade	module20_24_export	Node participates in at least one evidence-gated exported mechanism edge.
NODE07827	signaling_cascade	module20_24_export	Node participates in at least one evidence-gated exported mechanism edge.
NODE07828	signaling_cascade	module20_24_export	Node participates in at least one evidence-gated exported mechanism edge.
NODE07829	signaling_cascade	module20_24_export	Node participates in at least one evidence-gated exported mechanism edge.
NODE07830	signaling_cascade	module20_24_export	Node participates in at least one evidence-gated exported mechanism edge.
NODE07831	signaling_cascade	module20_24_export	Node participates in at least one evidence-gated exported mechanism edge.
NODE07832	signaling_cascade	module20_24_export	Node participates in at least one evidence-gated exported mechanism edge.
NODE07832	transcription_factor	register_target_gene_layer	edge=M22B-E010618; evidence=M22B-EVID-010714
NODE07833	signaling_cascade	module20_24_export	Node participates in at least one evidence-gated exported mechanism edge.
NODE07833	transcription_factor	register_target_gene_layer	edge=M22B-E010329; evidence=M22B-EVID-010501 || edge=M22B-E010425; evidence=M22B-EVID-010596 || edge=M22B-E010438; evidence=M22B-EVID-010606 || edge=M22B-E010608; evidence=M22B-EVID-010704 || edge=M22B-E010647; evidence=M22B-EVID-010742
NODE07834	signaling_cascade	module20_24_export	Node participates in at least one evidence-gated exported mechanism edge.
NODE07834	transcription_factor	register_target_gene_layer	edge=M22B-E010603; evidence=M22B-EVID-010699
NODE07835	signaling_cascade	module20_24_export	Node participates in at least one evidence-gated exported mechanism edge.
NODE07835	transcription_factor	register_target_gene_layer	edge=M22B-E010602; evidence=M22B-EVID-010698 || edge=M22B-E010614; evidence=M22B-EVID-010710
NODE07836	signaling_cascade	module20_24_export	Node participates in at least one evidence-gated exported mechanism edge.
NODE07836	target_gene	register_target_gene_layer	edge=M22B-E009975; evidence=M22B-EVID-010148 || edge=M22B-E009976; evidence=M22B-EVID-010149 || edge=M22B-E009977; evidence=M22B-EVID-010150 || edge=M22B-E010026; evidence=M22B-EVID-010199 || edge=M22B-E010027; evidence=M22B-EVID-010200
NODE07837	signaling_cascade	module20_24_export	Node participates in at least one evidence-gated exported mechanism edge.
NODE07838	signaling_cascade	module20_24_export	Node participates in at least one evidence-gated exported mechanism edge.
NODE07839	signaling_cascade	module20_24_export	Node participates in at least one evidence-gated exported mechanism edge.
NODE07840	signaling_cascade	module20_24_export	Node participates in at least one evidence-gated exported mechanism edge.
NODE07840	target_gene	register_target_gene_layer	edge=M22B-E007521; evidence=M22B-EVID-007694 || edge=M22B-E010227; evidence=M22B-EVID-010400
NODE07840	transcription_factor	register_target_gene_layer	edge=M22B-E010228; evidence=M22B-EVID-010401 || edge=M22B-E010281; evidence=M22B-EVID-010454 || edge=M22B-E010377; evidence=M22B-EVID-010549
NODE07841	signaling_cascade	module20_24_export	Node participates in at least one evidence-gated exported mechanism edge.
NODE07842	signaling_cascade	module20_24_export	Node participates in at least one evidence-gated exported mechanism edge.
NODE07843	signaling_cascade	module20_24_export	Node participates in at least one evidence-gated exported mechanism edge.
NODE07843	target_gene	register_target_gene_layer	edge=M22B-E006206; evidence=M22B-EVID-006379 || edge=M22B-E006560; evidence=M22B-EVID-006733 || edge=M22B-E008354; evidence=M22B-EVID-008527 || edge=M22B-E008715; evidence=M22B-EVID-008888
NODE07843	transcription_factor	register_target_gene_layer	edge=M22B-E010403; evidence=M22B-EVID-010575
NODE07844	signaling_cascade	module20_24_export	Node participates in at least one evidence-gated exported mechanism edge.
NODE07844	target_gene	register_target_gene_layer	edge=M22B-E005826; evidence=M22B-EVID-005999 || edge=M22B-E006276; evidence=M22B-EVID-006449 || edge=M22B-E009626; evidence=M22B-EVID-009799
NODE07844	transcription_factor	register_target_gene_layer	edge=M22B-E010283; evidence=M22B-EVID-010456 || edge=M22B-E010431; evidence=M22B-EVID-010601 || edge=M22B-E010601; evidence=M22B-EVID-010697 || edge=M22B-E010636; evidence=M22B-EVID-010732 || edge=M22B-E010654; evidence=M22B-EVID-010749
NODE07845	signaling_cascade	module20_24_export	Node participates in at least one evidence-gated exported mechanism edge.
NODE07846	signaling_cascade	module20_24_export	Node participates in at least one evidence-gated exported mechanism edge.
NODE07846	target_gene	register_target_gene_layer	edge=M22B-E009640; evidence=M22B-EVID-009813
NODE07847	signaling_cascade	module20_24_export	Node participates in at least one evidence-gated exported mechanism edge.
NODE07848	signaling_cascade	module20_24_export	Node participates in at least one evidence-gated exported mechanism edge.
NODE07849	signaling_cascade	module20_24_export	Node participates in at least one evidence-gated exported mechanism edge.
NODE07850	signaling_cascade	module20_24_export	Node participates in at least one evidence-gated exported mechanism edge.
NODE07851	signaling_cascade	module20_24_export	Node participates in at least one evidence-gated exported mechanism edge.
NODE07851	target_gene	register_target_gene_layer	edge=M22B-E006852; evidence=M22B-EVID-007025 || edge=M22B-E008983; evidence=M22B-EVID-009156
NODE07852	signaling_cascade	module20_24_export	Node participates in at least one evidence-gated exported mechanism edge.
NODE07853	signaling_cascade	module20_24_export	Node participates in at least one evidence-gated exported mechanism edge.
NODE07854	signaling_cascade	module20_24_export	Node participates in at least one evidence-gated exported mechanism edge.
NODE07854	target_gene	register_target_gene_layer	edge=M22B-E006416; evidence=M22B-EVID-006589 || edge=M22B-E008570; evidence=M22B-EVID-008743
NODE07855	signaling_cascade	module20_24_export	Node participates in at least one evidence-gated exported mechanism edge.
NODE07856	signaling_cascade	module20_24_export	Node participates in at least one evidence-gated exported mechanism edge.
NODE07856	target_gene	register_target_gene_layer	edge=M22B-E006853; evidence=M22B-EVID-007026 || edge=M22B-E008984; evidence=M22B-EVID-009157
NODE07857	signaling_cascade	module20_24_export	Node participates in at least one evidence-gated exported mechanism edge.
NODE07857	target_gene	register_target_gene_layer	edge=M22B-E006854; evidence=M22B-EVID-007027 || edge=M22B-E008985; evidence=M22B-EVID-009158
NODE07858	signaling_cascade	module20_24_export	Node participates in at least one evidence-gated exported mechanism edge.
NODE07858	target_gene	register_target_gene_layer	edge=M22B-E007522; evidence=M22B-EVID-007695
NODE07859	signaling_cascade	module20_24_export	Node participates in at least one evidence-gated exported mechanism edge.
NODE07859	target_gene	register_target_gene_layer	edge=M22B-E007265; evidence=M22B-EVID-007438
NODE07860	signaling_cascade	module20_24_export	Node participates in at least one evidence-gated exported mechanism edge.
NODE07861	signaling_cascade	module20_24_export	Node participates in at least one evidence-gated exported mechanism edge.
NODE07862	signaling_cascade	module20_24_export	Node participates in at least one evidence-gated exported mechanism edge.
NODE07863	signaling_cascade	module20_24_export	Node participates in at least one evidence-gated exported mechanism edge.
NODE07863	target_gene	register_target_gene_layer	edge=M22B-E007857; evidence=M22B-EVID-008030 || edge=M22B-E009297; evidence=M22B-EVID-009470
NODE07864	signaling_cascade	module20_24_export	Node participates in at least one evidence-gated exported mechanism edge.
NODE07865	signaling_cascade	module20_24_export	Node participates in at least one evidence-gated exported mechanism edge.
NODE07866	signaling_cascade	module20_24_export	Node participates in at least one evidence-gated exported mechanism edge.
NODE07867	signaling_cascade	module20_24_export	Node participates in at least one evidence-gated exported mechanism edge.
NODE07868	signaling_cascade	module20_24_export	Node participates in at least one evidence-gated exported mechanism edge.
NODE07869	signaling_cascade	module20_24_export	Node participates in at least one evidence-gated exported mechanism edge.
NODE07869	target_gene	register_target_gene_layer	edge=M22B-E006417; evidence=M22B-EVID-006590 || edge=M22B-E008571; evidence=M22B-EVID-008744
NODE07870	signaling_cascade	module20_24_export	Node participates in at least one evidence-gated exported mechanism edge.
NODE07871	signaling_cascade	module20_24_export	Node participates in at least one evidence-gated exported mechanism edge.
NODE07872	signaling_cascade	module20_24_export	Node participates in at least one evidence-gated exported mechanism edge.
NODE07873	signaling_cascade	module20_24_export	Node participates in at least one evidence-gated exported mechanism edge.
NODE07874	signaling_cascade	module20_24_export	Node participates in at least one evidence-gated exported mechanism edge.
NODE07875	signaling_cascade	module20_24_export	Node participates in at least one evidence-gated exported mechanism edge.
NODE07876	signaling_cascade	module20_24_export	Node participates in at least one evidence-gated exported mechanism edge.
NODE07877	signaling_cascade	module20_24_export	Node participates in at least one evidence-gated exported mechanism edge.
NODE07877	target_gene	register_target_gene_layer	edge=M22B-E009665; evidence=M22B-EVID-009838
NODE07878	signaling_cascade	module20_24_export	Node participates in at least one evidence-gated exported mechanism edge.
NODE07879	signaling_cascade	module20_24_export	Node participates in at least one evidence-gated exported mechanism edge.
NODE07880	signaling_cascade	module20_24_export	Node participates in at least one evidence-gated exported mechanism edge.
NODE07880	target_gene	register_target_gene_layer	edge=M22B-E009699; evidence=M22B-EVID-009872 || edge=M22B-E009760; evidence=M22B-EVID-009933
NODE07881	signaling_cascade	module20_24_export	Node participates in at least one evidence-gated exported mechanism edge.
NODE07881	target_gene	register_target_gene_layer	edge=M22B-E006418; evidence=M22B-EVID-006591 || edge=M22B-E008572; evidence=M22B-EVID-008745
NODE07882	signaling_cascade	module20_24_export	Node participates in at least one evidence-gated exported mechanism edge.
NODE07882	target_gene	register_target_gene_layer	edge=M22B-E006855; evidence=M22B-EVID-007028 || edge=M22B-E008986; evidence=M22B-EVID-009159
NODE07883	signaling_cascade	module20_24_export	Node participates in at least one evidence-gated exported mechanism edge.
NODE07884	signaling_cascade	module20_24_export	Node participates in at least one evidence-gated exported mechanism edge.
NODE07885	signaling_cascade	module20_24_export	Node participates in at least one evidence-gated exported mechanism edge.
NODE07886	signaling_cascade	module20_24_export	Node participates in at least one evidence-gated exported mechanism edge.
NODE07887	signaling_cascade	module20_24_export	Node participates in at least one evidence-gated exported mechanism edge.
NODE07888	signaling_cascade	module20_24_export	Node participates in at least one evidence-gated exported mechanism edge.
NODE07889	signaling_cascade	module20_24_export	Node participates in at least one evidence-gated exported mechanism edge.
NODE07890	signaling_cascade	module20_24_export	Node participates in at least one evidence-gated exported mechanism edge.
NODE07891	signaling_cascade	module20_24_export	Node participates in at least one evidence-gated exported mechanism edge.
NODE07891	target_gene	register_target_gene_layer	edge=M22B-E009582; evidence=M22B-EVID-009755
NODE07892	signaling_cascade	module20_24_export	Node participates in at least one evidence-gated exported mechanism edge.
NODE07893	signaling_cascade	module20_24_export	Node participates in at least one evidence-gated exported mechanism edge.
NODE07894	signaling_cascade	module20_24_export	Node participates in at least one evidence-gated exported mechanism edge.
NODE07895	signaling_cascade	module20_24_export	Node participates in at least one evidence-gated exported mechanism edge.
NODE07896	signaling_cascade	module20_24_export	Node participates in at least one evidence-gated exported mechanism edge.
NODE07896	target_gene	register_target_gene_layer	edge=M22B-E006419; evidence=M22B-EVID-006592 || edge=M22B-E008573; evidence=M22B-EVID-008746
NODE07897	signaling_cascade	module20_24_export	Node participates in at least one evidence-gated exported mechanism edge.
NODE07898	signaling_cascade	module20_24_export	Node participates in at least one evidence-gated exported mechanism edge.
NODE07899	signaling_cascade	module20_24_export	Node participates in at least one evidence-gated exported mechanism edge.
NODE07899	target_gene	register_target_gene_layer	edge=M22B-E006856; evidence=M22B-EVID-007029 || edge=M22B-E008987; evidence=M22B-EVID-009160
NODE07900	signaling_cascade	module20_24_export	Node participates in at least one evidence-gated exported mechanism edge.
NODE07901	signaling_cascade	module20_24_export	Node participates in at least one evidence-gated exported mechanism edge.
NODE07902	signaling_cascade	module20_24_export	Node participates in at least one evidence-gated exported mechanism edge.
NODE07903	signaling_cascade	module20_24_export	Node participates in at least one evidence-gated exported mechanism edge.
NODE07904	signaling_cascade	module20_24_export	Node participates in at least one evidence-gated exported mechanism edge.
NODE07905	signaling_cascade	module20_24_export	Node participates in at least one evidence-gated exported mechanism edge.
NODE07906	signaling_cascade	module20_24_export	Node participates in at least one evidence-gated exported mechanism edge.
NODE07906	target_gene	register_target_gene_layer	edge=M22B-E009616; evidence=M22B-EVID-009789
NODE07907	signaling_cascade	module20_24_export	Node participates in at least one evidence-gated exported mechanism edge.
NODE07908	signaling_cascade	module20_24_export	Node participates in at least one evidence-gated exported mechanism edge.
NODE07908	target_gene	register_target_gene_layer	edge=M22B-E009369; evidence=M22B-EVID-009542 || edge=M22B-E009683; evidence=M22B-EVID-009856
NODE07909	signaling_cascade	module20_24_export	Node participates in at least one evidence-gated exported mechanism edge.
NODE07910	signaling_cascade	module20_24_export	Node participates in at least one evidence-gated exported mechanism edge.
NODE07910	target_gene	register_target_gene_layer	edge=M22B-E006857; evidence=M22B-EVID-007030 || edge=M22B-E008988; evidence=M22B-EVID-009161
NODE07911	signaling_cascade	module20_24_export	Node participates in at least one evidence-gated exported mechanism edge.
NODE07911	target_gene	register_target_gene_layer	edge=M22B-E006858; evidence=M22B-EVID-007031 || edge=M22B-E008989; evidence=M22B-EVID-009162
NODE07912	signaling_cascade	module20_24_export	Node participates in at least one evidence-gated exported mechanism edge.
NODE07913	signaling_cascade	module20_24_export	Node participates in at least one evidence-gated exported mechanism edge.
NODE07913	target_gene	register_target_gene_layer	edge=M22B-E007523; evidence=M22B-EVID-007696
NODE07914	signaling_cascade	module20_24_export	Node participates in at least one evidence-gated exported mechanism edge.
NODE07914	target_gene	register_target_gene_layer	edge=M22B-E007858; evidence=M22B-EVID-008031 || edge=M22B-E009298; evidence=M22B-EVID-009471
NODE07915	signaling_cascade	module20_24_export	Node participates in at least one evidence-gated exported mechanism edge.
NODE07916	signaling_cascade	module20_24_export	Node participates in at least one evidence-gated exported mechanism edge.
NODE07917	signaling_cascade	module20_24_export	Node participates in at least one evidence-gated exported mechanism edge.
NODE07918	signaling_cascade	module20_24_export	Node participates in at least one evidence-gated exported mechanism edge.
NODE07919	signaling_cascade	module20_24_export	Node participates in at least one evidence-gated exported mechanism edge.
NODE07919	target_gene	register_target_gene_layer	edge=M22B-E007859; evidence=M22B-EVID-008032 || edge=M22B-E009299; evidence=M22B-EVID-009472
NODE07920	signaling_cascade	module20_24_export	Node participates in at least one evidence-gated exported mechanism edge.
NODE07921	signaling_cascade	module20_24_export	Node participates in at least one evidence-gated exported mechanism edge.
NODE07922	signaling_cascade	module20_24_export	Node participates in at least one evidence-gated exported mechanism edge.
NODE07923	signaling_cascade	module20_24_export	Node participates in at least one evidence-gated exported mechanism edge.
NODE07924	signaling_cascade	module20_24_export	Node participates in at least one evidence-gated exported mechanism edge.
NODE07925	signaling_cascade	module20_24_export	Node participates in at least one evidence-gated exported mechanism edge.
NODE07926	signaling_cascade	module20_24_export	Node participates in at least one evidence-gated exported mechanism edge.
NODE07927	signaling_cascade	module20_24_export	Node participates in at least one evidence-gated exported mechanism edge.
NODE07928	signaling_cascade	module20_24_export	Node participates in at least one evidence-gated exported mechanism edge.
NODE07928	target_gene	register_target_gene_layer	edge=M22B-E007013; evidence=M22B-EVID-007186
NODE07929	signaling_cascade	module20_24_export	Node participates in at least one evidence-gated exported mechanism edge.
NODE07930	signaling_cascade	module20_24_export	Node participates in at least one evidence-gated exported mechanism edge.
NODE07931	signaling_cascade	module20_24_export	Node participates in at least one evidence-gated exported mechanism edge.
NODE07931	target_gene	register_target_gene_layer	edge=M22B-E007524; evidence=M22B-EVID-007697
NODE07932	signaling_cascade	module20_24_export	Node participates in at least one evidence-gated exported mechanism edge.
NODE07933	signaling_cascade	module20_24_export	Node participates in at least one evidence-gated exported mechanism edge.
NODE07933	target_gene	register_target_gene_layer	edge=M22B-E006207; evidence=M22B-EVID-006380 || edge=M22B-E007266; evidence=M22B-EVID-007439 || edge=M22B-E007525; evidence=M22B-EVID-007698 || edge=M22B-E007860; evidence=M22B-EVID-008033 || edge=M22B-E008355; evidence=M22B-EVID-008528 || edge=M22B-E009300; evidence=M22B-EVID-009473
NODE07934	signaling_cascade	module20_24_export	Node participates in at least one evidence-gated exported mechanism edge.
NODE07934	target_gene	register_target_gene_layer	edge=M22B-E007861; evidence=M22B-EVID-008034 || edge=M22B-E009301; evidence=M22B-EVID-009474
NODE07935	signaling_cascade	module20_24_export	Node participates in at least one evidence-gated exported mechanism edge.
NODE07935	target_gene	register_target_gene_layer	edge=M22B-E007014; evidence=M22B-EVID-007187
NODE07936	signaling_cascade	module20_24_export	Node participates in at least one evidence-gated exported mechanism edge.
NODE07937	signaling_cascade	module20_24_export	Node participates in at least one evidence-gated exported mechanism edge.
NODE07938	signaling_cascade	module20_24_export	Node participates in at least one evidence-gated exported mechanism edge.
NODE07939	signaling_cascade	module20_24_export	Node participates in at least one evidence-gated exported mechanism edge.
NODE07940	signaling_cascade	module20_24_export	Node participates in at least one evidence-gated exported mechanism edge.
NODE07941	signaling_cascade	module20_24_export	Node participates in at least one evidence-gated exported mechanism edge.
NODE07942	signaling_cascade	module20_24_export	Node participates in at least one evidence-gated exported mechanism edge.
NODE07943	signaling_cascade	module20_24_export	Node participates in at least one evidence-gated exported mechanism edge.
NODE07944	signaling_cascade	module20_24_export	Node participates in at least one evidence-gated exported mechanism edge.
NODE07945	signaling_cascade	module20_24_export	Node participates in at least one evidence-gated exported mechanism edge.
NODE07946	signaling_cascade	module20_24_export	Node participates in at least one evidence-gated exported mechanism edge.
NODE07947	signaling_cascade	module20_24_export	Node participates in at least one evidence-gated exported mechanism edge.
NODE07948	signaling_cascade	module20_24_export	Node participates in at least one evidence-gated exported mechanism edge.
NODE07949	signaling_cascade	module20_24_export	Node participates in at least one evidence-gated exported mechanism edge.
NODE07950	signaling_cascade	module20_24_export	Node participates in at least one evidence-gated exported mechanism edge.
NODE07950	target_gene	register_target_gene_layer	edge=M22B-E009873; evidence=M22B-EVID-010046
NODE07951	ligand	register_ligand_receptor_layer	edge=M20B-E004583; evidence=M20B-EVID-004583;M20B-EVID-004583-P2-DIRECT;M20B-EVID-004583-P2-FUNC;M20B-EVID-004583-P2-RELAY
NODE07951	signaling_cascade	module20_24_export	Node participates in at least one evidence-gated exported mechanism edge.
NODE07951	target_gene	register_target_gene_layer	edge=M22B-E005827; evidence=M22B-EVID-006000 || edge=M22B-E006095; evidence=M22B-EVID-006268
NODE07952	signaling_cascade	module20_24_export	Node participates in at least one evidence-gated exported mechanism edge.
NODE07953	ligand	register_ligand_receptor_layer	edge=M20B-E004584; evidence=M20B-EVID-004584;M20B-EVID-004584-P2-DIRECT;M20B-EVID-004584-P2-FUNC;M20B-EVID-004584-P2-RELAY
NODE07953	signaling_cascade	module20_24_export	Node participates in at least one evidence-gated exported mechanism edge.
NODE07954	signaling_cascade	module20_24_export	Node participates in at least one evidence-gated exported mechanism edge.
NODE07955	signaling_cascade	module20_24_export	Node participates in at least one evidence-gated exported mechanism edge.
NODE07956	receptor	register_ligand_receptor_layer	edge=M20B-E004584; evidence=M20B-EVID-004584;M20B-EVID-004584-P2-DIRECT;M20B-EVID-004584-P2-FUNC;M20B-EVID-004584-P2-RELAY
NODE07956	signaling_cascade	module20_24_export	Node participates in at least one evidence-gated exported mechanism edge.
NODE07957	receptor	register_ligand_receptor_layer	edge=M20B-E003582; evidence=M20B-EVID-003582 || edge=M20B-E004583; evidence=M20B-EVID-004583;M20B-EVID-004583-P2-DIRECT;M20B-EVID-004583-P2-FUNC;M20B-EVID-004583-P2-RELAY
NODE07957	signaling_cascade	module20_24_export	Node participates in at least one evidence-gated exported mechanism edge.
NODE07958	signaling_cascade	module20_24_export	Node participates in at least one evidence-gated exported mechanism edge.
NODE07959	signaling_cascade	module20_24_export	Node participates in at least one evidence-gated exported mechanism edge.
NODE07960	signaling_cascade	module20_24_export	Node participates in at least one evidence-gated exported mechanism edge.
NODE07961	signaling_cascade	module20_24_export	Node participates in at least one evidence-gated exported mechanism edge.
NODE07962	signaling_cascade	module20_24_export	Node participates in at least one evidence-gated exported mechanism edge.
NODE07963	signaling_cascade	module20_24_export	Node participates in at least one evidence-gated exported mechanism edge.
NODE07963	target_gene	register_target_gene_layer	edge=M22B-E009583; evidence=M22B-EVID-009756
NODE07964	signaling_cascade	module20_24_export	Node participates in at least one evidence-gated exported mechanism edge.
NODE07964	target_gene	register_target_gene_layer	edge=M22B-E009584; evidence=M22B-EVID-009757
NODE07965	signaling_cascade	module20_24_export	Node participates in at least one evidence-gated exported mechanism edge.
NODE07966	signaling_cascade	module20_24_export	Node participates in at least one evidence-gated exported mechanism edge.
NODE07967	signaling_cascade	module20_24_export	Node participates in at least one evidence-gated exported mechanism edge.
NODE07968	signaling_cascade	module20_24_export	Node participates in at least one evidence-gated exported mechanism edge.
NODE07969	signaling_cascade	module20_24_export	Node participates in at least one evidence-gated exported mechanism edge.
NODE07970	signaling_cascade	module20_24_export	Node participates in at least one evidence-gated exported mechanism edge.
NODE07971	ligand	register_ligand_receptor_layer	edge=M20B-E004588; evidence=M20B-EVID-004588;M20B-EVID-004588-P2-DIRECT;M20B-EVID-004588-P2-FUNC;M20B-EVID-004588-P2-RELAY;M20B-EVID-005336-P2-RELAY;M20B-EVID-005337-P2-FUNC
NODE07971	signaling_cascade	module20_24_export	Node participates in at least one evidence-gated exported mechanism edge.
NODE07971	target_gene	register_target_gene_layer	edge=M22B-E007267; evidence=M22B-EVID-007440
NODE07972	signaling_cascade	module20_24_export	Node participates in at least one evidence-gated exported mechanism edge.
NODE07973	signaling_cascade	module20_24_export	Node participates in at least one evidence-gated exported mechanism edge.
NODE07974	signaling_cascade	module20_24_export	Node participates in at least one evidence-gated exported mechanism edge.
NODE07975	signaling_cascade	module20_24_export	Node participates in at least one evidence-gated exported mechanism edge.
NODE07976	receptor	register_ligand_receptor_layer	edge=M20B-E004588; evidence=M20B-EVID-004588;M20B-EVID-004588-P2-DIRECT;M20B-EVID-004588-P2-FUNC;M20B-EVID-004588-P2-RELAY;M20B-EVID-005336-P2-RELAY;M20B-EVID-005337-P2-FUNC
NODE07976	signaling_cascade	module20_24_export	Node participates in at least one evidence-gated exported mechanism edge.
NODE07976	target_gene	register_target_gene_layer	edge=M22B-E010517; evidence=M22B-EVID-010632 || edge=M22B-E010518; evidence=M22B-EVID-010633
NODE07977	signaling_cascade	module20_24_export	Node participates in at least one evidence-gated exported mechanism edge.
NODE07977	target_gene	register_target_gene_layer	edge=M22B-E007862; evidence=M22B-EVID-008035 || edge=M22B-E009302; evidence=M22B-EVID-009475 || edge=M22B-E009499; evidence=M22B-EVID-009672
NODE07978	signaling_cascade	module20_24_export	Node participates in at least one evidence-gated exported mechanism edge.
NODE07979	signaling_cascade	module20_24_export	Node participates in at least one evidence-gated exported mechanism edge.
NODE07980	ligand	register_ligand_receptor_layer	edge=M20B-E004591; evidence=M20B-EVID-004591;M20B-EVID-004591-P2-DIRECT;M20B-EVID-004591-P2-FUNC;M20B-EVID-004591-P2-RELAY || edge=M20B-E004592; evidence=M20B-EVID-004592;M20B-EVID-004592-P2-DIRECT;M20B-EVID-004592-P2-FUNC;M20B-EVID-004592-P2-RELAY
NODE07980	signaling_cascade	module20_24_export	Node participates in at least one evidence-gated exported mechanism edge.
NODE07981	signaling_cascade	module20_24_export	Node participates in at least one evidence-gated exported mechanism edge.
NODE07982	ligand	register_ligand_receptor_layer	edge=M20B-E004593; evidence=M20B-EVID-004593;M20B-EVID-004593-P2-DIRECT;M20B-EVID-004593-P2-FUNC;M20B-EVID-004593-P2-RELAY || edge=M20B-E004594; evidence=M20B-EVID-004594;M20B-EVID-004594-P2-DIRECT;M20B-EVID-004594-P2-FUNC;M20B-EVID-004594-P2-RELAY
NODE07982	signaling_cascade	module20_24_export	Node participates in at least one evidence-gated exported mechanism edge.
NODE07983	signaling_cascade	module20_24_export	Node participates in at least one evidence-gated exported mechanism edge.
NODE07984	signaling_cascade	module20_24_export	Node participates in at least one evidence-gated exported mechanism edge.
NODE07985	signaling_cascade	module20_24_export	Node participates in at least one evidence-gated exported mechanism edge.
NODE07986	signaling_cascade	module20_24_export	Node participates in at least one evidence-gated exported mechanism edge.
NODE07987	receptor	register_ligand_receptor_layer	edge=M20B-E004591; evidence=M20B-EVID-004591;M20B-EVID-004591-P2-DIRECT;M20B-EVID-004591-P2-FUNC;M20B-EVID-004591-P2-RELAY || edge=M20B-E004593; evidence=M20B-EVID-004593;M20B-EVID-004593-P2-DIRECT;M20B-EVID-004593-P2-FUNC;M20B-EVID-004593-P2-RELAY
NODE07987	signaling_cascade	module20_24_export	Node participates in at least one evidence-gated exported mechanism edge.
NODE07988	signaling_cascade	module20_24_export	Node participates in at least one evidence-gated exported mechanism edge.
NODE07989	receptor	register_ligand_receptor_layer	edge=M20B-E004592; evidence=M20B-EVID-004592;M20B-EVID-004592-P2-DIRECT;M20B-EVID-004592-P2-FUNC;M20B-EVID-004592-P2-RELAY || edge=M20B-E004594; evidence=M20B-EVID-004594;M20B-EVID-004594-P2-DIRECT;M20B-EVID-004594-P2-FUNC;M20B-EVID-004594-P2-RELAY
NODE07989	signaling_cascade	module20_24_export	Node participates in at least one evidence-gated exported mechanism edge.
NODE07989	target_gene	register_target_gene_layer	edge=M22B-E010561; evidence=M22B-EVID-010660 || edge=M22B-E010680; evidence=M22B-EVID-010773
NODE07990	signaling_cascade	module20_24_export	Node participates in at least one evidence-gated exported mechanism edge.
NODE07991	signaling_cascade	module20_24_export	Node participates in at least one evidence-gated exported mechanism edge.
NODE07992	signaling_cascade	module20_24_export	Node participates in at least one evidence-gated exported mechanism edge.
NODE07993	signaling_cascade	module20_24_export	Node participates in at least one evidence-gated exported mechanism edge.
NODE07994	signaling_cascade	module20_24_export	Node participates in at least one evidence-gated exported mechanism edge.
NODE07995	signaling_cascade	module20_24_export	Node participates in at least one evidence-gated exported mechanism edge.
NODE07996	signaling_cascade	module20_24_export	Node participates in at least one evidence-gated exported mechanism edge.
NODE07997	signaling_cascade	module20_24_export	Node participates in at least one evidence-gated exported mechanism edge.
NODE07998	signaling_cascade	module20_24_export	Node participates in at least one evidence-gated exported mechanism edge.
NODE07999	ligand	register_ligand_receptor_layer	edge=M20B-E004595; evidence=M20B-EVID-004595;M20B-EVID-004595-P2-DIRECT;M20B-EVID-004595-P2-FUNC;M20B-EVID-004595-P2-RELAY || edge=M20B-E004596; evidence=M20B-EVID-004596;M20B-EVID-004596-P2-DIRECT;M20B-EVID-004596-P2-FUNC;M20B-EVID-004596-P2-RELAY || edge=M20B-E004597; evidence=M20B-EVID-004597;M20B-EVID-004597-P2-DIRECT;M20B-EVID-004597-P2-FUNC;M20B-EVID-004597-P2-RELAY
NODE07999	signaling_cascade	module20_24_export	Node participates in at least one evidence-gated exported mechanism edge.
NODE07999	target_gene	register_target_gene_layer	edge=M22B-E007526; evidence=M22B-EVID-007699
NODE08000	signaling_cascade	module20_24_export	Node participates in at least one evidence-gated exported mechanism edge.
NODE08001	signaling_cascade	module20_24_export	Node participates in at least one evidence-gated exported mechanism edge.
NODE08002	signaling_cascade	module20_24_export	Node participates in at least one evidence-gated exported mechanism edge.
NODE08003	signaling_cascade	module20_24_export	Node participates in at least one evidence-gated exported mechanism edge.
NODE08004	signaling_cascade	module20_24_export	Node participates in at least one evidence-gated exported mechanism edge.
NODE08005	signaling_cascade	module20_24_export	Node participates in at least one evidence-gated exported mechanism edge.
NODE08006	signaling_cascade	module20_24_export	Node participates in at least one evidence-gated exported mechanism edge.
NODE08007	signaling_cascade	module20_24_export	Node participates in at least one evidence-gated exported mechanism edge.
NODE08008	signaling_cascade	module20_24_export	Node participates in at least one evidence-gated exported mechanism edge.
NODE08009	signaling_cascade	module20_24_export	Node participates in at least one evidence-gated exported mechanism edge.
NODE08010	signaling_cascade	module20_24_export	Node participates in at least one evidence-gated exported mechanism edge.
NODE08011	signaling_cascade	module20_24_export	Node participates in at least one evidence-gated exported mechanism edge.
NODE08012	signaling_cascade	module20_24_export	Node participates in at least one evidence-gated exported mechanism edge.
NODE08012	target_gene	register_target_gene_layer	edge=M22B-E007863; evidence=M22B-EVID-008036
NODE08013	signaling_cascade	module20_24_export	Node participates in at least one evidence-gated exported mechanism edge.
NODE08013	target_gene	register_target_gene_layer	edge=M22B-E007015; evidence=M22B-EVID-007188
NODE08014	signaling_cascade	module20_24_export	Node participates in at least one evidence-gated exported mechanism edge.
NODE08015	signaling_cascade	module20_24_export	Node participates in at least one evidence-gated exported mechanism edge.
NODE08016	signaling_cascade	module20_24_export	Node participates in at least one evidence-gated exported mechanism edge.
NODE08016	transcription_factor	register_target_gene_layer	edge=M22B-E010387; evidence=M22B-EVID-010559
NODE08017	signaling_cascade	module20_24_export	Node participates in at least one evidence-gated exported mechanism edge.
NODE08018	signaling_cascade	module20_24_export	Node participates in at least one evidence-gated exported mechanism edge.
NODE08019	signaling_cascade	module20_24_export	Node participates in at least one evidence-gated exported mechanism edge.
NODE08019	target_gene	register_target_gene_layer	edge=M22B-E007268; evidence=M22B-EVID-007441 || edge=M22B-E009370; evidence=M22B-EVID-009543
NODE08020	signaling_cascade	module20_24_export	Node participates in at least one evidence-gated exported mechanism edge.
NODE08020	target_gene	register_target_gene_layer	edge=M22B-E010650; evidence=M22B-EVID-010745
NODE08021	signaling_cascade	module20_24_export	Node participates in at least one evidence-gated exported mechanism edge.
NODE08022	signaling_cascade	module20_24_export	Node participates in at least one evidence-gated exported mechanism edge.
NODE08022	target_gene	register_target_gene_layer	edge=M22B-E006859; evidence=M22B-EVID-007032
NODE08023	signaling_cascade	module20_24_export	Node participates in at least one evidence-gated exported mechanism edge.
NODE08024	signaling_cascade	module20_24_export	Node participates in at least one evidence-gated exported mechanism edge.
NODE08025	ligand	register_ligand_receptor_layer	edge=M20B-E004605; evidence=M20B-EVID-004605;M20B-EVID-004605-P2-DIRECT;M20B-EVID-004605-P2-DIRECT-FT;M20B-EVID-004605-P2-FUNC;M20B-EVID-004605-P2-RELAY;M20B-EVID-004605-P2-RELAY-FT || edge=M20B-E004606; evidence=M20B-EVID-004606;M20B-EVID-004606-P2-BOUNDARY;M20B-EVID-004606-P2-DIRECT;M20B-EVID-004606-P2-DIRECT-FT;M20B-EVID-004606-P2-FUNC;M20B-EVID-004606-P2-RELAY;M20B-EVID-004606-P2-RELAY-FT || edge=M20B-E004608; evidence=M20B-EVID-004608;M20B-EVID-004608-P2-DIRECT;M20B-EVID-004608-P2-FUNC;M20B-EVID-004608-P2-RELAY
NODE08025	signaling_cascade	module20_24_export	Node participates in at least one evidence-gated exported mechanism edge.
NODE08026	signaling_cascade	module20_24_export	Node participates in at least one evidence-gated exported mechanism edge.
NODE08026	target_gene	register_target_gene_layer	edge=M22B-E006096; evidence=M22B-EVID-006269 || edge=M22B-E007269; evidence=M22B-EVID-007442 || edge=M22B-E008253; evidence=M22B-EVID-008426
NODE08027	signaling_cascade	module20_24_export	Node participates in at least one evidence-gated exported mechanism edge.
NODE08028	signaling_cascade	module20_24_export	Node participates in at least one evidence-gated exported mechanism edge.
NODE08029	signaling_cascade	module20_24_export	Node participates in at least one evidence-gated exported mechanism edge.
NODE08029	target_gene	register_target_gene_layer	edge=M22B-E005935; evidence=M22B-EVID-006108 || edge=M22B-E006860; evidence=M22B-EVID-007033
NODE08030	signaling_cascade	module20_24_export	Node participates in at least one evidence-gated exported mechanism edge.
NODE08031	signaling_cascade	module20_24_export	Node participates in at least one evidence-gated exported mechanism edge.
NODE08032	signaling_cascade	module20_24_export	Node participates in at least one evidence-gated exported mechanism edge.
NODE08033	signaling_cascade	module20_24_export	Node participates in at least one evidence-gated exported mechanism edge.
NODE08034	signaling_cascade	module20_24_export	Node participates in at least one evidence-gated exported mechanism edge.
NODE08035	signaling_cascade	module20_24_export	Node participates in at least one evidence-gated exported mechanism edge.
NODE08035	target_gene	register_target_gene_layer	edge=M22B-E006861; evidence=M22B-EVID-007034 || edge=M22B-E008990; evidence=M22B-EVID-009163
NODE08036	signaling_cascade	module20_24_export	Node participates in at least one evidence-gated exported mechanism edge.
NODE08036	target_gene	register_target_gene_layer	edge=M22B-E006472; evidence=M22B-EVID-006645 || edge=M22B-E008628; evidence=M22B-EVID-008801
NODE08037	signaling_cascade	module20_24_export	Node participates in at least one evidence-gated exported mechanism edge.
NODE08037	target_gene	register_target_gene_layer	edge=M22B-E006473; evidence=M22B-EVID-006646 || edge=M22B-E007527; evidence=M22B-EVID-007700
NODE08038	signaling_cascade	module20_24_export	Node participates in at least one evidence-gated exported mechanism edge.
NODE08038	target_gene	register_target_gene_layer	edge=M22B-E006862; evidence=M22B-EVID-007035 || edge=M22B-E008991; evidence=M22B-EVID-009164
NODE08039	signaling_cascade	module20_24_export	Node participates in at least one evidence-gated exported mechanism edge.
NODE08040	signaling_cascade	module20_24_export	Node participates in at least one evidence-gated exported mechanism edge.
NODE08041	signaling_cascade	module20_24_export	Node participates in at least one evidence-gated exported mechanism edge.
NODE08042	signaling_cascade	module20_24_export	Node participates in at least one evidence-gated exported mechanism edge.
NODE08043	signaling_cascade	module20_24_export	Node participates in at least one evidence-gated exported mechanism edge.
NODE08044	signaling_cascade	module20_24_export	Node participates in at least one evidence-gated exported mechanism edge.
NODE08045	signaling_cascade	module20_24_export	Node participates in at least one evidence-gated exported mechanism edge.
NODE08045	target_gene	register_target_gene_layer	edge=M22B-E009500; evidence=M22B-EVID-009673
NODE08046	signaling_cascade	module20_24_export	Node participates in at least one evidence-gated exported mechanism edge.
NODE08047	signaling_cascade	module20_24_export	Node participates in at least one evidence-gated exported mechanism edge.
NODE08048	signaling_cascade	module20_24_export	Node participates in at least one evidence-gated exported mechanism edge.
NODE08049	signaling_cascade	module20_24_export	Node participates in at least one evidence-gated exported mechanism edge.
NODE08049	target_gene	register_target_gene_layer	edge=M22B-E009941; evidence=M22B-EVID-010114
NODE08050	signaling_cascade	module20_24_export	Node participates in at least one evidence-gated exported mechanism edge.
NODE08050	target_gene	register_target_gene_layer	edge=M22B-E000187; evidence=M22B-EVID-000257
NODE08051	signaling_cascade	module20_24_export	Node participates in at least one evidence-gated exported mechanism edge.
NODE08052	receptor	register_ligand_receptor_layer	edge=M20B-E003899; evidence=M20B-EVID-003899;M20B-EVID-003899-P2-FUNC;M20B-EVID-003899-P2-RELAY
NODE08052	signaling_cascade	module20_24_export	Node participates in at least one evidence-gated exported mechanism edge.
NODE08053	signaling_cascade	module20_24_export	Node participates in at least one evidence-gated exported mechanism edge.
NODE08054	signaling_cascade	module20_24_export	Node participates in at least one evidence-gated exported mechanism edge.
NODE08054	target_gene	register_target_gene_layer	edge=M22B-E009874; evidence=M22B-EVID-010047
NODE08055	signaling_cascade	module20_24_export	Node participates in at least one evidence-gated exported mechanism edge.
NODE08055	target_gene	register_target_gene_layer	edge=M22B-E005936; evidence=M22B-EVID-006109 || edge=M22B-E006863; evidence=M22B-EVID-007036 || edge=M22B-E008105; evidence=M22B-EVID-008278 || edge=M22B-E008992; evidence=M22B-EVID-009165 || edge=M22B-E009303; evidence=M22B-EVID-009476
NODE08056	signaling_cascade	module20_24_export	Node participates in at least one evidence-gated exported mechanism edge.
NODE08057	signaling_cascade	module20_24_export	Node participates in at least one evidence-gated exported mechanism edge.
NODE08057	target_gene	register_target_gene_layer	edge=M22B-E010007; evidence=M22B-EVID-010180
NODE08058	receptor	register_ligand_receptor_layer	edge=M20B-E001576; evidence=M20B-EVID-001576;M20B-EVID-005350-P2-RELAY;M20B-EVID-005351-P2-FUNC
NODE08058	signaling_cascade	module20_24_export	Node participates in at least one evidence-gated exported mechanism edge.
NODE08058	target_gene	register_target_gene_layer	edge=M22B-E010432; evidence=M22B-EVID-010602
NODE08059	signaling_cascade	module20_24_export	Node participates in at least one evidence-gated exported mechanism edge.
NODE08060	receptor	register_ligand_receptor_layer	edge=M20B-E001577; evidence=M20B-EVID-001577;M20B-EVID-005352-P2-RELAY;M20B-EVID-005353-P2-FUNC
NODE08060	signaling_cascade	module20_24_export	Node participates in at least one evidence-gated exported mechanism edge.
NODE08060	target_gene	register_target_gene_layer	edge=M22B-E010431; evidence=M22B-EVID-010601 || edge=M22B-E010433; evidence=M22B-EVID-010603
NODE08061	signaling_cascade	module20_24_export	Node participates in at least one evidence-gated exported mechanism edge.
NODE08062	signaling_cascade	module20_24_export	Node participates in at least one evidence-gated exported mechanism edge.
NODE08062	target_gene	register_target_gene_layer	edge=M22B-E010434; evidence=M22B-EVID-010604
NODE08063	signaling_cascade	module20_24_export	Node participates in at least one evidence-gated exported mechanism edge.
NODE08064	signaling_cascade	module20_24_export	Node participates in at least one evidence-gated exported mechanism edge.
NODE08064	target_gene	register_target_gene_layer	edge=M22B-E006864; evidence=M22B-EVID-007037 || edge=M22B-E008993; evidence=M22B-EVID-009166
NODE08065	signaling_cascade	module20_24_export	Node participates in at least one evidence-gated exported mechanism edge.
NODE08066	signaling_cascade	module20_24_export	Node participates in at least one evidence-gated exported mechanism edge.
NODE08067	signaling_cascade	module20_24_export	Node participates in at least one evidence-gated exported mechanism edge.
NODE08068	signaling_cascade	module20_24_export	Node participates in at least one evidence-gated exported mechanism edge.
NODE08069	signaling_cascade	module20_24_export	Node participates in at least one evidence-gated exported mechanism edge.
NODE08069	target_gene	register_target_gene_layer	edge=M22B-E010435; evidence=M22B-EVID-010605
NODE08070	signaling_cascade	module20_24_export	Node participates in at least one evidence-gated exported mechanism edge.
NODE08071	signaling_cascade	module20_24_export	Node participates in at least one evidence-gated exported mechanism edge.
NODE08071	target_gene	register_target_gene_layer	edge=M22B-E005937; evidence=M22B-EVID-006110 || edge=M22B-E008106; evidence=M22B-EVID-008279 || edge=M22B-E009410; evidence=M22B-EVID-009583 || edge=M22B-E010087; evidence=M22B-EVID-010260
NODE08072	signaling_cascade	module20_24_export	Node participates in at least one evidence-gated exported mechanism edge.
NODE08072	target_gene	register_target_gene_layer	edge=M22B-E007528; evidence=M22B-EVID-007701
NODE08073	signaling_cascade	module20_24_export	Node participates in at least one evidence-gated exported mechanism edge.
NODE08074	signaling_cascade	module20_24_export	Node participates in at least one evidence-gated exported mechanism edge.
NODE08075	signaling_cascade	module20_24_export	Node participates in at least one evidence-gated exported mechanism edge.
NODE08076	signaling_cascade	module20_24_export	Node participates in at least one evidence-gated exported mechanism edge.
NODE08076	target_gene	register_target_gene_layer	edge=M22B-E007270; evidence=M22B-EVID-007443 || edge=M22B-E010436; evidence=M22B-EVID-010606 || edge=M22B-E010437; evidence=M22B-EVID-010606 || edge=M22B-E010438; evidence=M22B-EVID-010606 || edge=M22B-E010439; evidence=M22B-EVID-010607
NODE08077	signaling_cascade	module20_24_export	Node participates in at least one evidence-gated exported mechanism edge.
NODE08078	signaling_cascade	module20_24_export	Node participates in at least one evidence-gated exported mechanism edge.
NODE08078	target_gene	register_target_gene_layer	edge=M22B-E009875; evidence=M22B-EVID-010048
NODE08079	signaling_cascade	module20_24_export	Node participates in at least one evidence-gated exported mechanism edge.
NODE08079	target_gene	register_target_gene_layer	edge=M22B-E005762; evidence=M22B-EVID-005935 || edge=M22B-E006097; evidence=M22B-EVID-006270 || edge=M22B-E006208; evidence=M22B-EVID-006381 || edge=M22B-E006420; evidence=M22B-EVID-006593 || edge=M22B-E006561; evidence=M22B-EVID-006734 || edge=M22B-E007529; evidence=M22B-EVID-007702 || edge=M22B-E007990; evidence=M22B-EVID-008163 || edge=M22B-E008107; evidence=M22B-EVID-008280 || edge=M22B-E008254; evidence=M22B-EVID-008427 || edge=M22B-E008356; evidence=M22B-EVID-008529 || edge=M22B-E008574; evidence=M22B-EVID-008747 || edge=M22B-E008716; evidence=M22B-EVID-008889 || edge=M22B-E009876; evidence=M22B-EVID-010049 || edge=M22B-E010092; evidence=M22B-EVID-010265 || edge=M22B-E010275; evidence=M22B-EVID-010448
NODE08080	ligand	register_ligand_receptor_layer	edge=M20B-E004629; evidence=M20B-EVID-004629 || edge=M20B-E004630; evidence=M20B-EVID-004630;M20B-EVID-004630-P2-DIRECT;M20B-EVID-004630-P2-FUNC;M20B-EVID-004630-P2-RELAY || edge=M20B-E004631; evidence=M20B-EVID-004631;M20B-EVID-004631-P2-DIRECT;M20B-EVID-004631-P2-FUNC;M20B-EVID-004631-P2-RELAY
NODE08080	signaling_cascade	module20_24_export	Node participates in at least one evidence-gated exported mechanism edge.
NODE08080	target_gene	register_target_gene_layer	edge=M22B-E007271; evidence=M22B-EVID-007444
NODE08081	signaling_cascade	module20_24_export	Node participates in at least one evidence-gated exported mechanism edge.
NODE08082	signaling_cascade	module20_24_export	Node participates in at least one evidence-gated exported mechanism edge.
NODE08083	signaling_cascade	module20_24_export	Node participates in at least one evidence-gated exported mechanism edge.
NODE08084	receptor	register_ligand_receptor_layer	edge=M20B-E004630; evidence=M20B-EVID-004630;M20B-EVID-004630-P2-DIRECT;M20B-EVID-004630-P2-FUNC;M20B-EVID-004630-P2-RELAY || edge=M20B-E004641; evidence=M20B-EVID-004641;M20B-EVID-004641-P2-DIRECT;M20B-EVID-004641-P2-FUNC;M20B-EVID-004641-P2-RELAY || edge=M20B-E004653; evidence=M20B-EVID-004653;M20B-EVID-004653-P2-DIRECT;M20B-EVID-004653-P2-FUNC;M20B-EVID-004653-P2-RELAY
NODE08084	signaling_cascade	module20_24_export	Node participates in at least one evidence-gated exported mechanism edge.
NODE08084	target_gene	register_target_gene_layer	edge=M22B-E010382; evidence=M22B-EVID-010554 || edge=M22B-E010383; evidence=M22B-EVID-010555
NODE08085	ligand	register_ligand_receptor_layer	edge=M20B-E004641; evidence=M20B-EVID-004641;M20B-EVID-004641-P2-DIRECT;M20B-EVID-004641-P2-FUNC;M20B-EVID-004641-P2-RELAY || edge=M20B-E004642; evidence=M20B-EVID-004642;M20B-EVID-004642-P2-DIRECT;M20B-EVID-004642-P2-FUNC;M20B-EVID-004642-P2-RELAY
NODE08085	signaling_cascade	module20_24_export	Node participates in at least one evidence-gated exported mechanism edge.
NODE08086	receptor	register_ligand_receptor_layer	edge=M20B-E004631; evidence=M20B-EVID-004631;M20B-EVID-004631-P2-DIRECT;M20B-EVID-004631-P2-FUNC;M20B-EVID-004631-P2-RELAY || edge=M20B-E004642; evidence=M20B-EVID-004642;M20B-EVID-004642-P2-DIRECT;M20B-EVID-004642-P2-FUNC;M20B-EVID-004642-P2-RELAY || edge=M20B-E004654; evidence=M20B-EVID-004654;M20B-EVID-004654-P2-DIRECT;M20B-EVID-004654-P2-FUNC;M20B-EVID-004654-P2-RELAY
NODE08086	signaling_cascade	module20_24_export	Node participates in at least one evidence-gated exported mechanism edge.
NODE08086	target_gene	register_target_gene_layer	edge=M22B-E010569; evidence=M22B-EVID-010666
NODE08087	signaling_cascade	module20_24_export	Node participates in at least one evidence-gated exported mechanism edge.
NODE08088	ligand	register_ligand_receptor_layer	edge=M20B-E004653; evidence=M20B-EVID-004653;M20B-EVID-004653-P2-DIRECT;M20B-EVID-004653-P2-FUNC;M20B-EVID-004653-P2-RELAY || edge=M20B-E004654; evidence=M20B-EVID-004654;M20B-EVID-004654-P2-DIRECT;M20B-EVID-004654-P2-FUNC;M20B-EVID-004654-P2-RELAY
NODE08088	signaling_cascade	module20_24_export	Node participates in at least one evidence-gated exported mechanism edge.
NODE08088	target_gene	register_target_gene_layer	edge=M22B-E006098; evidence=M22B-EVID-006271 || edge=M22B-E007272; evidence=M22B-EVID-007445
NODE08089	signaling_cascade	module20_24_export	Node participates in at least one evidence-gated exported mechanism edge.
NODE08090	signaling_cascade	module20_24_export	Node participates in at least one evidence-gated exported mechanism edge.
NODE08090	target_gene	register_target_gene_layer	edge=M22B-E006099; evidence=M22B-EVID-006272 || edge=M22B-E006209; evidence=M22B-EVID-006382 || edge=M22B-E007016; evidence=M22B-EVID-007189 || edge=M22B-E007864; evidence=M22B-EVID-008037 || edge=M22B-E008255; evidence=M22B-EVID-008428 || edge=M22B-E008357; evidence=M22B-EVID-008530 || edge=M22B-E009304; evidence=M22B-EVID-009477
NODE08091	signaling_cascade	module20_24_export	Node participates in at least one evidence-gated exported mechanism edge.
NODE08092	signaling_cascade	module20_24_export	Node participates in at least one evidence-gated exported mechanism edge.
NODE08093	signaling_cascade	module20_24_export	Node participates in at least one evidence-gated exported mechanism edge.
NODE08094	signaling_cascade	module20_24_export	Node participates in at least one evidence-gated exported mechanism edge.
NODE08095	signaling_cascade	module20_24_export	Node participates in at least one evidence-gated exported mechanism edge.
NODE08096	signaling_cascade	module20_24_export	Node participates in at least one evidence-gated exported mechanism edge.
NODE08097	signaling_cascade	module20_24_export	Node participates in at least one evidence-gated exported mechanism edge.
NODE08097	target_gene	register_target_gene_layer	edge=M22B-E007273; evidence=M22B-EVID-007446
NODE08098	signaling_cascade	module20_24_export	Node participates in at least one evidence-gated exported mechanism edge.
NODE08099	receptor	register_ligand_receptor_layer	edge=M20B-E005275; evidence=M20B-EVID-005275
NODE08099	signaling_cascade	module20_24_export	Node participates in at least one evidence-gated exported mechanism edge.
NODE08099	target_gene	register_target_gene_layer	edge=M22B-E010544; evidence=M22B-EVID-010652
NODE08100	signaling_cascade	module20_24_export	Node participates in at least one evidence-gated exported mechanism edge.
NODE08101	signaling_cascade	module20_24_export	Node participates in at least one evidence-gated exported mechanism edge.
NODE08102	signaling_cascade	module20_24_export	Node participates in at least one evidence-gated exported mechanism edge.
NODE08102	target_gene	register_target_gene_layer	edge=M22B-E006865; evidence=M22B-EVID-007038 || edge=M22B-E008994; evidence=M22B-EVID-009167
NODE08103	ligand	register_ligand_receptor_layer	edge=M20B-E004659; evidence=M20B-EVID-004659;M20B-EVID-004659-P2-DIRECT;M20B-EVID-004659-P2-FUNC;M20B-EVID-004659-P2-RELAY || edge=M20B-E004661; evidence=M20B-EVID-004661;M20B-EVID-004661-P2-DIRECT;M20B-EVID-004661-P2-FUNC;M20B-EVID-004661-P2-RELAY || edge=M20B-E004666; evidence=M20B-EVID-004666;M20B-EVID-004666-P2-DIRECT;M20B-EVID-004666-P2-FUNC;M20B-EVID-004666-P2-RELAY
NODE08103	signaling_cascade	module20_24_export	Node participates in at least one evidence-gated exported mechanism edge.
NODE08103	target_gene	register_target_gene_layer	edge=M22B-E006562; evidence=M22B-EVID-006735 || edge=M22B-E007274; evidence=M22B-EVID-007447 || edge=M22B-E008717; evidence=M22B-EVID-008890
NODE08104	signaling_cascade	module20_24_export	Node participates in at least one evidence-gated exported mechanism edge.
NODE08105	signaling_cascade	module20_24_export	Node participates in at least one evidence-gated exported mechanism edge.
NODE08106	signaling_cascade	module20_24_export	Node participates in at least one evidence-gated exported mechanism edge.
NODE08107	signaling_cascade	module20_24_export	Node participates in at least one evidence-gated exported mechanism edge.
NODE08107	target_gene	register_target_gene_layer	edge=M22B-E005938; evidence=M22B-EVID-006111 || edge=M22B-E007865; evidence=M22B-EVID-008038 || edge=M22B-E008108; evidence=M22B-EVID-008281 || edge=M22B-E009305; evidence=M22B-EVID-009478
NODE08108	signaling_cascade	module20_24_export	Node participates in at least one evidence-gated exported mechanism edge.
NODE08108	target_gene	register_target_gene_layer	edge=M22B-E006100; evidence=M22B-EVID-006273 || edge=M22B-E006866; evidence=M22B-EVID-007039 || edge=M22B-E007866; evidence=M22B-EVID-008039 || edge=M22B-E008256; evidence=M22B-EVID-008429 || edge=M22B-E008995; evidence=M22B-EVID-009168 || edge=M22B-E009306; evidence=M22B-EVID-009479
NODE08109	signaling_cascade	module20_24_export	Node participates in at least one evidence-gated exported mechanism edge.
NODE08110	signaling_cascade	module20_24_export	Node participates in at least one evidence-gated exported mechanism edge.
NODE08111	signaling_cascade	module20_24_export	Node participates in at least one evidence-gated exported mechanism edge.
NODE08112	signaling_cascade	module20_24_export	Node participates in at least one evidence-gated exported mechanism edge.
NODE08113	signaling_cascade	module20_24_export	Node participates in at least one evidence-gated exported mechanism edge.
NODE08114	signaling_cascade	module20_24_export	Node participates in at least one evidence-gated exported mechanism edge.
NODE08115	signaling_cascade	module20_24_export	Node participates in at least one evidence-gated exported mechanism edge.
NODE08115	target_gene	register_target_gene_layer	edge=M22B-E007867; evidence=M22B-EVID-008040
NODE08116	signaling_cascade	module20_24_export	Node participates in at least one evidence-gated exported mechanism edge.
NODE08117	signaling_cascade	module20_24_export	Node participates in at least one evidence-gated exported mechanism edge.
NODE08118	signaling_cascade	module20_24_export	Node participates in at least one evidence-gated exported mechanism edge.
NODE08119	signaling_cascade	module20_24_export	Node participates in at least one evidence-gated exported mechanism edge.
NODE08120	signaling_cascade	module20_24_export	Node participates in at least one evidence-gated exported mechanism edge.
NODE08121	signaling_cascade	module20_24_export	Node participates in at least one evidence-gated exported mechanism edge.
NODE08122	signaling_cascade	module20_24_export	Node participates in at least one evidence-gated exported mechanism edge.
NODE08123	signaling_cascade	module20_24_export	Node participates in at least one evidence-gated exported mechanism edge.
NODE08124	signaling_cascade	module20_24_export	Node participates in at least one evidence-gated exported mechanism edge.
NODE08125	signaling_cascade	module20_24_export	Node participates in at least one evidence-gated exported mechanism edge.
NODE08125	target_gene	register_target_gene_layer	edge=M22B-E009761; evidence=M22B-EVID-009934
NODE08126	signaling_cascade	module20_24_export	Node participates in at least one evidence-gated exported mechanism edge.
NODE08127	signaling_cascade	module20_24_export	Node participates in at least one evidence-gated exported mechanism edge.
NODE08128	signaling_cascade	module20_24_export	Node participates in at least one evidence-gated exported mechanism edge.
NODE08129	signaling_cascade	module20_24_export	Node participates in at least one evidence-gated exported mechanism edge.
NODE08130	signaling_cascade	module20_24_export	Node participates in at least one evidence-gated exported mechanism edge.
NODE08131	signaling_cascade	module20_24_export	Node participates in at least one evidence-gated exported mechanism edge.
NODE08132	signaling_cascade	module20_24_export	Node participates in at least one evidence-gated exported mechanism edge.
NODE08133	signaling_cascade	module20_24_export	Node participates in at least one evidence-gated exported mechanism edge.
NODE08134	signaling_cascade	module20_24_export	Node participates in at least one evidence-gated exported mechanism edge.
NODE08135	signaling_cascade	module20_24_export	Node participates in at least one evidence-gated exported mechanism edge.
NODE08136	signaling_cascade	module20_24_export	Node participates in at least one evidence-gated exported mechanism edge.
NODE08137	signaling_cascade	module20_24_export	Node participates in at least one evidence-gated exported mechanism edge.
NODE08138	receptor	register_ligand_receptor_layer	edge=M20B-E002893; evidence=M20B-EVID-002893
NODE08138	signaling_cascade	module20_24_export	Node participates in at least one evidence-gated exported mechanism edge.
NODE08138	target_gene	register_target_gene_layer	edge=M22B-E010340; evidence=M22B-EVID-010512
NODE08139	signaling_cascade	module20_24_export	Node participates in at least one evidence-gated exported mechanism edge.
NODE08140	signaling_cascade	module20_24_export	Node participates in at least one evidence-gated exported mechanism edge.
NODE08141	ligand	register_ligand_receptor_layer	edge=M24B-E000121; evidence=M24B-EVID-000163
NODE08141	receptor	register_ligand_receptor_layer	edge=M20B-E001914; evidence=M20B-EVID-001914;M20B-EVID-PROMO-20260826-033 || edge=M20B-E001915; evidence=M20B-EVID-001915;M20B-EVID-PROMO-20260826-034 || edge=M20B-E001916; evidence=M20B-EVID-001916 || edge=M23B-E000872; evidence=M23B-EVID-001174
NODE08141	signaling_cascade	module20_24_export	Node participates in at least one evidence-gated exported mechanism edge.
NODE08142	receptor	register_ligand_receptor_layer	edge=M23B-E000654; evidence=M23B-EVID-000877 || edge=M23B-E000660; evidence=M23B-EVID-000883
NODE08142	signaling_cascade	module20_24_export	Node participates in at least one evidence-gated exported mechanism edge.
NODE08143	signaling_cascade	module20_24_export	Node participates in at least one evidence-gated exported mechanism edge.
NODE08144	signaling_cascade	module20_24_export	Node participates in at least one evidence-gated exported mechanism edge.
NODE08145	receptor	register_ligand_receptor_layer	edge=M20B-E004190; evidence=M20B-EVID-004190;M20B-EVID-004190-P2-DIRECT;M20B-EVID-004190-P2-FUNC;M20B-EVID-004190-P2-RELAY || edge=M20B-E004311; evidence=M20B-EVID-004311;M20B-EVID-004311-P2-DIRECT;M20B-EVID-004311-P2-FUNC;M20B-EVID-004311-P2-RELAY
NODE08145	signaling_cascade	module20_24_export	Node participates in at least one evidence-gated exported mechanism edge.
NODE08145	target_gene	register_target_gene_layer	edge=M22B-E010283; evidence=M22B-EVID-010456
NODE08146	signaling_cascade	module20_24_export	Node participates in at least one evidence-gated exported mechanism edge.
NODE08147	receptor	register_ligand_receptor_layer	edge=M23B-E000656; evidence=M23B-EVID-000879 || edge=M23B-E000662; evidence=M23B-EVID-000885 || edge=M23B-E000668; evidence=M23B-EVID-000891
NODE08147	signaling_cascade	module20_24_export	Node participates in at least one evidence-gated exported mechanism edge.
NODE08148	receptor	register_ligand_receptor_layer	edge=M20B-E002981; evidence=M20B-EVID-002981 || edge=M20B-E002983; evidence=M20B-EVID-002983 || edge=M20B-E002985; evidence=M20B-EVID-002985
NODE08148	signaling_cascade	module20_24_export	Node participates in at least one evidence-gated exported mechanism edge.
NODE08149	signaling_cascade	module20_24_export	Node participates in at least one evidence-gated exported mechanism edge.
NODE08150	signaling_cascade	module20_24_export	Node participates in at least one evidence-gated exported mechanism edge.
NODE08151	receptor	register_ligand_receptor_layer	edge=M20B-E005063; evidence=M20B-EVID-005063
NODE08151	signaling_cascade	module20_24_export	Node participates in at least one evidence-gated exported mechanism edge.
NODE08152	receptor	register_ligand_receptor_layer	edge=M23B-E000723; evidence=M23B-EVID-000965
NODE08152	signaling_cascade	module20_24_export	Node participates in at least one evidence-gated exported mechanism edge.
NODE08153	signaling_cascade	module20_24_export	Node participates in at least one evidence-gated exported mechanism edge.
NODE08154	signaling_cascade	module20_24_export	Node participates in at least one evidence-gated exported mechanism edge.
NODE08155	signaling_cascade	module20_24_export	Node participates in at least one evidence-gated exported mechanism edge.
NODE08155	target_gene	register_target_gene_layer	edge=M22B-E010660; evidence=M22B-EVID-010755 || edge=M22B-E010661; evidence=M22B-EVID-010755
NODE08156	signaling_cascade	module20_24_export	Node participates in at least one evidence-gated exported mechanism edge.
NODE08157	signaling_cascade	module20_24_export	Node participates in at least one evidence-gated exported mechanism edge.
NODE08158	signaling_cascade	module20_24_export	Node participates in at least one evidence-gated exported mechanism edge.
NODE08159	signaling_cascade	module20_24_export	Node participates in at least one evidence-gated exported mechanism edge.
NODE08160	ligand	register_ligand_receptor_layer	edge=M23B-E000841; evidence=M23B-EVID-001136
NODE08160	receptor	register_ligand_receptor_layer	edge=M20B-E001793; evidence=M20B-EVID-001793;M20B-EVID-PROMO-20260826-002 || edge=M20B-E001794; evidence=M20B-EVID-001794 || edge=M20B-E001795; evidence=M20B-EVID-001795 || edge=M20B-E001917; evidence=M20B-EVID-001917 || edge=M20B-E001918; evidence=M20B-EVID-001918 || edge=M23B-E000874; evidence=M23B-EVID-001177 || edge=M23B-E000876; evidence=M23B-EVID-001180 || edge=M23B-E000973; evidence=M23B-EVID-001318
NODE08160	signaling_cascade	module20_24_export	Node participates in at least one evidence-gated exported mechanism edge.
NODE08160	target_gene	register_target_gene_layer	edge=M22B-E010418; evidence=M22B-EVID-010590
NODE08161	signaling_cascade	module20_24_export	Node participates in at least one evidence-gated exported mechanism edge.
NODE08162	receptor	register_ligand_receptor_layer	edge=M23B-E000658; evidence=M23B-EVID-000881 || edge=M23B-E000664; evidence=M23B-EVID-000887
NODE08162	signaling_cascade	module20_24_export	Node participates in at least one evidence-gated exported mechanism edge.
NODE08163	signaling_cascade	module20_24_export	Node participates in at least one evidence-gated exported mechanism edge.
NODE08164	signaling_cascade	module20_24_export	Node participates in at least one evidence-gated exported mechanism edge.
NODE08165	signaling_cascade	module20_24_export	Node participates in at least one evidence-gated exported mechanism edge.
NODE08166	signaling_cascade	module20_24_export	Node participates in at least one evidence-gated exported mechanism edge.
NODE08167	signaling_cascade	module20_24_export	Node participates in at least one evidence-gated exported mechanism edge.
NODE08168	signaling_cascade	module20_24_export	Node participates in at least one evidence-gated exported mechanism edge.
NODE08169	receptor	register_ligand_receptor_layer	edge=M20B-E002977; evidence=M20B-EVID-002977 || edge=M20B-E003976; evidence=M20B-EVID-003976 || edge=M20B-E004226; evidence=M20B-EVID-004226;M20B-EVID-004226-P2-DIRECT;M20B-EVID-004226-P2-FUNC;M20B-EVID-004226-P2-RELAY || edge=M20B-E004666; evidence=M20B-EVID-004666;M20B-EVID-004666-P2-DIRECT;M20B-EVID-004666-P2-FUNC;M20B-EVID-004666-P2-RELAY || edge=M20B-E005092; evidence=M20B-EVID-005092;M20B-EVID-005092-P2-DIRECT
NODE08169	signaling_cascade	module20_24_export	Node participates in at least one evidence-gated exported mechanism edge.
NODE08169	target_gene	register_target_gene_layer	edge=M22B-E009666; evidence=M22B-EVID-009839 || edge=M22B-E010626; evidence=M22B-EVID-010722
NODE08170	signaling_cascade	module20_24_export	Node participates in at least one evidence-gated exported mechanism edge.
NODE08171	receptor	register_ligand_receptor_layer	edge=M23B-E000188; evidence=M23B-EVID-000270
NODE08171	signaling_cascade	module20_24_export	Node participates in at least one evidence-gated exported mechanism edge.
NODE08172	signaling_cascade	module20_24_export	Node participates in at least one evidence-gated exported mechanism edge.
NODE08173	signaling_cascade	module20_24_export	Node participates in at least one evidence-gated exported mechanism edge.
NODE08174	signaling_cascade	module20_24_export	Node participates in at least one evidence-gated exported mechanism edge.
NODE08175	signaling_cascade	module20_24_export	Node participates in at least one evidence-gated exported mechanism edge.
NODE08175	target_gene	register_target_gene_layer	edge=M22B-E007275; evidence=M22B-EVID-007448 || edge=M22B-E009307; evidence=M22B-EVID-009480
NODE08176	signaling_cascade	module20_24_export	Node participates in at least one evidence-gated exported mechanism edge.
NODE08176	target_gene	register_target_gene_layer	edge=M22B-E007530; evidence=M22B-EVID-007703
NODE08177	signaling_cascade	module20_24_export	Node participates in at least one evidence-gated exported mechanism edge.
NODE08177	target_gene	register_target_gene_layer	edge=M22B-E006563; evidence=M22B-EVID-006736 || edge=M22B-E008718; evidence=M22B-EVID-008891
NODE08178	signaling_cascade	module20_24_export	Node participates in at least one evidence-gated exported mechanism edge.
NODE08179	signaling_cascade	module20_24_export	Node participates in at least one evidence-gated exported mechanism edge.
NODE08180	signaling_cascade	module20_24_export	Node participates in at least one evidence-gated exported mechanism edge.
NODE08181	signaling_cascade	module20_24_export	Node participates in at least one evidence-gated exported mechanism edge.
NODE08181	transcription_factor	register_target_gene_layer	edge=M22B-E010144; evidence=M22B-EVID-010317 || edge=M22B-E010145; evidence=M22B-EVID-010318
NODE08182	signaling_cascade	module20_24_export	Node participates in at least one evidence-gated exported mechanism edge.
NODE08183	signaling_cascade	module20_24_export	Node participates in at least one evidence-gated exported mechanism edge.
NODE08184	signaling_cascade	module20_24_export	Node participates in at least one evidence-gated exported mechanism edge.
NODE08185	signaling_cascade	module20_24_export	Node participates in at least one evidence-gated exported mechanism edge.
NODE08186	signaling_cascade	module20_24_export	Node participates in at least one evidence-gated exported mechanism edge.
NODE08187	signaling_cascade	module20_24_export	Node participates in at least one evidence-gated exported mechanism edge.
NODE08188	signaling_cascade	module20_24_export	Node participates in at least one evidence-gated exported mechanism edge.
NODE08188	target_gene	register_target_gene_layer	edge=M22B-E010368; evidence=M22B-EVID-010540 || edge=M22B-E010369; evidence=M22B-EVID-010541 || edge=M22B-E010370; evidence=M22B-EVID-010542
NODE08189	receptor	register_ligand_receptor_layer	edge=M23B-E000322; evidence=M23B-EVID-000477
NODE08189	signaling_cascade	module20_24_export	Node participates in at least one evidence-gated exported mechanism edge.
NODE08190	signaling_cascade	module20_24_export	Node participates in at least one evidence-gated exported mechanism edge.
NODE08191	signaling_cascade	module20_24_export	Node participates in at least one evidence-gated exported mechanism edge.
NODE08192	signaling_cascade	module20_24_export	Node participates in at least one evidence-gated exported mechanism edge.
NODE08193	signaling_cascade	module20_24_export	Node participates in at least one evidence-gated exported mechanism edge.
NODE08194	signaling_cascade	module20_24_export	Node participates in at least one evidence-gated exported mechanism edge.
NODE08195	signaling_cascade	module20_24_export	Node participates in at least one evidence-gated exported mechanism edge.
NODE08196	signaling_cascade	module20_24_export	Node participates in at least one evidence-gated exported mechanism edge.
NODE08197	signaling_cascade	module20_24_export	Node participates in at least one evidence-gated exported mechanism edge.
NODE08197	target_gene	register_target_gene_layer	edge=M22B-E007531; evidence=M22B-EVID-007704
NODE08198	signaling_cascade	module20_24_export	Node participates in at least one evidence-gated exported mechanism edge.
NODE08199	signaling_cascade	module20_24_export	Node participates in at least one evidence-gated exported mechanism edge.
NODE08200	signaling_cascade	module20_24_export	Node participates in at least one evidence-gated exported mechanism edge.
NODE08201	signaling_cascade	module20_24_export	Node participates in at least one evidence-gated exported mechanism edge.
NODE08202	signaling_cascade	module20_24_export	Node participates in at least one evidence-gated exported mechanism edge.
NODE08203	signaling_cascade	module20_24_export	Node participates in at least one evidence-gated exported mechanism edge.
NODE08204	signaling_cascade	module20_24_export	Node participates in at least one evidence-gated exported mechanism edge.
NODE08204	target_gene	register_target_gene_layer	edge=M22B-E007868; evidence=M22B-EVID-008041 || edge=M22B-E009308; evidence=M22B-EVID-009481
NODE08205	signaling_cascade	module20_24_export	Node participates in at least one evidence-gated exported mechanism edge.
NODE08206	signaling_cascade	module20_24_export	Node participates in at least one evidence-gated exported mechanism edge.
NODE08207	signaling_cascade	module20_24_export	Node participates in at least one evidence-gated exported mechanism edge.
NODE08208	signaling_cascade	module20_24_export	Node participates in at least one evidence-gated exported mechanism edge.
NODE08209	ligand	register_ligand_receptor_layer	edge=M20B-E004680; evidence=M20B-EVID-004680;M20B-EVID-004680-P2-DIRECT;M20B-EVID-004680-P2-FUNC;M20B-EVID-004680-P2-RELAY || edge=M20B-E004681; evidence=M20B-EVID-004681;M20B-EVID-004681-P2-DIRECT;M20B-EVID-004681-P2-FUNC;M20B-EVID-004681-P2-RELAY || edge=M20B-E004682; evidence=M20B-EVID-004682;M20B-EVID-004682-P2-DIRECT;M20B-EVID-004682-P2-FUNC;M20B-EVID-004682-P2-RELAY
NODE08209	signaling_cascade	module20_24_export	Node participates in at least one evidence-gated exported mechanism edge.
NODE08210	signaling_cascade	module20_24_export	Node participates in at least one evidence-gated exported mechanism edge.
NODE08211	signaling_cascade	module20_24_export	Node participates in at least one evidence-gated exported mechanism edge.
NODE08212	signaling_cascade	module20_24_export	Node participates in at least one evidence-gated exported mechanism edge.
NODE08213	signaling_cascade	module20_24_export	Node participates in at least one evidence-gated exported mechanism edge.
NODE08213	target_gene	register_target_gene_layer	edge=M22B-E006867; evidence=M22B-EVID-007040 || edge=M22B-E008996; evidence=M22B-EVID-009169
NODE08214	ligand	register_ligand_receptor_layer	edge=M20B-E004685; evidence=M20B-EVID-004685;M20B-EVID-004685-P2-DIRECT;M20B-EVID-004685-P2-FUNC;M20B-EVID-004685-P2-RELAY
NODE08214	signaling_cascade	module20_24_export	Node participates in at least one evidence-gated exported mechanism edge.
NODE08215	signaling_cascade	module20_24_export	Node participates in at least one evidence-gated exported mechanism edge.
NODE08216	receptor	register_ligand_receptor_layer	edge=M20B-E004685; evidence=M20B-EVID-004685;M20B-EVID-004685-P2-DIRECT;M20B-EVID-004685-P2-FUNC;M20B-EVID-004685-P2-RELAY
NODE08216	signaling_cascade	module20_24_export	Node participates in at least one evidence-gated exported mechanism edge.
NODE08217	signaling_cascade	module20_24_export	Node participates in at least one evidence-gated exported mechanism edge.
NODE08218	signaling_cascade	module20_24_export	Node participates in at least one evidence-gated exported mechanism edge.
NODE08219	signaling_cascade	module20_24_export	Node participates in at least one evidence-gated exported mechanism edge.
NODE08220	signaling_cascade	module20_24_export	Node participates in at least one evidence-gated exported mechanism edge.
NODE08221	signaling_cascade	module20_24_export	Node participates in at least one evidence-gated exported mechanism edge.
NODE08222	signaling_cascade	module20_24_export	Node participates in at least one evidence-gated exported mechanism edge.
NODE08222	target_gene	register_target_gene_layer	edge=M22B-E006868; evidence=M22B-EVID-007041 || edge=M22B-E008997; evidence=M22B-EVID-009170
NODE08223	signaling_cascade	module20_24_export	Node participates in at least one evidence-gated exported mechanism edge.
NODE08223	target_gene	register_target_gene_layer	edge=M22B-E009762; evidence=M22B-EVID-009935
NODE08224	signaling_cascade	module20_24_export	Node participates in at least one evidence-gated exported mechanism edge.
NODE08225	signaling_cascade	module20_24_export	Node participates in at least one evidence-gated exported mechanism edge.
NODE08226	signaling_cascade	module20_24_export	Node participates in at least one evidence-gated exported mechanism edge.
NODE08226	target_gene	register_target_gene_layer	edge=M22B-E007869; evidence=M22B-EVID-008042 || edge=M22B-E009309; evidence=M22B-EVID-009482
NODE08227	signaling_cascade	module20_24_export	Node participates in at least one evidence-gated exported mechanism edge.
NODE08228	signaling_cascade	module20_24_export	Node participates in at least one evidence-gated exported mechanism edge.
NODE08229	signaling_cascade	module20_24_export	Node participates in at least one evidence-gated exported mechanism edge.
NODE08230	signaling_cascade	module20_24_export	Node participates in at least one evidence-gated exported mechanism edge.
NODE08231	signaling_cascade	module20_24_export	Node participates in at least one evidence-gated exported mechanism edge.
NODE08232	signaling_cascade	module20_24_export	Node participates in at least one evidence-gated exported mechanism edge.
NODE08233	signaling_cascade	module20_24_export	Node participates in at least one evidence-gated exported mechanism edge.
NODE08234	signaling_cascade	module20_24_export	Node participates in at least one evidence-gated exported mechanism edge.
NODE08235	signaling_cascade	module20_24_export	Node participates in at least one evidence-gated exported mechanism edge.
NODE08235	transcription_factor	register_target_gene_layer	edge=M22B-E010457; evidence=M22B-EVID-010612
NODE08236	signaling_cascade	module20_24_export	Node participates in at least one evidence-gated exported mechanism edge.
NODE08237	signaling_cascade	module20_24_export	Node participates in at least one evidence-gated exported mechanism edge.
NODE08237	target_gene	register_target_gene_layer	edge=M22B-E006101; evidence=M22B-EVID-006274 || edge=M22B-E006869; evidence=M22B-EVID-007042 || edge=M22B-E007870; evidence=M22B-EVID-008043 || edge=M22B-E008257; evidence=M22B-EVID-008430 || edge=M22B-E008998; evidence=M22B-EVID-009171 || edge=M22B-E009310; evidence=M22B-EVID-009483
NODE08238	signaling_cascade	module20_24_export	Node participates in at least one evidence-gated exported mechanism edge.
NODE08239	signaling_cascade	module20_24_export	Node participates in at least one evidence-gated exported mechanism edge.
NODE08239	target_gene	register_target_gene_layer	edge=M22B-E007871; evidence=M22B-EVID-008044 || edge=M22B-E009311; evidence=M22B-EVID-009484
NODE08240	signaling_cascade	module20_24_export	Node participates in at least one evidence-gated exported mechanism edge.
NODE08241	signaling_cascade	module20_24_export	Node participates in at least one evidence-gated exported mechanism edge.
NODE08242	signaling_cascade	module20_24_export	Node participates in at least one evidence-gated exported mechanism edge.
NODE08243	signaling_cascade	module20_24_export	Node participates in at least one evidence-gated exported mechanism edge.
NODE08244	signaling_cascade	module20_24_export	Node participates in at least one evidence-gated exported mechanism edge.
NODE08245	signaling_cascade	module20_24_export	Node participates in at least one evidence-gated exported mechanism edge.
NODE08246	signaling_cascade	module20_24_export	Node participates in at least one evidence-gated exported mechanism edge.
NODE08247	signaling_cascade	module20_24_export	Node participates in at least one evidence-gated exported mechanism edge.
NODE08248	signaling_cascade	module20_24_export	Node participates in at least one evidence-gated exported mechanism edge.
NODE08248	target_gene	register_target_gene_layer	edge=M22B-E009711; evidence=M22B-EVID-009884
NODE08249	signaling_cascade	module20_24_export	Node participates in at least one evidence-gated exported mechanism edge.
NODE08250	signaling_cascade	module20_24_export	Node participates in at least one evidence-gated exported mechanism edge.
NODE08251	signaling_cascade	module20_24_export	Node participates in at least one evidence-gated exported mechanism edge.
NODE08252	signaling_cascade	module20_24_export	Node participates in at least one evidence-gated exported mechanism edge.
NODE08253	signaling_cascade	module20_24_export	Node participates in at least one evidence-gated exported mechanism edge.
NODE08254	receptor	register_ligand_receptor_layer	edge=M20B-E002505; evidence=M20B-EVID-002505
NODE08254	signaling_cascade	module20_24_export	Node participates in at least one evidence-gated exported mechanism edge.
NODE08254	target_gene	register_target_gene_layer	edge=M22B-E010648; evidence=M22B-EVID-010743
NODE08255	receptor	register_ligand_receptor_layer	edge=M20B-E002492; evidence=M20B-EVID-002492 || edge=M20B-E002506; evidence=M20B-EVID-002506
NODE08255	signaling_cascade	module20_24_export	Node participates in at least one evidence-gated exported mechanism edge.
NODE08256	receptor	register_ligand_receptor_layer	edge=M20B-E002493; evidence=M20B-EVID-002493 || edge=M20B-E002507; evidence=M20B-EVID-002507 || edge=M20B-E003848; evidence=M20B-EVID-003848;M20B-EVID-003848-P2-FUNC
NODE08256	signaling_cascade	module20_24_export	Node participates in at least one evidence-gated exported mechanism edge.
NODE08256	target_gene	register_target_gene_layer	edge=M22B-E010570; evidence=M22B-EVID-010667
NODE08257	signaling_cascade	module20_24_export	Node participates in at least one evidence-gated exported mechanism edge.
NODE08258	signaling_cascade	module20_24_export	Node participates in at least one evidence-gated exported mechanism edge.
NODE08259	signaling_cascade	module20_24_export	Node participates in at least one evidence-gated exported mechanism edge.
NODE08260	signaling_cascade	module20_24_export	Node participates in at least one evidence-gated exported mechanism edge.
NODE08261	signaling_cascade	module20_24_export	Node participates in at least one evidence-gated exported mechanism edge.
NODE08262	signaling_cascade	module20_24_export	Node participates in at least one evidence-gated exported mechanism edge.
NODE08263	signaling_cascade	module20_24_export	Node participates in at least one evidence-gated exported mechanism edge.
NODE08264	signaling_cascade	module20_24_export	Node participates in at least one evidence-gated exported mechanism edge.
NODE08264	target_gene	register_target_gene_layer	edge=M22B-E006598; evidence=M22B-EVID-006771 || edge=M22B-E006980; evidence=M22B-EVID-007153 || edge=M22B-E007276; evidence=M22B-EVID-007449 || edge=M22B-E008748; evidence=M22B-EVID-008921 || edge=M22B-E009094; evidence=M22B-EVID-009267 || edge=M22B-E009449; evidence=M22B-EVID-009622
NODE08264	transcription_factor	register_target_gene_layer	edge=M22B-E010187; evidence=M22B-EVID-010360 || edge=M22B-E010238; evidence=M22B-EVID-010411 || edge=M22B-E010432; evidence=M22B-EVID-010602 || edge=M22B-E010659; evidence=M22B-EVID-010754
NODE08265	signaling_cascade	module20_24_export	Node participates in at least one evidence-gated exported mechanism edge.
NODE08266	signaling_cascade	module20_24_export	Node participates in at least one evidence-gated exported mechanism edge.
NODE08266	transcription_factor	register_target_gene_layer	edge=M22B-E009966; evidence=M22B-EVID-010139 || edge=M22B-E009975; evidence=M22B-EVID-010148 || edge=M22B-E010015; evidence=M22B-EVID-010188 || edge=M22B-E010576; evidence=M22B-EVID-010672 || edge=M22B-E010596; evidence=M22B-EVID-010692
NODE08267	signaling_cascade	module20_24_export	Node participates in at least one evidence-gated exported mechanism edge.
NODE08267	target_gene	register_target_gene_layer	edge=M22B-E006564; evidence=M22B-EVID-006737 || edge=M22B-E006870; evidence=M22B-EVID-007043 || edge=M22B-E008719; evidence=M22B-EVID-008892 || edge=M22B-E008999; evidence=M22B-EVID-009172 || edge=M22B-E009966; evidence=M22B-EVID-010139
NODE08267	transcription_factor	register_target_gene_layer	edge=M22B-E010086; evidence=M22B-EVID-010259
NODE08268	signaling_cascade	module20_24_export	Node participates in at least one evidence-gated exported mechanism edge.
NODE08268	transcription_factor	register_target_gene_layer	edge=M22B-E009976; evidence=M22B-EVID-010149
NODE08269	signaling_cascade	module20_24_export	Node participates in at least one evidence-gated exported mechanism edge.
NODE08269	transcription_factor	register_target_gene_layer	edge=M22B-E009977; evidence=M22B-EVID-010150
NODE08270	signaling_cascade	module20_24_export	Node participates in at least one evidence-gated exported mechanism edge.
NODE08270	target_gene	register_target_gene_layer	edge=M22B-E009450; evidence=M22B-EVID-009623
NODE08270	transcription_factor	register_target_gene_layer	edge=M22B-E010087; evidence=M22B-EVID-010260 || edge=M22B-E010088; evidence=M22B-EVID-010261 || edge=M22B-E010089; evidence=M22B-EVID-010262
NODE08271	signaling_cascade	module20_24_export	Node participates in at least one evidence-gated exported mechanism edge.
NODE08271	transcription_factor	register_target_gene_layer	edge=M22B-E009974; evidence=M22B-EVID-010147
NODE08272	ligand	register_ligand_receptor_layer	edge=M20B-E004687; evidence=M20B-EVID-004687;M20B-EVID-004687-P2-DIRECT;M20B-EVID-004687-P2-FUNC;M20B-EVID-004687-P2-RELAY
NODE08272	signaling_cascade	module20_24_export	Node participates in at least one evidence-gated exported mechanism edge.
NODE08273	signaling_cascade	module20_24_export	Node participates in at least one evidence-gated exported mechanism edge.
NODE08274	signaling_cascade	module20_24_export	Node participates in at least one evidence-gated exported mechanism edge.
NODE08275	signaling_cascade	module20_24_export	Node participates in at least one evidence-gated exported mechanism edge.
NODE08276	signaling_cascade	module20_24_export	Node participates in at least one evidence-gated exported mechanism edge.
NODE08277	signaling_cascade	module20_24_export	Node participates in at least one evidence-gated exported mechanism edge.
NODE08277	target_gene	register_target_gene_layer	edge=M22B-E010082; evidence=M22B-EVID-010255
NODE08278	signaling_cascade	module20_24_export	Node participates in at least one evidence-gated exported mechanism edge.
NODE08278	target_gene	register_target_gene_layer	edge=M22B-E007872; evidence=M22B-EVID-008045 || edge=M22B-E009585; evidence=M22B-EVID-009758
NODE08279	signaling_cascade	module20_24_export	Node participates in at least one evidence-gated exported mechanism edge.
NODE08280	signaling_cascade	module20_24_export	Node participates in at least one evidence-gated exported mechanism edge.
NODE08280	target_gene	register_target_gene_layer	edge=M22B-E005792; evidence=M22B-EVID-005965 || edge=M22B-E007277; evidence=M22B-EVID-007450 || edge=M22B-E007873; evidence=M22B-EVID-008046 || edge=M22B-E007958; evidence=M22B-EVID-008131 || edge=M22B-E009312; evidence=M22B-EVID-009485
NODE08281	signaling_cascade	module20_24_export	Node participates in at least one evidence-gated exported mechanism edge.
NODE08282	signaling_cascade	module20_24_export	Node participates in at least one evidence-gated exported mechanism edge.
NODE08283	signaling_cascade	module20_24_export	Node participates in at least one evidence-gated exported mechanism edge.
NODE08284	signaling_cascade	module20_24_export	Node participates in at least one evidence-gated exported mechanism edge.
NODE08285	signaling_cascade	module20_24_export	Node participates in at least one evidence-gated exported mechanism edge.
NODE08285	target_gene	register_target_gene_layer	edge=M22B-E007532; evidence=M22B-EVID-007705
NODE08286	signaling_cascade	module20_24_export	Node participates in at least one evidence-gated exported mechanism edge.
NODE08286	target_gene	register_target_gene_layer	edge=M22B-E006871; evidence=M22B-EVID-007044 || edge=M22B-E009000; evidence=M22B-EVID-009173
NODE08287	signaling_cascade	module20_24_export	Node participates in at least one evidence-gated exported mechanism edge.
NODE08288	signaling_cascade	module20_24_export	Node participates in at least one evidence-gated exported mechanism edge.
NODE08289	signaling_cascade	module20_24_export	Node participates in at least one evidence-gated exported mechanism edge.
NODE08289	target_gene	register_target_gene_layer	edge=M22B-E005939; evidence=M22B-EVID-006112 || edge=M22B-E008109; evidence=M22B-EVID-008282
NODE08290	signaling_cascade	module20_24_export	Node participates in at least one evidence-gated exported mechanism edge.
NODE08291	signaling_cascade	module20_24_export	Node participates in at least one evidence-gated exported mechanism edge.
NODE08291	target_gene	register_target_gene_layer	edge=M22B-E010000; evidence=M22B-EVID-010173
NODE08292	signaling_cascade	module20_24_export	Node participates in at least one evidence-gated exported mechanism edge.
NODE08292	target_gene	register_target_gene_layer	edge=M22B-E006872; evidence=M22B-EVID-007045 || edge=M22B-E009001; evidence=M22B-EVID-009174
NODE08293	signaling_cascade	module20_24_export	Node participates in at least one evidence-gated exported mechanism edge.
NODE08293	target_gene	register_target_gene_layer	edge=M22B-E006873; evidence=M22B-EVID-007046 || edge=M22B-E009002; evidence=M22B-EVID-009175
NODE08294	signaling_cascade	module20_24_export	Node participates in at least one evidence-gated exported mechanism edge.
NODE08294	target_gene	register_target_gene_layer	edge=M22B-E006277; evidence=M22B-EVID-006450 || edge=M22B-E008428; evidence=M22B-EVID-008601
NODE08295	signaling_cascade	module20_24_export	Node participates in at least one evidence-gated exported mechanism edge.
NODE08295	target_gene	register_target_gene_layer	edge=M22B-E007874; evidence=M22B-EVID-008047 || edge=M22B-E009313; evidence=M22B-EVID-009486
NODE08296	ligand	register_ligand_receptor_layer	edge=M20B-E004689; evidence=M20B-EVID-004689;M20B-EVID-004689-P2-DIRECT;M20B-EVID-004689-P2-FUNC;M20B-EVID-004689-P2-RELAY
NODE08296	signaling_cascade	module20_24_export	Node participates in at least one evidence-gated exported mechanism edge.
NODE08297	signaling_cascade	module20_24_export	Node participates in at least one evidence-gated exported mechanism edge.
NODE08298	signaling_cascade	module20_24_export	Node participates in at least one evidence-gated exported mechanism edge.
NODE08299	signaling_cascade	module20_24_export	Node participates in at least one evidence-gated exported mechanism edge.
NODE08300	signaling_cascade	module20_24_export	Node participates in at least one evidence-gated exported mechanism edge.
NODE08301	signaling_cascade	module20_24_export	Node participates in at least one evidence-gated exported mechanism edge.
NODE08301	transcription_factor	register_target_gene_layer	edge=M22B-E010250; evidence=M22B-EVID-010423 || edge=M22B-E010251; evidence=M22B-EVID-010424 || edge=M22B-E010252; evidence=M22B-EVID-010425 || edge=M22B-E010253; evidence=M22B-EVID-010426 || edge=M22B-E010254; evidence=M22B-EVID-010427 || edge=M22B-E010255; evidence=M22B-EVID-010428 || edge=M22B-E010256; evidence=M22B-EVID-010429 || edge=M22B-E010257; evidence=M22B-EVID-010430 || edge=M22B-E010258; evidence=M22B-EVID-010431 || edge=M22B-E010259; evidence=M22B-EVID-010432 || edge=M22B-E010260; evidence=M22B-EVID-010433 || edge=M22B-E010261; evidence=M22B-EVID-010434 || edge=M22B-E010262; evidence=M22B-EVID-010435 || edge=M22B-E010263; evidence=M22B-EVID-010436 || edge=M22B-E010591; evidence=M22B-EVID-010687
NODE08302	signaling_cascade	module20_24_export	Node participates in at least one evidence-gated exported mechanism edge.
NODE08302	transcription_factor	register_target_gene_layer	edge=M22B-E000307; evidence=M22B-EVID-000166 || edge=M22B-E010505; evidence=M22B-EVID-010623
NODE08303	signaling_cascade	module20_24_export	Node participates in at least one evidence-gated exported mechanism edge.
NODE08303	target_gene	register_target_gene_layer	edge=M22B-E009910; evidence=M22B-EVID-010083
NODE08304	signaling_cascade	module20_24_export	Node participates in at least one evidence-gated exported mechanism edge.
NODE08304	target_gene	register_target_gene_layer	edge=M22B-E006874; evidence=M22B-EVID-007047 || edge=M22B-E009003; evidence=M22B-EVID-009176
NODE08305	signaling_cascade	module20_24_export	Node participates in at least one evidence-gated exported mechanism edge.
NODE08305	target_gene	register_target_gene_layer	edge=M22B-E007875; evidence=M22B-EVID-008048 || edge=M22B-E009314; evidence=M22B-EVID-009487
NODE08306	signaling_cascade	module20_24_export	Node participates in at least one evidence-gated exported mechanism edge.
NODE08307	signaling_cascade	module20_24_export	Node participates in at least one evidence-gated exported mechanism edge.
NODE08308	signaling_cascade	module20_24_export	Node participates in at least one evidence-gated exported mechanism edge.
NODE08309	signaling_cascade	module20_24_export	Node participates in at least one evidence-gated exported mechanism edge.
NODE08310	signaling_cascade	module20_24_export	Node participates in at least one evidence-gated exported mechanism edge.
NODE08311	signaling_cascade	module20_24_export	Node participates in at least one evidence-gated exported mechanism edge.
NODE08312	signaling_cascade	module20_24_export	Node participates in at least one evidence-gated exported mechanism edge.
NODE08313	signaling_cascade	module20_24_export	Node participates in at least one evidence-gated exported mechanism edge.
NODE08314	signaling_cascade	module20_24_export	Node participates in at least one evidence-gated exported mechanism edge.
NODE08315	signaling_cascade	module20_24_export	Node participates in at least one evidence-gated exported mechanism edge.
NODE08316	signaling_cascade	module20_24_export	Node participates in at least one evidence-gated exported mechanism edge.
NODE08317	receptor	register_ligand_receptor_layer	edge=M20B-E005299; evidence=M20B-EVID-005299
NODE08317	signaling_cascade	module20_24_export	Node participates in at least one evidence-gated exported mechanism edge.
NODE08317	target_gene	register_target_gene_layer	edge=M22B-E009411; evidence=M22B-EVID-009584 || edge=M22B-E009586; evidence=M22B-EVID-009759
NODE08318	signaling_cascade	module20_24_export	Node participates in at least one evidence-gated exported mechanism edge.
NODE08318	target_gene	register_target_gene_layer	edge=M22B-E009587; evidence=M22B-EVID-009760 || edge=M22B-E009617; evidence=M22B-EVID-009790
NODE08319	signaling_cascade	module20_24_export	Node participates in at least one evidence-gated exported mechanism edge.
NODE08319	target_gene	register_target_gene_layer	edge=M22B-E010035; evidence=M22B-EVID-010208
NODE08320	signaling_cascade	module20_24_export	Node participates in at least one evidence-gated exported mechanism edge.
NODE08320	target_gene	register_target_gene_layer	edge=M22B-E009618; evidence=M22B-EVID-009791
NODE08321	signaling_cascade	module20_24_export	Node participates in at least one evidence-gated exported mechanism edge.
NODE08321	target_gene	register_target_gene_layer	edge=M22B-E000429; evidence=M22B-EVID-000003
NODE08322	signaling_cascade	module20_24_export	Node participates in at least one evidence-gated exported mechanism edge.
NODE08322	target_gene	register_target_gene_layer	edge=M22B-E010061; evidence=M22B-EVID-010234
NODE08323	signaling_cascade	module20_24_export	Node participates in at least one evidence-gated exported mechanism edge.
NODE08323	target_gene	register_target_gene_layer	edge=M22B-E007278; evidence=M22B-EVID-007451 || edge=M22B-E009362; evidence=M22B-EVID-009535 || edge=M22B-E009627; evidence=M22B-EVID-009800
NODE08323	transcription_factor	register_target_gene_layer	edge=M22B-E000310; evidence=M22B-EVID-000271 || edge=M22B-E000313; evidence=M22B-EVID-000272 || edge=M22B-E009939; evidence=M22B-EVID-010112 || edge=M22B-E010010; evidence=M22B-EVID-010183 || edge=M22B-E010011; evidence=M22B-EVID-010184 || edge=M22B-E010028; evidence=M22B-EVID-010201 || edge=M22B-E010090; evidence=M22B-EVID-010263 || edge=M22B-E010091; evidence=M22B-EVID-010264 || edge=M22B-E010092; evidence=M22B-EVID-010265 || edge=M22B-E010093; evidence=M22B-EVID-010266 || edge=M22B-E010094; evidence=M22B-EVID-010267 || edge=M22B-E010095; evidence=M22B-EVID-010268 || edge=M22B-E010096; evidence=M22B-EVID-010269 || edge=M22B-E010149; evidence=M22B-EVID-010322 || edge=M22B-E010154; evidence=M22B-EVID-010327 || edge=M22B-E010163; evidence=M22B-EVID-010336 || edge=M22B-E010166; evidence=M22B-EVID-010339 || edge=M22B-E010177; evidence=M22B-EVID-010350 || edge=M22B-E010205; evidence=M22B-EVID-010378 || edge=M22B-E010286; evidence=M22B-EVID-010459 || edge=M22B-E010320; evidence=M22B-EVID-010492 || edge=M22B-E010333; evidence=M22B-EVID-010505 || edge=M22B-E010386; evidence=M22B-EVID-010558 || edge=M22B-E010398; evidence=M22B-EVID-010570 || edge=M22B-E010582; evidence=M22B-EVID-010678 || edge=M22B-E010589; evidence=M22B-EVID-010685 || edge=M22B-E010645; evidence=M22B-EVID-010740
NODE08324	signaling_cascade	module20_24_export	Node participates in at least one evidence-gated exported mechanism edge.
NODE08324	transcription_factor	register_target_gene_layer	edge=M22B-E000329; evidence=M22B-EVID-000300
NODE08325	signaling_cascade	module20_24_export	Node participates in at least one evidence-gated exported mechanism edge.
NODE08326	signaling_cascade	module20_24_export	Node participates in at least one evidence-gated exported mechanism edge.
NODE08327	signaling_cascade	module20_24_export	Node participates in at least one evidence-gated exported mechanism edge.
NODE08328	signaling_cascade	module20_24_export	Node participates in at least one evidence-gated exported mechanism edge.
NODE08329	signaling_cascade	module20_24_export	Node participates in at least one evidence-gated exported mechanism edge.
NODE08330	signaling_cascade	module20_24_export	Node participates in at least one evidence-gated exported mechanism edge.
NODE08331	signaling_cascade	module20_24_export	Node participates in at least one evidence-gated exported mechanism edge.
NODE08332	signaling_cascade	module20_24_export	Node participates in at least one evidence-gated exported mechanism edge.
NODE08332	target_gene	register_target_gene_layer	edge=M22B-E008720; evidence=M22B-EVID-008893 || edge=M22B-E009799; evidence=M22B-EVID-009972
NODE08332	transcription_factor	register_target_gene_layer	edge=M22B-E000336; evidence=M22B-EVID-000620 || edge=M22B-E000343; evidence=M22B-EVID-000277 || edge=M22B-E010097; evidence=M22B-EVID-010270 || edge=M22B-E010098; evidence=M22B-EVID-010271 || edge=M22B-E010099; evidence=M22B-EVID-010272 || edge=M22B-E010141; evidence=M22B-EVID-010314
NODE08333	ligand	register_ligand_receptor_layer	edge=M20B-E002237; evidence=M20B-EVID-002237 || edge=M23B-E000012; evidence=M23B-EVID-000013;M23B-EVID-000113
NODE08333	signaling_cascade	module20_24_export	Node participates in at least one evidence-gated exported mechanism edge.
NODE08334	signaling_cascade	module20_24_export	Node participates in at least one evidence-gated exported mechanism edge.
NODE08335	signaling_cascade	module20_24_export	Node participates in at least one evidence-gated exported mechanism edge.
NODE08336	signaling_cascade	module20_24_export	Node participates in at least one evidence-gated exported mechanism edge.
NODE08337	signaling_cascade	module20_24_export	Node participates in at least one evidence-gated exported mechanism edge.
NODE08338	signaling_cascade	module20_24_export	Node participates in at least one evidence-gated exported mechanism edge.
NODE08338	target_gene	register_target_gene_layer	edge=M22B-E006565; evidence=M22B-EVID-006738
NODE08339	ligand	register_ligand_receptor_layer	edge=M20B-E004690; evidence=M20B-EVID-004690;M20B-EVID-004690-P2-DIRECT;M20B-EVID-004690-P2-FUNC;M20B-EVID-004690-P2-RELAY
NODE08339	signaling_cascade	module20_24_export	Node participates in at least one evidence-gated exported mechanism edge.
NODE08339	target_gene	register_target_gene_layer	edge=M22B-E008721; evidence=M22B-EVID-008894 || edge=M22B-E009877; evidence=M22B-EVID-010050
NODE08340	signaling_cascade	module20_24_export	Node participates in at least one evidence-gated exported mechanism edge.
NODE08341	signaling_cascade	module20_24_export	Node participates in at least one evidence-gated exported mechanism edge.
NODE08342	signaling_cascade	module20_24_export	Node participates in at least one evidence-gated exported mechanism edge.
NODE08343	signaling_cascade	module20_24_export	Node participates in at least one evidence-gated exported mechanism edge.
NODE08344	ligand	register_ligand_receptor_layer	edge=M24B-E000135; evidence=M24B-EVID-000184
NODE08344	signaling_cascade	module20_24_export	Node participates in at least one evidence-gated exported mechanism edge.
NODE08345	signaling_cascade	module20_24_export	Node participates in at least one evidence-gated exported mechanism edge.
NODE08346	signaling_cascade	module20_24_export	Node participates in at least one evidence-gated exported mechanism edge.
NODE08347	signaling_cascade	module20_24_export	Node participates in at least one evidence-gated exported mechanism edge.
NODE08348	signaling_cascade	module20_24_export	Node participates in at least one evidence-gated exported mechanism edge.
NODE08348	target_gene	register_target_gene_layer	edge=M22B-E009878; evidence=M22B-EVID-010051
NODE08349	signaling_cascade	module20_24_export	Node participates in at least one evidence-gated exported mechanism edge.
NODE08349	target_gene	register_target_gene_layer	edge=M22B-E005940; evidence=M22B-EVID-006113 || edge=M22B-E008110; evidence=M22B-EVID-008283 || edge=M22B-E009932; evidence=M22B-EVID-010105
NODE08350	signaling_cascade	module20_24_export	Node participates in at least one evidence-gated exported mechanism edge.
NODE08351	signaling_cascade	module20_24_export	Node participates in at least one evidence-gated exported mechanism edge.
NODE08352	signaling_cascade	module20_24_export	Node participates in at least one evidence-gated exported mechanism edge.
NODE08353	signaling_cascade	module20_24_export	Node participates in at least one evidence-gated exported mechanism edge.
NODE08354	signaling_cascade	module20_24_export	Node participates in at least one evidence-gated exported mechanism edge.
NODE08355	signaling_cascade	module20_24_export	Node participates in at least one evidence-gated exported mechanism edge.
NODE08356	signaling_cascade	module20_24_export	Node participates in at least one evidence-gated exported mechanism edge.
NODE08357	signaling_cascade	module20_24_export	Node participates in at least one evidence-gated exported mechanism edge.
NODE08358	signaling_cascade	module20_24_export	Node participates in at least one evidence-gated exported mechanism edge.
NODE08359	signaling_cascade	module20_24_export	Node participates in at least one evidence-gated exported mechanism edge.
NODE08360	signaling_cascade	module20_24_export	Node participates in at least one evidence-gated exported mechanism edge.
NODE08361	ligand	register_ligand_receptor_layer	edge=M20B-E004691; evidence=M20B-EVID-004691;M20B-EVID-004691-P2-DIRECT;M20B-EVID-004691-P2-FUNC;M20B-EVID-004691-P2-RELAY
NODE08361	signaling_cascade	module20_24_export	Node participates in at least one evidence-gated exported mechanism edge.
NODE08361	target_gene	register_target_gene_layer	edge=M22B-E009363; evidence=M22B-EVID-009536 || edge=M22B-E009588; evidence=M22B-EVID-009761
NODE08362	ligand	register_ligand_receptor_layer	edge=M24B-E000077; evidence=M24B-EVID-000113
NODE08362	signaling_cascade	module20_24_export	Node participates in at least one evidence-gated exported mechanism edge.
NODE08363	signaling_cascade	module20_24_export	Node participates in at least one evidence-gated exported mechanism edge.
NODE08363	target_gene	register_target_gene_layer	edge=M22B-E009684; evidence=M22B-EVID-009857
NODE08364	signaling_cascade	module20_24_export	Node participates in at least one evidence-gated exported mechanism edge.
NODE08364	target_gene	register_target_gene_layer	edge=M22B-E007533; evidence=M22B-EVID-007706 || edge=M22B-E007876; evidence=M22B-EVID-008049 || edge=M22B-E009315; evidence=M22B-EVID-009488
NODE08365	signaling_cascade	module20_24_export	Node participates in at least one evidence-gated exported mechanism edge.
NODE08366	signaling_cascade	module20_24_export	Node participates in at least one evidence-gated exported mechanism edge.
NODE08366	target_gene	register_target_gene_layer	edge=M22B-E006875; evidence=M22B-EVID-007048 || edge=M22B-E009004; evidence=M22B-EVID-009177
NODE08367	ligand	register_ligand_receptor_layer	edge=M20B-E004696; evidence=M20B-EVID-004696;M20B-EVID-004696-P2-DIRECT;M20B-EVID-004696-P2-FUNC;M20B-EVID-004696-P2-RELAY
NODE08367	signaling_cascade	module20_24_export	Node participates in at least one evidence-gated exported mechanism edge.
NODE08368	signaling_cascade	module20_24_export	Node participates in at least one evidence-gated exported mechanism edge.
NODE08369	ligand	register_ligand_receptor_layer	edge=M20B-E004700; evidence=M20B-EVID-004700
NODE08369	receptor	register_ligand_receptor_layer	edge=M20B-E002719; evidence=M20B-EVID-002719
NODE08369	signaling_cascade	module20_24_export	Node participates in at least one evidence-gated exported mechanism edge.
NODE08369	target_gene	register_target_gene_layer	edge=M22B-E010502; evidence=M22B-EVID-010621
NODE08370	signaling_cascade	module20_24_export	Node participates in at least one evidence-gated exported mechanism edge.
NODE08371	signaling_cascade	module20_24_export	Node participates in at least one evidence-gated exported mechanism edge.
NODE08372	signaling_cascade	module20_24_export	Node participates in at least one evidence-gated exported mechanism edge.
NODE08372	target_gene	register_target_gene_layer	edge=M22B-E009589; evidence=M22B-EVID-009762
NODE08373	signaling_cascade	module20_24_export	Node participates in at least one evidence-gated exported mechanism edge.
NODE08373	target_gene	register_target_gene_layer	edge=M22B-E006876; evidence=M22B-EVID-007049 || edge=M22B-E009005; evidence=M22B-EVID-009178
NODE08374	signaling_cascade	module20_24_export	Node participates in at least one evidence-gated exported mechanism edge.
NODE08375	signaling_cascade	module20_24_export	Node participates in at least one evidence-gated exported mechanism edge.
NODE08376	signaling_cascade	module20_24_export	Node participates in at least one evidence-gated exported mechanism edge.
NODE08377	signaling_cascade	module20_24_export	Node participates in at least one evidence-gated exported mechanism edge.
NODE08377	target_gene	register_target_gene_layer	edge=M22B-E009879; evidence=M22B-EVID-010052
NODE08378	signaling_cascade	module20_24_export	Node participates in at least one evidence-gated exported mechanism edge.
NODE08379	signaling_cascade	module20_24_export	Node participates in at least one evidence-gated exported mechanism edge.
NODE08379	target_gene	register_target_gene_layer	edge=M22B-E007877; evidence=M22B-EVID-008050 || edge=M22B-E009316; evidence=M22B-EVID-009489 || edge=M22B-E009792; evidence=M22B-EVID-009965
NODE08380	signaling_cascade	module20_24_export	Node participates in at least one evidence-gated exported mechanism edge.
NODE08381	signaling_cascade	module20_24_export	Node participates in at least one evidence-gated exported mechanism edge.
NODE08382	signaling_cascade	module20_24_export	Node participates in at least one evidence-gated exported mechanism edge.
NODE08383	signaling_cascade	module20_24_export	Node participates in at least one evidence-gated exported mechanism edge.
NODE08383	target_gene	register_target_gene_layer	edge=M22B-E006566; evidence=M22B-EVID-006739 || edge=M22B-E008722; evidence=M22B-EVID-008895 || edge=M22B-E009628; evidence=M22B-EVID-009801
NODE08384	signaling_cascade	module20_24_export	Node participates in at least one evidence-gated exported mechanism edge.
NODE08384	target_gene	register_target_gene_layer	edge=M22B-E009380; evidence=M22B-EVID-009553
NODE08385	signaling_cascade	module20_24_export	Node participates in at least one evidence-gated exported mechanism edge.
NODE08385	target_gene	register_target_gene_layer	edge=M22B-E006877; evidence=M22B-EVID-007050 || edge=M22B-E009006; evidence=M22B-EVID-009179
NODE08386	signaling_cascade	module20_24_export	Node participates in at least one evidence-gated exported mechanism edge.
NODE08387	signaling_cascade	module20_24_export	Node participates in at least one evidence-gated exported mechanism edge.
NODE08387	target_gene	register_target_gene_layer	edge=M22B-E006278; evidence=M22B-EVID-006451 || edge=M22B-E008429; evidence=M22B-EVID-008602
NODE08388	signaling_cascade	module20_24_export	Node participates in at least one evidence-gated exported mechanism edge.
NODE08389	signaling_cascade	module20_24_export	Node participates in at least one evidence-gated exported mechanism edge.
NODE08390	signaling_cascade	module20_24_export	Node participates in at least one evidence-gated exported mechanism edge.
NODE08390	target_gene	register_target_gene_layer	edge=M22B-E009880; evidence=M22B-EVID-010053
NODE08391	signaling_cascade	module20_24_export	Node participates in at least one evidence-gated exported mechanism edge.
NODE08392	signaling_cascade	module20_24_export	Node participates in at least one evidence-gated exported mechanism edge.
NODE08393	signaling_cascade	module20_24_export	Node participates in at least one evidence-gated exported mechanism edge.
NODE08393	target_gene	register_target_gene_layer	edge=M22B-E006878; evidence=M22B-EVID-007051 || edge=M22B-E009007; evidence=M22B-EVID-009180
NODE08394	signaling_cascade	module20_24_export	Node participates in at least one evidence-gated exported mechanism edge.
NODE08395	signaling_cascade	module20_24_export	Node participates in at least one evidence-gated exported mechanism edge.
NODE08396	signaling_cascade	module20_24_export	Node participates in at least one evidence-gated exported mechanism edge.
NODE08397	signaling_cascade	module20_24_export	Node participates in at least one evidence-gated exported mechanism edge.
NODE08398	signaling_cascade	module20_24_export	Node participates in at least one evidence-gated exported mechanism edge.
NODE08399	signaling_cascade	module20_24_export	Node participates in at least one evidence-gated exported mechanism edge.
NODE08400	signaling_cascade	module20_24_export	Node participates in at least one evidence-gated exported mechanism edge.
NODE08400	target_gene	register_target_gene_layer	edge=M22B-E006474; evidence=M22B-EVID-006647 || edge=M22B-E008629; evidence=M22B-EVID-008802
NODE08401	signaling_cascade	module20_24_export	Node participates in at least one evidence-gated exported mechanism edge.
NODE08402	signaling_cascade	module20_24_export	Node participates in at least one evidence-gated exported mechanism edge.
NODE08403	signaling_cascade	module20_24_export	Node participates in at least one evidence-gated exported mechanism edge.
NODE08404	signaling_cascade	module20_24_export	Node participates in at least one evidence-gated exported mechanism edge.
NODE08405	signaling_cascade	module20_24_export	Node participates in at least one evidence-gated exported mechanism edge.
NODE08406	signaling_cascade	module20_24_export	Node participates in at least one evidence-gated exported mechanism edge.
NODE08406	target_gene	register_target_gene_layer	edge=M22B-E007534; evidence=M22B-EVID-007707
NODE08407	signaling_cascade	module20_24_export	Node participates in at least one evidence-gated exported mechanism edge.
NODE08408	signaling_cascade	module20_24_export	Node participates in at least one evidence-gated exported mechanism edge.
NODE08409	signaling_cascade	module20_24_export	Node participates in at least one evidence-gated exported mechanism edge.
NODE08410	signaling_cascade	module20_24_export	Node participates in at least one evidence-gated exported mechanism edge.
NODE08411	signaling_cascade	module20_24_export	Node participates in at least one evidence-gated exported mechanism edge.
NODE08412	signaling_cascade	module20_24_export	Node participates in at least one evidence-gated exported mechanism edge.
NODE08413	signaling_cascade	module20_24_export	Node participates in at least one evidence-gated exported mechanism edge.
NODE08413	target_gene	register_target_gene_layer	edge=M22B-E009778; evidence=M22B-EVID-009951
NODE08414	ligand	register_ligand_receptor_layer	edge=M20B-E004706; evidence=M20B-EVID-004706;M20B-EVID-004706-P2-DIRECT;M20B-EVID-004706-P2-FUNC;M20B-EVID-004706-P2-RELAY
NODE08414	signaling_cascade	module20_24_export	Node participates in at least one evidence-gated exported mechanism edge.
NODE08415	signaling_cascade	module20_24_export	Node participates in at least one evidence-gated exported mechanism edge.
NODE08416	signaling_cascade	module20_24_export	Node participates in at least one evidence-gated exported mechanism edge.
NODE08417	ligand	register_ligand_receptor_layer	edge=M20B-E004721; evidence=M20B-EVID-004721;M20B-EVID-004721-P2-DIRECT;M20B-EVID-004721-P2-FUNC;M20B-EVID-004721-P2-RELAY || edge=M20B-E004723; evidence=M20B-EVID-004723;M20B-EVID-004723-P2-DIRECT;M20B-EVID-004723-P2-FUNC;M20B-EVID-004723-P2-RELAY || edge=M20B-E004724; evidence=M20B-EVID-004724;M20B-EVID-004724-P2-DIRECT;M20B-EVID-004724-P2-FUNC;M20B-EVID-004724-P2-RELAY
NODE08417	signaling_cascade	module20_24_export	Node participates in at least one evidence-gated exported mechanism edge.
NODE08418	signaling_cascade	module20_24_export	Node participates in at least one evidence-gated exported mechanism edge.
NODE08419	signaling_cascade	module20_24_export	Node participates in at least one evidence-gated exported mechanism edge.
NODE08420	signaling_cascade	module20_24_export	Node participates in at least one evidence-gated exported mechanism edge.
NODE08421	signaling_cascade	module20_24_export	Node participates in at least one evidence-gated exported mechanism edge.
NODE08422	signaling_cascade	module20_24_export	Node participates in at least one evidence-gated exported mechanism edge.
NODE08422	target_gene	register_target_gene_layer	edge=M22B-E009685; evidence=M22B-EVID-009858
NODE08423	signaling_cascade	module20_24_export	Node participates in at least one evidence-gated exported mechanism edge.
NODE08424	signaling_cascade	module20_24_export	Node participates in at least one evidence-gated exported mechanism edge.
NODE08425	signaling_cascade	module20_24_export	Node participates in at least one evidence-gated exported mechanism edge.
NODE08426	signaling_cascade	module20_24_export	Node participates in at least one evidence-gated exported mechanism edge.
NODE08427	signaling_cascade	module20_24_export	Node participates in at least one evidence-gated exported mechanism edge.
NODE08428	signaling_cascade	module20_24_export	Node participates in at least one evidence-gated exported mechanism edge.
NODE08428	target_gene	register_target_gene_layer	edge=M22B-E007878; evidence=M22B-EVID-008051 || edge=M22B-E009317; evidence=M22B-EVID-009490
NODE08429	signaling_cascade	module20_24_export	Node participates in at least one evidence-gated exported mechanism edge.
NODE08430	signaling_cascade	module20_24_export	Node participates in at least one evidence-gated exported mechanism edge.
NODE08431	signaling_cascade	module20_24_export	Node participates in at least one evidence-gated exported mechanism edge.
NODE08432	signaling_cascade	module20_24_export	Node participates in at least one evidence-gated exported mechanism edge.
NODE08433	signaling_cascade	module20_24_export	Node participates in at least one evidence-gated exported mechanism edge.
NODE08434	signaling_cascade	module20_24_export	Node participates in at least one evidence-gated exported mechanism edge.
NODE08434	target_gene	register_target_gene_layer	edge=M22B-E007535; evidence=M22B-EVID-007708
NODE08435	signaling_cascade	module20_24_export	Node participates in at least one evidence-gated exported mechanism edge.
NODE08436	signaling_cascade	module20_24_export	Node participates in at least one evidence-gated exported mechanism edge.
NODE08437	signaling_cascade	module20_24_export	Node participates in at least one evidence-gated exported mechanism edge.
NODE08438	signaling_cascade	module20_24_export	Node participates in at least one evidence-gated exported mechanism edge.
NODE08439	receptor	register_ligand_receptor_layer	edge=M20B-E004732; evidence=M20B-EVID-004732;M20B-EVID-004732-P2-DIRECT;M20B-EVID-004732-P2-FUNC;M20B-EVID-004732-P2-RELAY || edge=M20B-E004737; evidence=M20B-EVID-004737;M20B-EVID-004737-P2-DIRECT;M20B-EVID-004737-P2-FUNC;M20B-EVID-004737-P2-RELAY || edge=M20B-E004743; evidence=M20B-EVID-004743;M20B-EVID-004743-P2-DIRECT;M20B-EVID-004743-P2-FUNC;M20B-EVID-004743-P2-RELAY || edge=M20B-E004751; evidence=M20B-EVID-004751;M20B-EVID-004751-P2-DIRECT;M20B-EVID-004751-P2-FUNC;M20B-EVID-004751-P2-RELAY
NODE08439	signaling_cascade	module20_24_export	Node participates in at least one evidence-gated exported mechanism edge.
NODE08440	signaling_cascade	module20_24_export	Node participates in at least one evidence-gated exported mechanism edge.
NODE08441	signaling_cascade	module20_24_export	Node participates in at least one evidence-gated exported mechanism edge.
NODE08441	target_gene	register_target_gene_layer	edge=M22B-E006421; evidence=M22B-EVID-006594 || edge=M22B-E008575; evidence=M22B-EVID-008748
NODE08442	signaling_cascade	module20_24_export	Node participates in at least one evidence-gated exported mechanism edge.
NODE08443	signaling_cascade	module20_24_export	Node participates in at least one evidence-gated exported mechanism edge.
NODE08444	signaling_cascade	module20_24_export	Node participates in at least one evidence-gated exported mechanism edge.
NODE08444	target_gene	register_target_gene_layer	edge=M22B-E007279; evidence=M22B-EVID-007452
NODE08445	receptor	register_ligand_receptor_layer	edge=M20B-E001790; evidence=M20B-EVID-001790 || edge=M20B-E001791; evidence=M20B-EVID-001791;M20B-EVID-005346-P2-RELAY;M20B-EVID-005347-P2-FUNC || edge=M20B-E004932; evidence=M20B-EVID-004932 || edge=M23B-E000868; evidence=M23B-EVID-001168
NODE08445	signaling_cascade	module20_24_export	Node participates in at least one evidence-gated exported mechanism edge.
NODE08445	target_gene	register_target_gene_layer	edge=M22B-E010364; evidence=M22B-EVID-010536
NODE08446	signaling_cascade	module20_24_export	Node participates in at least one evidence-gated exported mechanism edge.
NODE08447	signaling_cascade	module20_24_export	Node participates in at least one evidence-gated exported mechanism edge.
NODE08448	receptor	register_ligand_receptor_layer	edge=M20B-E001792; evidence=M20B-EVID-001792;M20B-EVID-005348-P2-RELAY;M20B-EVID-005349-P2-FUNC;M20B-EVID-PROMO-20260826-001 || edge=M20B-E004924; evidence=M20B-EVID-004924 || edge=M20B-E004933; evidence=M20B-EVID-004933 || edge=M23B-E000865; evidence=M23B-EVID-001165
NODE08448	signaling_cascade	module20_24_export	Node participates in at least one evidence-gated exported mechanism edge.
NODE08448	target_gene	register_target_gene_layer	edge=M22B-E010423; evidence=M22B-EVID-010595 || edge=M22B-E010424; evidence=M22B-EVID-010595
NODE08449	signaling_cascade	module20_24_export	Node participates in at least one evidence-gated exported mechanism edge.
NODE08450	receptor	register_ligand_receptor_layer	edge=M20B-E004294; evidence=M20B-EVID-004294;M20B-EVID-004294-P2-DIRECT;M20B-EVID-004294-P2-FUNC;M20B-EVID-004294-P2-RELAY || edge=M20B-E004298; evidence=M20B-EVID-004298;M20B-EVID-004298-P2-DIRECT;M20B-EVID-004298-P2-FUNC;M20B-EVID-004298-P2-RELAY
NODE08450	signaling_cascade	module20_24_export	Node participates in at least one evidence-gated exported mechanism edge.
NODE08450	target_gene	register_target_gene_layer	edge=M22B-E010365; evidence=M22B-EVID-010537
NODE08451	signaling_cascade	module20_24_export	Node participates in at least one evidence-gated exported mechanism edge.
NODE08452	receptor	register_ligand_receptor_layer	edge=M20B-E002581; evidence=M20B-EVID-002581 || edge=M20B-E004934; evidence=M20B-EVID-004934
NODE08452	signaling_cascade	module20_24_export	Node participates in at least one evidence-gated exported mechanism edge.
NODE08453	signaling_cascade	module20_24_export	Node participates in at least one evidence-gated exported mechanism edge.
NODE08454	signaling_cascade	module20_24_export	Node participates in at least one evidence-gated exported mechanism edge.
NODE08455	receptor	register_ligand_receptor_layer	edge=M23B-E000484; evidence=M23B-EVID-000664
NODE08455	signaling_cascade	module20_24_export	Node participates in at least one evidence-gated exported mechanism edge.
NODE08456	signaling_cascade	module20_24_export	Node participates in at least one evidence-gated exported mechanism edge.
NODE08457	signaling_cascade	module20_24_export	Node participates in at least one evidence-gated exported mechanism edge.
NODE08458	receptor	register_ligand_receptor_layer	edge=M20B-E005277; evidence=M20B-EVID-005277;M20B-EVID-005342-P2-RELAY;M20B-EVID-005343-P2-FUNC
NODE08458	signaling_cascade	module20_24_export	Node participates in at least one evidence-gated exported mechanism edge.
NODE08458	target_gene	register_target_gene_layer	edge=M22B-E010659; evidence=M22B-EVID-010754
NODE08459	receptor	register_ligand_receptor_layer	edge=M20B-E003182; evidence=M20B-EVID-003182 || edge=M20B-E005258; evidence=M20B-EVID-005258 || edge=M20B-E005260; evidence=M20B-EVID-005260
NODE08459	signaling_cascade	module20_24_export	Node participates in at least one evidence-gated exported mechanism edge.
NODE08459	target_gene	register_target_gene_layer	edge=M22B-E010662; evidence=M22B-EVID-010756
NODE08460	signaling_cascade	module20_24_export	Node participates in at least one evidence-gated exported mechanism edge.
NODE08461	signaling_cascade	module20_24_export	Node participates in at least one evidence-gated exported mechanism edge.
NODE08462	signaling_cascade	module20_24_export	Node participates in at least one evidence-gated exported mechanism edge.
NODE08463	receptor	register_ligand_receptor_layer	edge=M20B-E002295; evidence=M20B-EVID-002295
NODE08463	signaling_cascade	module20_24_export	Node participates in at least one evidence-gated exported mechanism edge.
NODE08463	target_gene	register_target_gene_layer	edge=M22B-E006422; evidence=M22B-EVID-006595 || edge=M22B-E007280; evidence=M22B-EVID-007453 || edge=M22B-E008576; evidence=M22B-EVID-008749
NODE08463	transcription_factor	register_target_gene_layer	edge=M22B-E009927; evidence=M22B-EVID-010100 || edge=M22B-E009928; evidence=M22B-EVID-010101 || edge=M22B-E009930; evidence=M22B-EVID-010103 || edge=M22B-E009986; evidence=M22B-EVID-010159 || edge=M22B-E009987; evidence=M22B-EVID-010160 || edge=M22B-E009988; evidence=M22B-EVID-010161 || edge=M22B-E009989; evidence=M22B-EVID-010162 || edge=M22B-E009990; evidence=M22B-EVID-010163 || edge=M22B-E009991; evidence=M22B-EVID-010164 || edge=M22B-E010016; evidence=M22B-EVID-010189 || edge=M22B-E010017; evidence=M22B-EVID-010190 || edge=M22B-E010018; evidence=M22B-EVID-010191 || edge=M22B-E010019; evidence=M22B-EVID-010192 || edge=M22B-E010020; evidence=M22B-EVID-010193 || edge=M22B-E010021; evidence=M22B-EVID-010194 || edge=M22B-E010229; evidence=M22B-EVID-010402
NODE08464	signaling_cascade	module20_24_export	Node participates in at least one evidence-gated exported mechanism edge.
NODE08464	transcription_factor	register_target_gene_layer	edge=M22B-E010006; evidence=M22B-EVID-010179 || edge=M22B-E010007; evidence=M22B-EVID-010180
NODE08465	signaling_cascade	module20_24_export	Node participates in at least one evidence-gated exported mechanism edge.
NODE08465	target_gene	register_target_gene_layer	edge=M22B-E007017; evidence=M22B-EVID-007190 || edge=M22B-E009918; evidence=M22B-EVID-010091 || edge=M22B-E010021; evidence=M22B-EVID-010194
NODE08465	transcription_factor	register_target_gene_layer	edge=M22B-E009916; evidence=M22B-EVID-010089 || edge=M22B-E009929; evidence=M22B-EVID-010102 || edge=M22B-E009931; evidence=M22B-EVID-010104
NODE08466	signaling_cascade	module20_24_export	Node participates in at least one evidence-gated exported mechanism edge.
NODE08467	signaling_cascade	module20_24_export	Node participates in at least one evidence-gated exported mechanism edge.
NODE08468	signaling_cascade	module20_24_export	Node participates in at least one evidence-gated exported mechanism edge.
NODE08469	signaling_cascade	module20_24_export	Node participates in at least one evidence-gated exported mechanism edge.
NODE08470	signaling_cascade	module20_24_export	Node participates in at least one evidence-gated exported mechanism edge.
NODE08471	signaling_cascade	module20_24_export	Node participates in at least one evidence-gated exported mechanism edge.
NODE08472	signaling_cascade	module20_24_export	Node participates in at least one evidence-gated exported mechanism edge.
NODE08473	signaling_cascade	module20_24_export	Node participates in at least one evidence-gated exported mechanism edge.
NODE08474	signaling_cascade	module20_24_export	Node participates in at least one evidence-gated exported mechanism edge.
NODE08475	signaling_cascade	module20_24_export	Node participates in at least one evidence-gated exported mechanism edge.
NODE08476	signaling_cascade	module20_24_export	Node participates in at least one evidence-gated exported mechanism edge.
NODE08476	target_gene	register_target_gene_layer	edge=M22B-E006879; evidence=M22B-EVID-007052 || edge=M22B-E009008; evidence=M22B-EVID-009181
NODE08477	signaling_cascade	module20_24_export	Node participates in at least one evidence-gated exported mechanism edge.
NODE08477	target_gene	register_target_gene_layer	edge=M22B-E006880; evidence=M22B-EVID-007053 || edge=M22B-E009009; evidence=M22B-EVID-009182
NODE08478	signaling_cascade	module20_24_export	Node participates in at least one evidence-gated exported mechanism edge.
NODE08478	target_gene	register_target_gene_layer	edge=M22B-E006881; evidence=M22B-EVID-007054 || edge=M22B-E009010; evidence=M22B-EVID-009183
NODE08479	signaling_cascade	module20_24_export	Node participates in at least one evidence-gated exported mechanism edge.
NODE08479	target_gene	register_target_gene_layer	edge=M22B-E006882; evidence=M22B-EVID-007055 || edge=M22B-E009011; evidence=M22B-EVID-009184
NODE08480	signaling_cascade	module20_24_export	Node participates in at least one evidence-gated exported mechanism edge.
NODE08480	target_gene	register_target_gene_layer	edge=M22B-E006883; evidence=M22B-EVID-007056 || edge=M22B-E009012; evidence=M22B-EVID-009185
NODE08481	signaling_cascade	module20_24_export	Node participates in at least one evidence-gated exported mechanism edge.
NODE08481	target_gene	register_target_gene_layer	edge=M22B-E006884; evidence=M22B-EVID-007057 || edge=M22B-E009013; evidence=M22B-EVID-009186
NODE08482	signaling_cascade	module20_24_export	Node participates in at least one evidence-gated exported mechanism edge.
NODE08482	target_gene	register_target_gene_layer	edge=M22B-E006885; evidence=M22B-EVID-007058 || edge=M22B-E009014; evidence=M22B-EVID-009187
NODE08483	signaling_cascade	module20_24_export	Node participates in at least one evidence-gated exported mechanism edge.
NODE08483	target_gene	register_target_gene_layer	edge=M22B-E006886; evidence=M22B-EVID-007059 || edge=M22B-E009015; evidence=M22B-EVID-009188
NODE08484	signaling_cascade	module20_24_export	Node participates in at least one evidence-gated exported mechanism edge.
NODE08484	target_gene	register_target_gene_layer	edge=M22B-E006887; evidence=M22B-EVID-007060 || edge=M22B-E009016; evidence=M22B-EVID-009189
NODE08485	signaling_cascade	module20_24_export	Node participates in at least one evidence-gated exported mechanism edge.
NODE08485	target_gene	register_target_gene_layer	edge=M22B-E006888; evidence=M22B-EVID-007061 || edge=M22B-E009017; evidence=M22B-EVID-009190
NODE08486	signaling_cascade	module20_24_export	Node participates in at least one evidence-gated exported mechanism edge.
NODE08486	target_gene	register_target_gene_layer	edge=M22B-E006889; evidence=M22B-EVID-007062 || edge=M22B-E009018; evidence=M22B-EVID-009191
NODE08487	signaling_cascade	module20_24_export	Node participates in at least one evidence-gated exported mechanism edge.
NODE08488	signaling_cascade	module20_24_export	Node participates in at least one evidence-gated exported mechanism edge.
NODE08488	target_gene	register_target_gene_layer	edge=M22B-E006890; evidence=M22B-EVID-007063 || edge=M22B-E009019; evidence=M22B-EVID-009192
NODE08489	signaling_cascade	module20_24_export	Node participates in at least one evidence-gated exported mechanism edge.
NODE08489	target_gene	register_target_gene_layer	edge=M22B-E006891; evidence=M22B-EVID-007064 || edge=M22B-E009020; evidence=M22B-EVID-009193
NODE08490	signaling_cascade	module20_24_export	Node participates in at least one evidence-gated exported mechanism edge.
NODE08490	target_gene	register_target_gene_layer	edge=M22B-E006892; evidence=M22B-EVID-007065 || edge=M22B-E009021; evidence=M22B-EVID-009194
NODE08491	ligand	register_ligand_receptor_layer	edge=M20B-E004727; evidence=M20B-EVID-004727;M20B-EVID-004727-P2-DIRECT;M20B-EVID-004727-P2-FUNC;M20B-EVID-004727-P2-RELAY
NODE08491	signaling_cascade	module20_24_export	Node participates in at least one evidence-gated exported mechanism edge.
NODE08491	target_gene	register_target_gene_layer	edge=M22B-E006893; evidence=M22B-EVID-007066 || edge=M22B-E007879; evidence=M22B-EVID-008052 || edge=M22B-E009022; evidence=M22B-EVID-009195 || edge=M22B-E009318; evidence=M22B-EVID-009491
NODE08492	signaling_cascade	module20_24_export	Node participates in at least one evidence-gated exported mechanism edge.
NODE08492	target_gene	register_target_gene_layer	edge=M22B-E006894; evidence=M22B-EVID-007067 || edge=M22B-E009023; evidence=M22B-EVID-009196
NODE08493	signaling_cascade	module20_24_export	Node participates in at least one evidence-gated exported mechanism edge.
NODE08493	target_gene	register_target_gene_layer	edge=M22B-E007536; evidence=M22B-EVID-007709
NODE08494	signaling_cascade	module20_24_export	Node participates in at least one evidence-gated exported mechanism edge.
NODE08494	target_gene	register_target_gene_layer	edge=M22B-E009319; evidence=M22B-EVID-009492
NODE08495	signaling_cascade	module20_24_export	Node participates in at least one evidence-gated exported mechanism edge.
NODE08495	target_gene	register_target_gene_layer	edge=M22B-E007880; evidence=M22B-EVID-008053 || edge=M22B-E009320; evidence=M22B-EVID-009493
NODE08496	signaling_cascade	module20_24_export	Node participates in at least one evidence-gated exported mechanism edge.
NODE08496	target_gene	register_target_gene_layer	edge=M22B-E007281; evidence=M22B-EVID-007454
NODE08497	signaling_cascade	module20_24_export	Node participates in at least one evidence-gated exported mechanism edge.
NODE08497	target_gene	register_target_gene_layer	edge=M22B-E006895; evidence=M22B-EVID-007068 || edge=M22B-E009024; evidence=M22B-EVID-009197
NODE08498	signaling_cascade	module20_24_export	Node participates in at least one evidence-gated exported mechanism edge.
NODE08499	signaling_cascade	module20_24_export	Node participates in at least one evidence-gated exported mechanism edge.
NODE08500	signaling_cascade	module20_24_export	Node participates in at least one evidence-gated exported mechanism edge.
NODE08501	signaling_cascade	module20_24_export	Node participates in at least one evidence-gated exported mechanism edge.
NODE08501	target_gene	register_target_gene_layer	edge=M22B-E006896; evidence=M22B-EVID-007069 || edge=M22B-E009025; evidence=M22B-EVID-009198
NODE08502	signaling_cascade	module20_24_export	Node participates in at least one evidence-gated exported mechanism edge.
NODE08503	signaling_cascade	module20_24_export	Node participates in at least one evidence-gated exported mechanism edge.
NODE08504	signaling_cascade	module20_24_export	Node participates in at least one evidence-gated exported mechanism edge.
NODE08505	signaling_cascade	module20_24_export	Node participates in at least one evidence-gated exported mechanism edge.
NODE08506	signaling_cascade	module20_24_export	Node participates in at least one evidence-gated exported mechanism edge.
NODE08507	signaling_cascade	module20_24_export	Node participates in at least one evidence-gated exported mechanism edge.
NODE08508	signaling_cascade	module20_24_export	Node participates in at least one evidence-gated exported mechanism edge.
NODE08509	signaling_cascade	module20_24_export	Node participates in at least one evidence-gated exported mechanism edge.
NODE08510	signaling_cascade	module20_24_export	Node participates in at least one evidence-gated exported mechanism edge.
NODE08511	signaling_cascade	module20_24_export	Node participates in at least one evidence-gated exported mechanism edge.
NODE08512	signaling_cascade	module20_24_export	Node participates in at least one evidence-gated exported mechanism edge.
NODE08513	signaling_cascade	module20_24_export	Node participates in at least one evidence-gated exported mechanism edge.
NODE08514	signaling_cascade	module20_24_export	Node participates in at least one evidence-gated exported mechanism edge.
NODE08515	signaling_cascade	module20_24_export	Node participates in at least one evidence-gated exported mechanism edge.
NODE08515	target_gene	register_target_gene_layer	edge=M22B-E007881; evidence=M22B-EVID-008054 || edge=M22B-E009321; evidence=M22B-EVID-009494
NODE08516	signaling_cascade	module20_24_export	Node participates in at least one evidence-gated exported mechanism edge.
NODE08516	target_gene	register_target_gene_layer	edge=M22B-E007882; evidence=M22B-EVID-008055 || edge=M22B-E009322; evidence=M22B-EVID-009495
NODE08517	signaling_cascade	module20_24_export	Node participates in at least one evidence-gated exported mechanism edge.
NODE08518	signaling_cascade	module20_24_export	Node participates in at least one evidence-gated exported mechanism edge.
NODE08519	ligand	register_ligand_receptor_layer	edge=M20B-E004728; evidence=M20B-EVID-004728;M20B-EVID-004728-P2-DIRECT;M20B-EVID-004728-P2-FUNC;M20B-EVID-004728-P2-RELAY || edge=M20B-E004729; evidence=M20B-EVID-004729;M20B-EVID-004729-P2-DIRECT;M20B-EVID-004729-P2-FUNC;M20B-EVID-004729-P2-RELAY || edge=M20B-E004730; evidence=M20B-EVID-004730;M20B-EVID-004730-P2-DIRECT;M20B-EVID-004730-P2-FUNC;M20B-EVID-004730-P2-RELAY || edge=M20B-E004731; evidence=M20B-EVID-004731;M20B-EVID-004731-P2-DIRECT;M20B-EVID-004731-P2-FUNC;M20B-EVID-004731-P2-RELAY || edge=M20B-E004732; evidence=M20B-EVID-004732;M20B-EVID-004732-P2-DIRECT;M20B-EVID-004732-P2-FUNC;M20B-EVID-004732-P2-RELAY || edge=M20B-E004733; evidence=M20B-EVID-004733;M20B-EVID-004733-P2-DIRECT;M20B-EVID-004733-P2-FUNC;M20B-EVID-004733-P2-RELAY
NODE08519	signaling_cascade	module20_24_export	Node participates in at least one evidence-gated exported mechanism edge.
NODE08520	signaling_cascade	module20_24_export	Node participates in at least one evidence-gated exported mechanism edge.
NODE08521	signaling_cascade	module20_24_export	Node participates in at least one evidence-gated exported mechanism edge.
NODE08522	signaling_cascade	module20_24_export	Node participates in at least one evidence-gated exported mechanism edge.
NODE08523	signaling_cascade	module20_24_export	Node participates in at least one evidence-gated exported mechanism edge.
NODE08524	ligand	register_ligand_receptor_layer	edge=M20B-E004734; evidence=M20B-EVID-004734;M20B-EVID-004734-P2-DIRECT;M20B-EVID-004734-P2-FUNC;M20B-EVID-004734-P2-RELAY || edge=M20B-E004735; evidence=M20B-EVID-004735;M20B-EVID-004735-P2-DIRECT;M20B-EVID-004735-P2-FUNC;M20B-EVID-004735-P2-RELAY || edge=M20B-E004736; evidence=M20B-EVID-004736;M20B-EVID-004736-P2-DIRECT;M20B-EVID-004736-P2-FUNC;M20B-EVID-004736-P2-RELAY || edge=M20B-E004737; evidence=M20B-EVID-004737;M20B-EVID-004737-P2-DIRECT;M20B-EVID-004737-P2-FUNC;M20B-EVID-004737-P2-RELAY || edge=M20B-E004738; evidence=M20B-EVID-004738;M20B-EVID-004738-P2-DIRECT;M20B-EVID-004738-P2-FUNC;M20B-EVID-004738-P2-RELAY
NODE08524	signaling_cascade	module20_24_export	Node participates in at least one evidence-gated exported mechanism edge.
NODE08525	signaling_cascade	module20_24_export	Node participates in at least one evidence-gated exported mechanism edge.
NODE08526	ligand	register_ligand_receptor_layer	edge=M20B-E004739; evidence=M20B-EVID-004739;M20B-EVID-004739-P2-DIRECT;M20B-EVID-004739-P2-FUNC;M20B-EVID-004739-P2-RELAY || edge=M20B-E004740; evidence=M20B-EVID-004740;M20B-EVID-004740-P2-DIRECT;M20B-EVID-004740-P2-FUNC;M20B-EVID-004740-P2-RELAY || edge=M20B-E004741; evidence=M20B-EVID-004741;M20B-EVID-004741-P2-DIRECT;M20B-EVID-004741-P2-FUNC;M20B-EVID-004741-P2-RELAY || edge=M20B-E004743; evidence=M20B-EVID-004743;M20B-EVID-004743-P2-DIRECT;M20B-EVID-004743-P2-FUNC;M20B-EVID-004743-P2-RELAY || edge=M20B-E004744; evidence=M20B-EVID-004744;M20B-EVID-004744-P2-DIRECT;M20B-EVID-004744-P2-FUNC;M20B-EVID-004744-P2-RELAY || edge=M20B-E004745; evidence=M20B-EVID-004745;M20B-EVID-004745-P2-DIRECT;M20B-EVID-004745-P2-FUNC;M20B-EVID-004745-P2-RELAY
NODE08526	signaling_cascade	module20_24_export	Node participates in at least one evidence-gated exported mechanism edge.
NODE08527	signaling_cascade	module20_24_export	Node participates in at least one evidence-gated exported mechanism edge.
NODE08528	signaling_cascade	module20_24_export	Node participates in at least one evidence-gated exported mechanism edge.
NODE08529	signaling_cascade	module20_24_export	Node participates in at least one evidence-gated exported mechanism edge.
NODE08530	ligand	register_ligand_receptor_layer	edge=M20B-E004750; evidence=M20B-EVID-004750;M20B-EVID-004750-P2-DIRECT;M20B-EVID-004750-P2-FUNC;M20B-EVID-004750-P2-RELAY || edge=M20B-E004751; evidence=M20B-EVID-004751;M20B-EVID-004751-P2-DIRECT;M20B-EVID-004751-P2-FUNC;M20B-EVID-004751-P2-RELAY || edge=M20B-E004752; evidence=M20B-EVID-004752;M20B-EVID-004752-P2-DIRECT;M20B-EVID-004752-P2-FUNC;M20B-EVID-004752-P2-RELAY
NODE08530	signaling_cascade	module20_24_export	Node participates in at least one evidence-gated exported mechanism edge.
NODE08531	signaling_cascade	module20_24_export	Node participates in at least one evidence-gated exported mechanism edge.
NODE08532	signaling_cascade	module20_24_export	Node participates in at least one evidence-gated exported mechanism edge.
NODE08533	signaling_cascade	module20_24_export	Node participates in at least one evidence-gated exported mechanism edge.
NODE08534	ligand	register_ligand_receptor_layer	edge=M20B-E004756; evidence=M20B-EVID-004756;M20B-EVID-004756-P2-FUNC;M20B-EVID-004756-P2-RELAY || edge=M20B-E004757; evidence=M20B-EVID-004757;M20B-EVID-004757-P2-DIRECT;M20B-EVID-004757-P2-FUNC;M20B-EVID-004757-P2-RELAY || edge=M20B-E004759; evidence=M20B-EVID-004759;M20B-EVID-004759-P2-DIRECT;M20B-EVID-004759-P2-FUNC;M20B-EVID-004759-P2-RELAY
NODE08534	signaling_cascade	module20_24_export	Node participates in at least one evidence-gated exported mechanism edge.
NODE08534	target_gene	register_target_gene_layer	edge=M22B-E006210; evidence=M22B-EVID-006383 || edge=M22B-E008358; evidence=M22B-EVID-008531
NODE08535	signaling_cascade	module20_24_export	Node participates in at least one evidence-gated exported mechanism edge.
NODE08536	signaling_cascade	module20_24_export	Node participates in at least one evidence-gated exported mechanism edge.
NODE08537	signaling_cascade	module20_24_export	Node participates in at least one evidence-gated exported mechanism edge.
NODE08538	receptor	register_ligand_receptor_layer	edge=M20B-E004136; evidence=M20B-EVID-004136;M20B-EVID-004136-P2-DIRECT;M20B-EVID-004136-P2-FUNC;M20B-EVID-004136-P2-RELAY || edge=M20B-E004757; evidence=M20B-EVID-004757;M20B-EVID-004757-P2-DIRECT;M20B-EVID-004757-P2-FUNC;M20B-EVID-004757-P2-RELAY
NODE08538	signaling_cascade	module20_24_export	Node participates in at least one evidence-gated exported mechanism edge.
NODE08539	signaling_cascade	module20_24_export	Node participates in at least one evidence-gated exported mechanism edge.
NODE08540	ligand	register_ligand_receptor_layer	edge=M23B-E000844; evidence=M23B-EVID-001139
NODE08540	signaling_cascade	module20_24_export	Node participates in at least one evidence-gated exported mechanism edge.
NODE08541	signaling_cascade	module20_24_export	Node participates in at least one evidence-gated exported mechanism edge.
NODE08542	signaling_cascade	module20_24_export	Node participates in at least one evidence-gated exported mechanism edge.
NODE08543	signaling_cascade	module20_24_export	Node participates in at least one evidence-gated exported mechanism edge.
NODE08544	signaling_cascade	module20_24_export	Node participates in at least one evidence-gated exported mechanism edge.
NODE08545	signaling_cascade	module20_24_export	Node participates in at least one evidence-gated exported mechanism edge.
NODE08546	signaling_cascade	module20_24_export	Node participates in at least one evidence-gated exported mechanism edge.
NODE08547	signaling_cascade	module20_24_export	Node participates in at least one evidence-gated exported mechanism edge.
NODE08547	target_gene	register_target_gene_layer	edge=M22B-E006423; evidence=M22B-EVID-006596
NODE08547	transcription_factor	register_target_gene_layer	edge=M22B-E005754; evidence=M22B-EVID-005927 || edge=M22B-E006986; evidence=M22B-EVID-007159 || edge=M22B-E006987; evidence=M22B-EVID-007160 || edge=M22B-E006988; evidence=M22B-EVID-007161 || edge=M22B-E006989; evidence=M22B-EVID-007162 || edge=M22B-E006990; evidence=M22B-EVID-007163 || edge=M22B-E006991; evidence=M22B-EVID-007164 || edge=M22B-E006992; evidence=M22B-EVID-007165 || edge=M22B-E006993; evidence=M22B-EVID-007166 || edge=M22B-E006994; evidence=M22B-EVID-007167 || edge=M22B-E006995; evidence=M22B-EVID-007168 || edge=M22B-E006996; evidence=M22B-EVID-007169 || edge=M22B-E006997; evidence=M22B-EVID-007170 || edge=M22B-E006998; evidence=M22B-EVID-007171 || edge=M22B-E006999; evidence=M22B-EVID-007172 || edge=M22B-E007000; evidence=M22B-EVID-007173 || edge=M22B-E007001; evidence=M22B-EVID-007174 || edge=M22B-E007002; evidence=M22B-EVID-007175 || edge=M22B-E007003; evidence=M22B-EVID-007176 || edge=M22B-E007004; evidence=M22B-EVID-007177 || edge=M22B-E007005; evidence=M22B-EVID-007178 || edge=M22B-E007006; evidence=M22B-EVID-007179 || edge=M22B-E007007; evidence=M22B-EVID-007180 || edge=M22B-E007008; evidence=M22B-EVID-007181 || edge=M22B-E007009; evidence=M22B-EVID-007182 || edge=M22B-E007010; evidence=M22B-EVID-007183 || edge=M22B-E007011; evidence=M22B-EVID-007184 || edge=M22B-E007012; evidence=M22B-EVID-007185 || edge=M22B-E007013; evidence=M22B-EVID-007186 || edge=M22B-E007014; evidence=M22B-EVID-007187 || edge=M22B-E007015; evidence=M22B-EVID-007188 || edge=M22B-E007016; evidence=M22B-EVID-007189 || edge=M22B-E007017; evidence=M22B-EVID-007190 || edge=M22B-E007018; evidence=M22B-EVID-007191 || edge=M22B-E007019; evidence=M22B-EVID-007192 || edge=M22B-E007020; evidence=M22B-EVID-007193 || edge=M22B-E007021; evidence=M22B-EVID-007194 || edge=M22B-E007022; evidence=M22B-EVID-007195 || edge=M22B-E007023; evidence=M22B-EVID-007196 || edge=M22B-E009510; evidence=M22B-EVID-009683 || edge=M22B-E009511; evidence=M22B-EVID-009684 || edge=M22B-E009512; evidence=M22B-EVID-009685 || edge=M22B-E009513; evidence=M22B-EVID-009686 || edge=M22B-E009514; evidence=M22B-EVID-009687 || edge=M22B-E009515; evidence=M22B-EVID-009688 || edge=M22B-E009516; evidence=M22B-EVID-009689 || edge=M22B-E009517; evidence=M22B-EVID-009690 || edge=M22B-E009518; evidence=M22B-EVID-009691 || edge=M22B-E009519; evidence=M22B-EVID-009692 || edge=M22B-E009800; evidence=M22B-EVID-009973 || edge=M22B-E009801; evidence=M22B-EVID-009974 || edge=M22B-E009802; evidence=M22B-EVID-009975 || edge=M22B-E009803; evidence=M22B-EVID-009976 || edge=M22B-E009804; evidence=M22B-EVID-009977 || edge=M22B-E009805; evidence=M22B-EVID-009978 || edge=M22B-E009806; evidence=M22B-EVID-009979 || edge=M22B-E009807; evidence=M22B-EVID-009980 || edge=M22B-E009808; evidence=M22B-EVID-009981 || edge=M22B-E010179; evidence=M22B-EVID-010352
NODE08548	signaling_cascade	module20_24_export	Node participates in at least one evidence-gated exported mechanism edge.
NODE08549	signaling_cascade	module20_24_export	Node participates in at least one evidence-gated exported mechanism edge.
NODE08549	target_gene	register_target_gene_layer	edge=M22B-E006211; evidence=M22B-EVID-006384 || edge=M22B-E006567; evidence=M22B-EVID-006740 || edge=M22B-E007018; evidence=M22B-EVID-007191 || edge=M22B-E008359; evidence=M22B-EVID-008532 || edge=M22B-E008723; evidence=M22B-EVID-008896 || edge=M22B-E009641; evidence=M22B-EVID-009814 || edge=M22B-E009686; evidence=M22B-EVID-009859 || edge=M22B-E009881; evidence=M22B-EVID-010054
NODE08549	transcription_factor	register_target_gene_layer	edge=M22B-E009940; evidence=M22B-EVID-010113 || edge=M22B-E010100; evidence=M22B-EVID-010273 || edge=M22B-E010101; evidence=M22B-EVID-010274 || edge=M22B-E010268; evidence=M22B-EVID-010441
NODE08550	signaling_cascade	module20_24_export	Node participates in at least one evidence-gated exported mechanism edge.
NODE08550	target_gene	register_target_gene_layer	edge=M22B-E009712; evidence=M22B-EVID-009885
NODE08550	transcription_factor	register_target_gene_layer	edge=M22B-E010176; evidence=M22B-EVID-010349 || edge=M22B-E010304; evidence=M22B-EVID-010476 || edge=M22B-E010305; evidence=M22B-EVID-010477 || edge=M22B-E010410; evidence=M22B-EVID-010582
NODE08551	ligand	register_ligand_receptor_layer	edge=M24B-E000069; evidence=M24B-EVID-000105
NODE08551	signaling_cascade	module20_24_export	Node participates in at least one evidence-gated exported mechanism edge.
NODE08552	signaling_cascade	module20_24_export	Node participates in at least one evidence-gated exported mechanism edge.
NODE08553	signaling_cascade	module20_24_export	Node participates in at least one evidence-gated exported mechanism edge.
NODE08554	receptor	register_ligand_receptor_layer	edge=M20B-E004706; evidence=M20B-EVID-004706;M20B-EVID-004706-P2-DIRECT;M20B-EVID-004706-P2-FUNC;M20B-EVID-004706-P2-RELAY || edge=M20B-E004721; evidence=M20B-EVID-004721;M20B-EVID-004721-P2-DIRECT;M20B-EVID-004721-P2-FUNC;M20B-EVID-004721-P2-RELAY
NODE08554	signaling_cascade	module20_24_export	Node participates in at least one evidence-gated exported mechanism edge.
NODE08555	signaling_cascade	module20_24_export	Node participates in at least one evidence-gated exported mechanism edge.
NODE08556	signaling_cascade	module20_24_export	Node participates in at least one evidence-gated exported mechanism edge.
NODE08557	receptor	register_ligand_receptor_layer	edge=M20B-E004025; evidence=M20B-EVID-004025;M20B-EVID-004025-P2-DIRECT;M20B-EVID-004025-P2-FUNC;M20B-EVID-004025-P2-RELAY
NODE08557	signaling_cascade	module20_24_export	Node participates in at least one evidence-gated exported mechanism edge.
NODE08558	signaling_cascade	module20_24_export	Node participates in at least one evidence-gated exported mechanism edge.
NODE08559	receptor	register_ligand_receptor_layer	edge=M20B-E004035; evidence=M20B-EVID-004035;M20B-EVID-004035-P2-DIRECT;M20B-EVID-004035-P2-FUNC;M20B-EVID-004035-P2-RELAY || edge=M20B-E004723; evidence=M20B-EVID-004723;M20B-EVID-004723-P2-DIRECT;M20B-EVID-004723-P2-FUNC;M20B-EVID-004723-P2-RELAY
NODE08559	signaling_cascade	module20_24_export	Node participates in at least one evidence-gated exported mechanism edge.
NODE08560	signaling_cascade	module20_24_export	Node participates in at least one evidence-gated exported mechanism edge.
NODE08561	receptor	register_ligand_receptor_layer	edge=M20B-E004036; evidence=M20B-EVID-004036;M20B-EVID-004036-P2-DIRECT;M20B-EVID-004036-P2-FUNC;M20B-EVID-004036-P2-RELAY || edge=M20B-E004724; evidence=M20B-EVID-004724;M20B-EVID-004724-P2-DIRECT;M20B-EVID-004724-P2-FUNC;M20B-EVID-004724-P2-RELAY || edge=M23B-E000190; evidence=M23B-EVID-000273
NODE08561	signaling_cascade	module20_24_export	Node participates in at least one evidence-gated exported mechanism edge.
NODE08562	signaling_cascade	module20_24_export	Node participates in at least one evidence-gated exported mechanism edge.
NODE08563	signaling_cascade	module20_24_export	Node participates in at least one evidence-gated exported mechanism edge.
NODE08564	signaling_cascade	module20_24_export	Node participates in at least one evidence-gated exported mechanism edge.
NODE08564	transcription_factor	register_target_gene_layer	edge=M22B-E010155; evidence=M22B-EVID-010328 || edge=M22B-E010160; evidence=M22B-EVID-010333
NODE08565	signaling_cascade	module20_24_export	Node participates in at least one evidence-gated exported mechanism edge.
NODE08566	signaling_cascade	module20_24_export	Node participates in at least one evidence-gated exported mechanism edge.
NODE08567	receptor	register_ligand_receptor_layer	edge=M20B-E005261; evidence=M20B-EVID-005261
NODE08567	signaling_cascade	module20_24_export	Node participates in at least one evidence-gated exported mechanism edge.
NODE08568	signaling_cascade	module20_24_export	Node participates in at least one evidence-gated exported mechanism edge.
NODE08569	signaling_cascade	module20_24_export	Node participates in at least one evidence-gated exported mechanism edge.
NODE08570	signaling_cascade	module20_24_export	Node participates in at least one evidence-gated exported mechanism edge.
NODE08571	signaling_cascade	module20_24_export	Node participates in at least one evidence-gated exported mechanism edge.
NODE08572	signaling_cascade	module20_24_export	Node participates in at least one evidence-gated exported mechanism edge.
NODE08573	ligand	register_ligand_receptor_layer	edge=M20B-E004764; evidence=M20B-EVID-004764;M20B-EVID-004764-P2-FUNC;M20B-EVID-004764-P2-RELAY
NODE08573	signaling_cascade	module20_24_export	Node participates in at least one evidence-gated exported mechanism edge.
NODE08574	signaling_cascade	module20_24_export	Node participates in at least one evidence-gated exported mechanism edge.
NODE08575	signaling_cascade	module20_24_export	Node participates in at least one evidence-gated exported mechanism edge.
NODE08576	signaling_cascade	module20_24_export	Node participates in at least one evidence-gated exported mechanism edge.
NODE08577	signaling_cascade	module20_24_export	Node participates in at least one evidence-gated exported mechanism edge.
NODE08578	signaling_cascade	module20_24_export	Node participates in at least one evidence-gated exported mechanism edge.
NODE08578	target_gene	register_target_gene_layer	edge=M22B-E007537; evidence=M22B-EVID-007710
NODE08579	signaling_cascade	module20_24_export	Node participates in at least one evidence-gated exported mechanism edge.
NODE08580	signaling_cascade	module20_24_export	Node participates in at least one evidence-gated exported mechanism edge.
NODE08581	signaling_cascade	module20_24_export	Node participates in at least one evidence-gated exported mechanism edge.
NODE08582	signaling_cascade	module20_24_export	Node participates in at least one evidence-gated exported mechanism edge.
NODE08582	target_gene	register_target_gene_layer	edge=M22B-E007883; evidence=M22B-EVID-008056
NODE08583	ligand	register_ligand_receptor_layer	edge=M20B-E004772; evidence=M20B-EVID-004772;M20B-EVID-004772-P2-DIRECT;M20B-EVID-004772-P2-FUNC;M20B-EVID-004772-P2-RELAY
NODE08583	signaling_cascade	module20_24_export	Node participates in at least one evidence-gated exported mechanism edge.
NODE08584	signaling_cascade	module20_24_export	Node participates in at least one evidence-gated exported mechanism edge.
NODE08585	signaling_cascade	module20_24_export	Node participates in at least one evidence-gated exported mechanism edge.
NODE08586	signaling_cascade	module20_24_export	Node participates in at least one evidence-gated exported mechanism edge.
NODE08587	signaling_cascade	module20_24_export	Node participates in at least one evidence-gated exported mechanism edge.
NODE08588	signaling_cascade	module20_24_export	Node participates in at least one evidence-gated exported mechanism edge.
NODE08589	signaling_cascade	module20_24_export	Node participates in at least one evidence-gated exported mechanism edge.
NODE08590	signaling_cascade	module20_24_export	Node participates in at least one evidence-gated exported mechanism edge.
NODE08591	signaling_cascade	module20_24_export	Node participates in at least one evidence-gated exported mechanism edge.
NODE08592	signaling_cascade	module20_24_export	Node participates in at least one evidence-gated exported mechanism edge.
NODE08593	ligand	register_ligand_receptor_layer	edge=M23B-E001169; evidence=M23B-EVID-EXPAND23A-111
NODE08593	signaling_cascade	module20_24_export	Node participates in at least one evidence-gated exported mechanism edge.
NODE08594	signaling_cascade	module20_24_export	Node participates in at least one evidence-gated exported mechanism edge.
NODE08595	signaling_cascade	module20_24_export	Node participates in at least one evidence-gated exported mechanism edge.
NODE08596	signaling_cascade	module20_24_export	Node participates in at least one evidence-gated exported mechanism edge.
NODE08597	signaling_cascade	module20_24_export	Node participates in at least one evidence-gated exported mechanism edge.
NODE08598	signaling_cascade	module20_24_export	Node participates in at least one evidence-gated exported mechanism edge.
NODE08599	signaling_cascade	module20_24_export	Node participates in at least one evidence-gated exported mechanism edge.
NODE08599	target_gene	register_target_gene_layer	edge=M22B-E005828; evidence=M22B-EVID-006001 || edge=M22B-E007991; evidence=M22B-EVID-008164
NODE08600	signaling_cascade	module20_24_export	Node participates in at least one evidence-gated exported mechanism edge.
NODE08601	signaling_cascade	module20_24_export	Node participates in at least one evidence-gated exported mechanism edge.
NODE08602	ligand	register_ligand_receptor_layer	edge=M24B-E000101; evidence=M24B-EVID-000143
NODE08602	signaling_cascade	module20_24_export	Node participates in at least one evidence-gated exported mechanism edge.
NODE08602	target_gene	register_target_gene_layer	edge=M22B-E009323; evidence=M22B-EVID-009496
NODE08603	signaling_cascade	module20_24_export	Node participates in at least one evidence-gated exported mechanism edge.
NODE08604	signaling_cascade	module20_24_export	Node participates in at least one evidence-gated exported mechanism edge.
NODE08605	signaling_cascade	module20_24_export	Node participates in at least one evidence-gated exported mechanism edge.
NODE08605	target_gene	register_target_gene_layer	edge=M22B-E010140; evidence=M22B-EVID-010313
NODE08606	signaling_cascade	module20_24_export	Node participates in at least one evidence-gated exported mechanism edge.
NODE08607	receptor	register_ligand_receptor_layer	edge=M20B-E004759; evidence=M20B-EVID-004759;M20B-EVID-004759-P2-DIRECT;M20B-EVID-004759-P2-FUNC;M20B-EVID-004759-P2-RELAY
NODE08607	signaling_cascade	module20_24_export	Node participates in at least one evidence-gated exported mechanism edge.
NODE08608	signaling_cascade	module20_24_export	Node participates in at least one evidence-gated exported mechanism edge.
NODE08609	signaling_cascade	module20_24_export	Node participates in at least one evidence-gated exported mechanism edge.
NODE08610	signaling_cascade	module20_24_export	Node participates in at least one evidence-gated exported mechanism edge.
NODE08611	signaling_cascade	module20_24_export	Node participates in at least one evidence-gated exported mechanism edge.
NODE08612	signaling_cascade	module20_24_export	Node participates in at least one evidence-gated exported mechanism edge.
NODE08613	signaling_cascade	module20_24_export	Node participates in at least one evidence-gated exported mechanism edge.
NODE08614	signaling_cascade	module20_24_export	Node participates in at least one evidence-gated exported mechanism edge.
NODE08615	signaling_cascade	module20_24_export	Node participates in at least one evidence-gated exported mechanism edge.
NODE08615	target_gene	register_target_gene_layer	edge=M22B-E008577; evidence=M22B-EVID-008750 || edge=M22B-E009026; evidence=M22B-EVID-009199
NODE08616	signaling_cascade	module20_24_export	Node participates in at least one evidence-gated exported mechanism edge.
NODE08617	ligand	register_ligand_receptor_layer	edge=M20B-E004781; evidence=M20B-EVID-004781;M20B-EVID-004781-P2-DIRECT;M20B-EVID-004781-P2-DIRECT-FT;M20B-EVID-004781-P2-FUNC;M20B-EVID-004781-P2-FUNC-FT;M20B-EVID-004781-P2-RELAY;M20B-EVID-004781-P2-RELAY-FT || edge=M20B-E004783; evidence=M20B-EVID-004783;M20B-EVID-004783-P2-FUNC;M20B-EVID-004783-P2-FUNC-FT;M20B-EVID-004783-P2-RELAY;M20B-EVID-004783-P2-RELAY-FT || edge=M24B-E000103; evidence=M24B-EVID-000145;M24B-EVID-PROMO-20260826-013
NODE08617	signaling_cascade	module20_24_export	Node participates in at least one evidence-gated exported mechanism edge.
NODE08617	target_gene	register_target_gene_layer	edge=M22B-E005829; evidence=M22B-EVID-006002 || edge=M22B-E007992; evidence=M22B-EVID-008165
NODE08618	signaling_cascade	module20_24_export	Node participates in at least one evidence-gated exported mechanism edge.
NODE08619	signaling_cascade	module20_24_export	Node participates in at least one evidence-gated exported mechanism edge.
NODE08620	signaling_cascade	module20_24_export	Node participates in at least one evidence-gated exported mechanism edge.
NODE08621	signaling_cascade	module20_24_export	Node participates in at least one evidence-gated exported mechanism edge.
NODE08622	signaling_cascade	module20_24_export	Node participates in at least one evidence-gated exported mechanism edge.
NODE08623	ligand	register_ligand_receptor_layer	edge=M20B-E004790; evidence=M20B-EVID-004790;M20B-EVID-004790-P2-FUNC;M20B-EVID-004790-P2-RELAY || edge=M20B-E004794; evidence=M20B-EVID-004794;M20B-EVID-004794-P2-FUNC;M20B-EVID-004794-P2-RELAY
NODE08623	signaling_cascade	module20_24_export	Node participates in at least one evidence-gated exported mechanism edge.
NODE08623	target_gene	register_target_gene_layer	edge=M22B-E005830; evidence=M22B-EVID-006003 || edge=M22B-E007993; evidence=M22B-EVID-008166
NODE08624	signaling_cascade	module20_24_export	Node participates in at least one evidence-gated exported mechanism edge.
NODE08624	target_gene	register_target_gene_layer	edge=M22B-E007994; evidence=M22B-EVID-008167
NODE08625	signaling_cascade	module20_24_export	Node participates in at least one evidence-gated exported mechanism edge.
NODE08626	signaling_cascade	module20_24_export	Node participates in at least one evidence-gated exported mechanism edge.
NODE08626	target_gene	register_target_gene_layer	edge=M22B-E010015; evidence=M22B-EVID-010188
NODE08627	signaling_cascade	module20_24_export	Node participates in at least one evidence-gated exported mechanism edge.
NODE08628	signaling_cascade	module20_24_export	Node participates in at least one evidence-gated exported mechanism edge.
NODE08629	signaling_cascade	module20_24_export	Node participates in at least one evidence-gated exported mechanism edge.
NODE08630	signaling_cascade	module20_24_export	Node participates in at least one evidence-gated exported mechanism edge.
NODE08631	signaling_cascade	module20_24_export	Node participates in at least one evidence-gated exported mechanism edge.
NODE08632	signaling_cascade	module20_24_export	Node participates in at least one evidence-gated exported mechanism edge.
NODE08633	signaling_cascade	module20_24_export	Node participates in at least one evidence-gated exported mechanism edge.
NODE08634	signaling_cascade	module20_24_export	Node participates in at least one evidence-gated exported mechanism edge.
NODE08635	signaling_cascade	module20_24_export	Node participates in at least one evidence-gated exported mechanism edge.
NODE08636	signaling_cascade	module20_24_export	Node participates in at least one evidence-gated exported mechanism edge.
NODE08637	signaling_cascade	module20_24_export	Node participates in at least one evidence-gated exported mechanism edge.
NODE08638	signaling_cascade	module20_24_export	Node participates in at least one evidence-gated exported mechanism edge.
NODE08639	signaling_cascade	module20_24_export	Node participates in at least one evidence-gated exported mechanism edge.
NODE08640	signaling_cascade	module20_24_export	Node participates in at least one evidence-gated exported mechanism edge.
NODE08641	signaling_cascade	module20_24_export	Node participates in at least one evidence-gated exported mechanism edge.
NODE08642	signaling_cascade	module20_24_export	Node participates in at least one evidence-gated exported mechanism edge.
NODE08643	signaling_cascade	module20_24_export	Node participates in at least one evidence-gated exported mechanism edge.
NODE08644	signaling_cascade	module20_24_export	Node participates in at least one evidence-gated exported mechanism edge.
NODE08645	signaling_cascade	module20_24_export	Node participates in at least one evidence-gated exported mechanism edge.
NODE08646	signaling_cascade	module20_24_export	Node participates in at least one evidence-gated exported mechanism edge.
NODE08647	signaling_cascade	module20_24_export	Node participates in at least one evidence-gated exported mechanism edge.
NODE08648	signaling_cascade	module20_24_export	Node participates in at least one evidence-gated exported mechanism edge.
NODE08649	signaling_cascade	module20_24_export	Node participates in at least one evidence-gated exported mechanism edge.
NODE08650	signaling_cascade	module20_24_export	Node participates in at least one evidence-gated exported mechanism edge.
NODE08651	signaling_cascade	module20_24_export	Node participates in at least one evidence-gated exported mechanism edge.
NODE08652	signaling_cascade	module20_24_export	Node participates in at least one evidence-gated exported mechanism edge.
NODE08653	signaling_cascade	module20_24_export	Node participates in at least one evidence-gated exported mechanism edge.
NODE08653	target_gene	register_target_gene_layer	edge=M22B-E007884; evidence=M22B-EVID-008057
NODE08654	signaling_cascade	module20_24_export	Node participates in at least one evidence-gated exported mechanism edge.
NODE08655	signaling_cascade	module20_24_export	Node participates in at least one evidence-gated exported mechanism edge.
NODE08656	signaling_cascade	module20_24_export	Node participates in at least one evidence-gated exported mechanism edge.
NODE08657	signaling_cascade	module20_24_export	Node participates in at least one evidence-gated exported mechanism edge.
NODE08658	signaling_cascade	module20_24_export	Node participates in at least one evidence-gated exported mechanism edge.
NODE08659	signaling_cascade	module20_24_export	Node participates in at least one evidence-gated exported mechanism edge.
NODE08659	target_gene	register_target_gene_layer	edge=M22B-E007538; evidence=M22B-EVID-007711
NODE08660	receptor	register_ligand_receptor_layer	edge=M20B-E005248; evidence=M20B-EVID-005248
NODE08660	signaling_cascade	module20_24_export	Node participates in at least one evidence-gated exported mechanism edge.
NODE08661	signaling_cascade	module20_24_export	Node participates in at least one evidence-gated exported mechanism edge.
NODE08662	receptor	register_ligand_receptor_layer	edge=M23B-E000848; evidence=M23B-EVID-001147
NODE08662	signaling_cascade	module20_24_export	Node participates in at least one evidence-gated exported mechanism edge.
NODE08662	target_gene	register_target_gene_layer	edge=M22B-E006897; evidence=M22B-EVID-007070 || edge=M22B-E007282; evidence=M22B-EVID-007455 || edge=M22B-E007539; evidence=M22B-EVID-007712 || edge=M22B-E009027; evidence=M22B-EVID-009200
NODE08663	signaling_cascade	module20_24_export	Node participates in at least one evidence-gated exported mechanism edge.
NODE08664	signaling_cascade	module20_24_export	Node participates in at least one evidence-gated exported mechanism edge.
NODE08665	signaling_cascade	module20_24_export	Node participates in at least one evidence-gated exported mechanism edge.
NODE08666	signaling_cascade	module20_24_export	Node participates in at least one evidence-gated exported mechanism edge.
NODE08667	signaling_cascade	module20_24_export	Node participates in at least one evidence-gated exported mechanism edge.
NODE08668	signaling_cascade	module20_24_export	Node participates in at least one evidence-gated exported mechanism edge.
NODE08669	signaling_cascade	module20_24_export	Node participates in at least one evidence-gated exported mechanism edge.
NODE08670	signaling_cascade	module20_24_export	Node participates in at least one evidence-gated exported mechanism edge.
NODE08671	signaling_cascade	module20_24_export	Node participates in at least one evidence-gated exported mechanism edge.
NODE08672	signaling_cascade	module20_24_export	Node participates in at least one evidence-gated exported mechanism edge.
NODE08672	target_gene	register_target_gene_layer	edge=M22B-E009642; evidence=M22B-EVID-009815
NODE08673	signaling_cascade	module20_24_export	Node participates in at least one evidence-gated exported mechanism edge.
NODE08674	signaling_cascade	module20_24_export	Node participates in at least one evidence-gated exported mechanism edge.
NODE08675	signaling_cascade	module20_24_export	Node participates in at least one evidence-gated exported mechanism edge.
NODE08676	signaling_cascade	module20_24_export	Node participates in at least one evidence-gated exported mechanism edge.
NODE08677	signaling_cascade	module20_24_export	Node participates in at least one evidence-gated exported mechanism edge.
NODE08678	signaling_cascade	module20_24_export	Node participates in at least one evidence-gated exported mechanism edge.
NODE08679	signaling_cascade	module20_24_export	Node participates in at least one evidence-gated exported mechanism edge.
NODE08680	signaling_cascade	module20_24_export	Node participates in at least one evidence-gated exported mechanism edge.
NODE08681	signaling_cascade	module20_24_export	Node participates in at least one evidence-gated exported mechanism edge.
NODE08682	signaling_cascade	module20_24_export	Node participates in at least one evidence-gated exported mechanism edge.
NODE08683	signaling_cascade	module20_24_export	Node participates in at least one evidence-gated exported mechanism edge.
NODE08684	signaling_cascade	module20_24_export	Node participates in at least one evidence-gated exported mechanism edge.
NODE08685	signaling_cascade	module20_24_export	Node participates in at least one evidence-gated exported mechanism edge.
NODE08686	signaling_cascade	module20_24_export	Node participates in at least one evidence-gated exported mechanism edge.
NODE08687	signaling_cascade	module20_24_export	Node participates in at least one evidence-gated exported mechanism edge.
NODE08688	signaling_cascade	module20_24_export	Node participates in at least one evidence-gated exported mechanism edge.
NODE08688	target_gene	register_target_gene_layer	edge=M22B-E007885; evidence=M22B-EVID-008058 || edge=M22B-E009324; evidence=M22B-EVID-009497
NODE08689	signaling_cascade	module20_24_export	Node participates in at least one evidence-gated exported mechanism edge.
NODE08690	signaling_cascade	module20_24_export	Node participates in at least one evidence-gated exported mechanism edge.
NODE08691	signaling_cascade	module20_24_export	Node participates in at least one evidence-gated exported mechanism edge.
NODE08692	signaling_cascade	module20_24_export	Node participates in at least one evidence-gated exported mechanism edge.
NODE08692	target_gene	register_target_gene_layer	edge=M22B-E010031; evidence=M22B-EVID-010204 || edge=M22B-E010235; evidence=M22B-EVID-010408
NODE08693	signaling_cascade	module20_24_export	Node participates in at least one evidence-gated exported mechanism edge.
NODE08694	signaling_cascade	module20_24_export	Node participates in at least one evidence-gated exported mechanism edge.
NODE08695	signaling_cascade	module20_24_export	Node participates in at least one evidence-gated exported mechanism edge.
NODE08695	target_gene	register_target_gene_layer	edge=M22B-E007283; evidence=M22B-EVID-007456
NODE08696	signaling_cascade	module20_24_export	Node participates in at least one evidence-gated exported mechanism edge.
NODE08697	signaling_cascade	module20_24_export	Node participates in at least one evidence-gated exported mechanism edge.
NODE08698	signaling_cascade	module20_24_export	Node participates in at least one evidence-gated exported mechanism edge.
NODE08699	signaling_cascade	module20_24_export	Node participates in at least one evidence-gated exported mechanism edge.
NODE08700	signaling_cascade	module20_24_export	Node participates in at least one evidence-gated exported mechanism edge.
NODE08700	target_gene	register_target_gene_layer	edge=M22B-E007284; evidence=M22B-EVID-007457
NODE08701	signaling_cascade	module20_24_export	Node participates in at least one evidence-gated exported mechanism edge.
NODE08702	receptor	register_ligand_receptor_layer	edge=M23B-E000100; evidence=M23B-EVID-000168
NODE08702	signaling_cascade	module20_24_export	Node participates in at least one evidence-gated exported mechanism edge.
NODE08702	target_gene	register_target_gene_layer	edge=M22B-E007285; evidence=M22B-EVID-007458
NODE08703	signaling_cascade	module20_24_export	Node participates in at least one evidence-gated exported mechanism edge.
NODE08704	ligand	register_ligand_receptor_layer	edge=M20B-E004801; evidence=M20B-EVID-004801;M20B-EVID-004801-P2-DIRECT;M20B-EVID-004801-P2-FUNC;M20B-EVID-004801-P2-RELAY
NODE08704	receptor	register_ligand_receptor_layer	edge=M20B-E004919; evidence=M20B-EVID-004919;M20B-EVID-004919-P2-DIRECT;M20B-EVID-004919-P2-FUNC;M20B-EVID-004919-P2-RELAY
NODE08704	signaling_cascade	module20_24_export	Node participates in at least one evidence-gated exported mechanism edge.
NODE08705	signaling_cascade	module20_24_export	Node participates in at least one evidence-gated exported mechanism edge.
NODE08706	signaling_cascade	module20_24_export	Node participates in at least one evidence-gated exported mechanism edge.
NODE08707	signaling_cascade	module20_24_export	Node participates in at least one evidence-gated exported mechanism edge.
NODE08708	receptor	register_ligand_receptor_layer	edge=M20B-E001936; evidence=M20B-EVID-001936 || edge=M20B-E001946; evidence=M20B-EVID-001946 || edge=M20B-E002126; evidence=M20B-EVID-002126 || edge=M20B-E002242; evidence=M20B-EVID-002242 || edge=M20B-E002876; evidence=M20B-EVID-002876 || edge=M20B-E004227; evidence=M20B-EVID-004227;M20B-EVID-004227-P2-DIRECT;M20B-EVID-004227-P2-FUNC;M20B-EVID-004227-P2-RELAY
NODE08708	signaling_cascade	module20_24_export	Node participates in at least one evidence-gated exported mechanism edge.
NODE08708	target_gene	register_target_gene_layer	edge=M22B-E010206; evidence=M22B-EVID-010379 || edge=M22B-E010314; evidence=M22B-EVID-010486
NODE08709	signaling_cascade	module20_24_export	Node participates in at least one evidence-gated exported mechanism edge.
NODE08710	signaling_cascade	module20_24_export	Node participates in at least one evidence-gated exported mechanism edge.
NODE08711	receptor	register_ligand_receptor_layer	edge=M23B-E000373; evidence=M23B-EVID-000537
NODE08711	signaling_cascade	module20_24_export	Node participates in at least one evidence-gated exported mechanism edge.
NODE08712	signaling_cascade	module20_24_export	Node participates in at least one evidence-gated exported mechanism edge.
NODE08713	receptor	register_ligand_receptor_layer	edge=M20B-E002629; evidence=M20B-EVID-002629 || edge=M20B-E005032; evidence=M20B-EVID-005032 || edge=M23B-E000699; evidence=M23B-EVID-000935
NODE08713	signaling_cascade	module20_24_export	Node participates in at least one evidence-gated exported mechanism edge.
NODE08713	target_gene	register_target_gene_layer	edge=M22B-E010315; evidence=M22B-EVID-010487
NODE08714	signaling_cascade	module20_24_export	Node participates in at least one evidence-gated exported mechanism edge.
NODE08715	signaling_cascade	module20_24_export	Node participates in at least one evidence-gated exported mechanism edge.
NODE08716	signaling_cascade	module20_24_export	Node participates in at least one evidence-gated exported mechanism edge.
NODE08717	receptor	register_ligand_receptor_layer	edge=M20B-E003447; evidence=M20B-EVID-003447 || edge=M20B-E004296; evidence=M20B-EVID-004296;M20B-EVID-004296-P2-DIRECT;M20B-EVID-004296-P2-FUNC;M20B-EVID-004296-P2-RELAY
NODE08717	signaling_cascade	module20_24_export	Node participates in at least one evidence-gated exported mechanism edge.
NODE08717	target_gene	register_target_gene_layer	edge=M22B-E010316; evidence=M22B-EVID-010488
NODE08718	receptor	register_ligand_receptor_layer	edge=M23B-E000676; evidence=M23B-EVID-000900
NODE08718	signaling_cascade	module20_24_export	Node participates in at least one evidence-gated exported mechanism edge.
NODE08719	receptor	register_ligand_receptor_layer	edge=M23B-E000390; evidence=M23B-EVID-000561
NODE08719	signaling_cascade	module20_24_export	Node participates in at least one evidence-gated exported mechanism edge.
NODE08720	signaling_cascade	module20_24_export	Node participates in at least one evidence-gated exported mechanism edge.
NODE08721	receptor	register_ligand_receptor_layer	edge=M20B-E002243; evidence=M20B-EVID-002243 || edge=M20B-E002262; evidence=M20B-EVID-002262 || edge=M20B-E002297; evidence=M20B-EVID-002297 || edge=M20B-E002322; evidence=M20B-EVID-002322 || edge=M20B-E002328; evidence=M20B-EVID-002328 || edge=M20B-E002382; evidence=M20B-EVID-002382 || edge=M20B-E002428; evidence=M20B-EVID-002428 || edge=M20B-E002572; evidence=M20B-EVID-002572 || edge=M20B-E002877; evidence=M20B-EVID-002877 || edge=M20B-E003210; evidence=M20B-EVID-003210 || edge=M20B-E004230; evidence=M20B-EVID-004230;M20B-EVID-004230-P2-DIRECT;M20B-EVID-004230-P2-FUNC;M20B-EVID-004230-P2-RELAY || edge=M20B-E004744; evidence=M20B-EVID-004744;M20B-EVID-004744-P2-DIRECT;M20B-EVID-004744-P2-FUNC;M20B-EVID-004744-P2-RELAY || edge=M20B-E005055; evidence=M20B-EVID-005055;M20B-EVID-005055-P2-DIRECT;M20B-EVID-005055-P2-FUNC;M20B-EVID-005055-P2-RELAY || edge=M23B-E000142; evidence=M23B-EVID-000210 || edge=M23B-E000462; evidence=M23B-EVID-000642 || edge=M23B-E001207; evidence=M23B-EVID-EXPAND23A-151 || edge=M24B-E000034; evidence=M24B-EVID-000043
NODE08721	signaling_cascade	module20_24_export	Node participates in at least one evidence-gated exported mechanism edge.
NODE08721	target_gene	register_target_gene_layer	edge=M22B-E010202; evidence=M22B-EVID-010375 || edge=M22B-E010203; evidence=M22B-EVID-010376 || edge=M22B-E010204; evidence=M22B-EVID-010377 || edge=M22B-E010205; evidence=M22B-EVID-010378
NODE08722	signaling_cascade	module20_24_export	Node participates in at least one evidence-gated exported mechanism edge.
NODE08723	signaling_cascade	module20_24_export	Node participates in at least one evidence-gated exported mechanism edge.
NODE08724	signaling_cascade	module20_24_export	Node participates in at least one evidence-gated exported mechanism edge.
NODE08725	signaling_cascade	module20_24_export	Node participates in at least one evidence-gated exported mechanism edge.
NODE08726	signaling_cascade	module20_24_export	Node participates in at least one evidence-gated exported mechanism edge.
NODE08727	signaling_cascade	module20_24_export	Node participates in at least one evidence-gated exported mechanism edge.
NODE08728	signaling_cascade	module20_24_export	Node participates in at least one evidence-gated exported mechanism edge.
NODE08729	signaling_cascade	module20_24_export	Node participates in at least one evidence-gated exported mechanism edge.
NODE08730	signaling_cascade	module20_24_export	Node participates in at least one evidence-gated exported mechanism edge.
NODE08731	signaling_cascade	module20_24_export	Node participates in at least one evidence-gated exported mechanism edge.
NODE08731	target_gene	register_target_gene_layer	edge=M22B-E009412; evidence=M22B-EVID-009585
NODE08732	signaling_cascade	module20_24_export	Node participates in at least one evidence-gated exported mechanism edge.
NODE08733	signaling_cascade	module20_24_export	Node participates in at least one evidence-gated exported mechanism edge.
NODE08734	signaling_cascade	module20_24_export	Node participates in at least one evidence-gated exported mechanism edge.
NODE08735	signaling_cascade	module20_24_export	Node participates in at least one evidence-gated exported mechanism edge.
NODE08735	target_gene	register_target_gene_layer	edge=M22B-E006898; evidence=M22B-EVID-007071 || edge=M22B-E009028; evidence=M22B-EVID-009201
NODE08736	signaling_cascade	module20_24_export	Node participates in at least one evidence-gated exported mechanism edge.
NODE08737	signaling_cascade	module20_24_export	Node participates in at least one evidence-gated exported mechanism edge.
NODE08738	signaling_cascade	module20_24_export	Node participates in at least one evidence-gated exported mechanism edge.
NODE08739	signaling_cascade	module20_24_export	Node participates in at least one evidence-gated exported mechanism edge.
NODE08740	signaling_cascade	module20_24_export	Node participates in at least one evidence-gated exported mechanism edge.
NODE08741	signaling_cascade	module20_24_export	Node participates in at least one evidence-gated exported mechanism edge.
NODE08742	ligand	register_ligand_receptor_layer	edge=M20B-E004803; evidence=M20B-EVID-004803;M20B-EVID-004803-P2-DIRECT;M20B-EVID-004803-P2-FUNC;M20B-EVID-004803-P2-RELAY
NODE08742	signaling_cascade	module20_24_export	Node participates in at least one evidence-gated exported mechanism edge.
NODE08743	signaling_cascade	module20_24_export	Node participates in at least one evidence-gated exported mechanism edge.
NODE08744	receptor	register_ligand_receptor_layer	edge=M20B-E001670; evidence=M20B-EVID-001670
NODE08744	signaling_cascade	module20_24_export	Node participates in at least one evidence-gated exported mechanism edge.
NODE08744	target_gene	register_target_gene_layer	edge=M22B-E006568; evidence=M22B-EVID-006741 || edge=M22B-E010177; evidence=M22B-EVID-010350
NODE08745	signaling_cascade	module20_24_export	Node participates in at least one evidence-gated exported mechanism edge.
NODE08746	signaling_cascade	module20_24_export	Node participates in at least one evidence-gated exported mechanism edge.
NODE08747	ligand	register_ligand_receptor_layer	edge=M23B-E000851; evidence=M23B-EVID-001150
NODE08747	signaling_cascade	module20_24_export	Node participates in at least one evidence-gated exported mechanism edge.
NODE08748	signaling_cascade	module20_24_export	Node participates in at least one evidence-gated exported mechanism edge.
NODE08749	signaling_cascade	module20_24_export	Node participates in at least one evidence-gated exported mechanism edge.
NODE08750	receptor	register_ligand_receptor_layer	edge=M20B-E002898; evidence=M20B-EVID-002898 || edge=M20B-E004811; evidence=M20B-EVID-004811 || edge=M20B-E005188; evidence=M20B-EVID-005188
NODE08750	signaling_cascade	module20_24_export	Node participates in at least one evidence-gated exported mechanism edge.
NODE08750	target_gene	register_target_gene_layer	edge=M22B-E009687; evidence=M22B-EVID-009860 || edge=M22B-E009729; evidence=M22B-EVID-009902 || edge=M22B-E009882; evidence=M22B-EVID-010055
NODE08751	signaling_cascade	module20_24_export	Node participates in at least one evidence-gated exported mechanism edge.
NODE08752	signaling_cascade	module20_24_export	Node participates in at least one evidence-gated exported mechanism edge.
NODE08753	receptor	register_ligand_receptor_layer	edge=M20B-E002899; evidence=M20B-EVID-002899 || edge=M20B-E004812; evidence=M20B-EVID-004812 || edge=M20B-E005249; evidence=M20B-EVID-005249
NODE08753	signaling_cascade	module20_24_export	Node participates in at least one evidence-gated exported mechanism edge.
NODE08753	target_gene	register_target_gene_layer	edge=M22B-E006981; evidence=M22B-EVID-007154 || edge=M22B-E009095; evidence=M22B-EVID-009268
NODE08754	receptor	register_ligand_receptor_layer	edge=M23B-E000983; evidence=M23B-EVID-001328 || edge=M23B-E001012; evidence=M23B-EVID-001357
NODE08754	signaling_cascade	module20_24_export	Node participates in at least one evidence-gated exported mechanism edge.
NODE08755	ligand	register_ligand_receptor_layer	edge=M20B-E001670; evidence=M20B-EVID-001670 || edge=M20B-E004811; evidence=M20B-EVID-004811 || edge=M20B-E004812; evidence=M20B-EVID-004812
NODE08755	signaling_cascade	module20_24_export	Node participates in at least one evidence-gated exported mechanism edge.
NODE08756	ligand	register_ligand_receptor_layer	edge=M23B-E000983; evidence=M23B-EVID-001328
NODE08756	signaling_cascade	module20_24_export	Node participates in at least one evidence-gated exported mechanism edge.
NODE08757	signaling_cascade	module20_24_export	Node participates in at least one evidence-gated exported mechanism edge.
NODE08758	signaling_cascade	module20_24_export	Node participates in at least one evidence-gated exported mechanism edge.
NODE08759	signaling_cascade	module20_24_export	Node participates in at least one evidence-gated exported mechanism edge.
NODE08760	ligand	register_ligand_receptor_layer	edge=M20B-E004813; evidence=M20B-EVID-004813;M20B-EVID-004813-P2-DIRECT;M20B-EVID-004813-P2-FUNC;M20B-EVID-004813-P2-RELAY || edge=M20B-E004814; evidence=M20B-EVID-004814;M20B-EVID-004814-P2-DIRECT;M20B-EVID-004814-P2-FUNC;M20B-EVID-004814-P2-RELAY || edge=M20B-E004815; evidence=M20B-EVID-004815;M20B-EVID-004815-P2-BOUNDARY;M20B-EVID-004815-P2-FUNC;M20B-EVID-004815-P2-RELAY || edge=M20B-E004816; evidence=M20B-EVID-004816;M20B-EVID-004816-P2-DIRECT;M20B-EVID-004816-P2-FUNC;M20B-EVID-004816-P2-RELAY || edge=M23B-E000155; evidence=M23B-EVID-000229
NODE08760	signaling_cascade	module20_24_export	Node participates in at least one evidence-gated exported mechanism edge.
NODE08761	signaling_cascade	module20_24_export	Node participates in at least one evidence-gated exported mechanism edge.
NODE08762	signaling_cascade	module20_24_export	Node participates in at least one evidence-gated exported mechanism edge.
NODE08763	signaling_cascade	module20_24_export	Node participates in at least one evidence-gated exported mechanism edge.
NODE08764	signaling_cascade	module20_24_export	Node participates in at least one evidence-gated exported mechanism edge.
NODE08765	ligand	register_ligand_receptor_layer	edge=M23B-E000854; evidence=M23B-EVID-001153
NODE08765	signaling_cascade	module20_24_export	Node participates in at least one evidence-gated exported mechanism edge.
NODE08766	signaling_cascade	module20_24_export	Node participates in at least one evidence-gated exported mechanism edge.
NODE08767	signaling_cascade	module20_24_export	Node participates in at least one evidence-gated exported mechanism edge.
NODE08768	ligand	register_ligand_receptor_layer	edge=M20B-E004842; evidence=M20B-EVID-004842
NODE08768	signaling_cascade	module20_24_export	Node participates in at least one evidence-gated exported mechanism edge.
NODE08769	signaling_cascade	module20_24_export	Node participates in at least one evidence-gated exported mechanism edge.
NODE08770	signaling_cascade	module20_24_export	Node participates in at least one evidence-gated exported mechanism edge.
NODE08771	ligand	register_ligand_receptor_layer	edge=M20B-E004845; evidence=M20B-EVID-004845 || edge=M23B-E000160; evidence=M23B-EVID-000234 || edge=M23B-E000857; evidence=M23B-EVID-001156
NODE08771	signaling_cascade	module20_24_export	Node participates in at least one evidence-gated exported mechanism edge.
NODE08772	signaling_cascade	module20_24_export	Node participates in at least one evidence-gated exported mechanism edge.
NODE08773	ligand	register_ligand_receptor_layer	edge=M20B-E004847; evidence=M20B-EVID-004847 || edge=M20B-E004848; evidence=M20B-EVID-004848;M20B-EVID-004848-P2-BOUNDARY || edge=M20B-E004849; evidence=M20B-EVID-004849;M20B-EVID-004849-P2-DIRECT;M20B-EVID-004849-P2-FUNC;M20B-EVID-004849-P2-RELAY
NODE08773	signaling_cascade	module20_24_export	Node participates in at least one evidence-gated exported mechanism edge.
NODE08774	signaling_cascade	module20_24_export	Node participates in at least one evidence-gated exported mechanism edge.
NODE08775	ligand	register_ligand_receptor_layer	edge=M20B-E004853; evidence=M20B-EVID-004853;M20B-EVID-004853-P2-BOUNDARY || edge=M20B-E004854; evidence=M20B-EVID-004854;M20B-EVID-004854-P2-DIRECT;M20B-EVID-004854-P2-FUNC;M20B-EVID-004854-P2-RELAY
NODE08775	signaling_cascade	module20_24_export	Node participates in at least one evidence-gated exported mechanism edge.
NODE08776	signaling_cascade	module20_24_export	Node participates in at least one evidence-gated exported mechanism edge.
NODE08777	signaling_cascade	module20_24_export	Node participates in at least one evidence-gated exported mechanism edge.
NODE08778	ligand	register_ligand_receptor_layer	edge=M23B-E000164; evidence=M23B-EVID-000238 || edge=M23B-E000860; evidence=M23B-EVID-001159
NODE08778	signaling_cascade	module20_24_export	Node participates in at least one evidence-gated exported mechanism edge.
NODE08779	signaling_cascade	module20_24_export	Node participates in at least one evidence-gated exported mechanism edge.
NODE08780	signaling_cascade	module20_24_export	Node participates in at least one evidence-gated exported mechanism edge.
NODE08781	signaling_cascade	module20_24_export	Node participates in at least one evidence-gated exported mechanism edge.
NODE08782	signaling_cascade	module20_24_export	Node participates in at least one evidence-gated exported mechanism edge.
NODE08783	signaling_cascade	module20_24_export	Node participates in at least one evidence-gated exported mechanism edge.
NODE08784	signaling_cascade	module20_24_export	Node participates in at least one evidence-gated exported mechanism edge.
NODE08785	signaling_cascade	module20_24_export	Node participates in at least one evidence-gated exported mechanism edge.
NODE08786	signaling_cascade	module20_24_export	Node participates in at least one evidence-gated exported mechanism edge.
NODE08787	signaling_cascade	module20_24_export	Node participates in at least one evidence-gated exported mechanism edge.
NODE08788	signaling_cascade	module20_24_export	Node participates in at least one evidence-gated exported mechanism edge.
NODE08789	signaling_cascade	module20_24_export	Node participates in at least one evidence-gated exported mechanism edge.
NODE08789	target_gene	register_target_gene_layer	edge=M22B-E007540; evidence=M22B-EVID-007713
NODE08790	signaling_cascade	module20_24_export	Node participates in at least one evidence-gated exported mechanism edge.
NODE08791	signaling_cascade	module20_24_export	Node participates in at least one evidence-gated exported mechanism edge.
NODE08792	signaling_cascade	module20_24_export	Node participates in at least one evidence-gated exported mechanism edge.
NODE08793	signaling_cascade	module20_24_export	Node participates in at least one evidence-gated exported mechanism edge.
NODE08794	ligand	register_ligand_receptor_layer	edge=M23B-E000168; evidence=M23B-EVID-000242
NODE08794	signaling_cascade	module20_24_export	Node participates in at least one evidence-gated exported mechanism edge.
NODE08795	ligand	register_ligand_receptor_layer	edge=M20B-E004863; evidence=M20B-EVID-004863;M20B-EVID-004863-P2-FUNC;M20B-EVID-004863-P2-RELAY || edge=M20B-E004864; evidence=M20B-EVID-004864;M20B-EVID-004864-P2-FUNC;M20B-EVID-004864-P2-RELAY || edge=M20B-E004865; evidence=M20B-EVID-004865;M20B-EVID-004865-P2-FUNC;M20B-EVID-004865-P2-RELAY || edge=M20B-E004866; evidence=M20B-EVID-004866;M20B-EVID-004866-P2-DIRECT;M20B-EVID-004866-P2-DIRECT-FT;M20B-EVID-004866-P2-FUNC;M20B-EVID-004866-P2-FUNC-FT;M20B-EVID-004866-P2-RELAY;M20B-EVID-004866-P2-RELAY-FT || edge=M20B-E004867; evidence=M20B-EVID-004867;M20B-EVID-004867-P2-DIRECT;M20B-EVID-004867-P2-FUNC;M20B-EVID-004867-P2-RELAY || edge=M23B-E000862; evidence=M23B-EVID-001162
NODE08795	signaling_cascade	module20_24_export	Node participates in at least one evidence-gated exported mechanism edge.
NODE08796	signaling_cascade	module20_24_export	Node participates in at least one evidence-gated exported mechanism edge.
NODE08797	signaling_cascade	module20_24_export	Node participates in at least one evidence-gated exported mechanism edge.
NODE08798	signaling_cascade	module20_24_export	Node participates in at least one evidence-gated exported mechanism edge.
NODE08799	signaling_cascade	module20_24_export	Node participates in at least one evidence-gated exported mechanism edge.
NODE08800	signaling_cascade	module20_24_export	Node participates in at least one evidence-gated exported mechanism edge.
NODE08801	signaling_cascade	module20_24_export	Node participates in at least one evidence-gated exported mechanism edge.
NODE08802	signaling_cascade	module20_24_export	Node participates in at least one evidence-gated exported mechanism edge.
NODE08803	signaling_cascade	module20_24_export	Node participates in at least one evidence-gated exported mechanism edge.
NODE08804	signaling_cascade	module20_24_export	Node participates in at least one evidence-gated exported mechanism edge.
NODE08805	signaling_cascade	module20_24_export	Node participates in at least one evidence-gated exported mechanism edge.
NODE08806	ligand	register_ligand_receptor_layer	edge=M20B-E004870; evidence=M20B-EVID-004870;M20B-EVID-004870-P2-FUNC;M20B-EVID-004870-P2-RELAY || edge=M23B-E000170; evidence=M23B-EVID-000244
NODE08806	signaling_cascade	module20_24_export	Node participates in at least one evidence-gated exported mechanism edge.
NODE08807	signaling_cascade	module20_24_export	Node participates in at least one evidence-gated exported mechanism edge.
NODE08808	signaling_cascade	module20_24_export	Node participates in at least one evidence-gated exported mechanism edge.
NODE08809	ligand	register_ligand_receptor_layer	edge=M20B-E004872; evidence=M20B-EVID-004872;M20B-EVID-004872-P2-FUNC
NODE08809	signaling_cascade	module20_24_export	Node participates in at least one evidence-gated exported mechanism edge.
NODE08810	ligand	register_ligand_receptor_layer	edge=M23B-E000171; evidence=M23B-EVID-000245
NODE08810	signaling_cascade	module20_24_export	Node participates in at least one evidence-gated exported mechanism edge.
NODE08811	signaling_cascade	module20_24_export	Node participates in at least one evidence-gated exported mechanism edge.
NODE08812	signaling_cascade	module20_24_export	Node participates in at least one evidence-gated exported mechanism edge.
NODE08813	signaling_cascade	module20_24_export	Node participates in at least one evidence-gated exported mechanism edge.
NODE08814	ligand	register_ligand_receptor_layer	edge=M23B-E000172; evidence=M23B-EVID-000246
NODE08814	signaling_cascade	module20_24_export	Node participates in at least one evidence-gated exported mechanism edge.
NODE08815	ligand	register_ligand_receptor_layer	edge=M20B-E004874; evidence=M20B-EVID-004874;M20B-EVID-004874-P2-ORIENTATION
NODE08815	signaling_cascade	module20_24_export	Node participates in at least one evidence-gated exported mechanism edge.
NODE08816	signaling_cascade	module20_24_export	Node participates in at least one evidence-gated exported mechanism edge.
NODE08817	signaling_cascade	module20_24_export	Node participates in at least one evidence-gated exported mechanism edge.
NODE08818	ligand	register_ligand_receptor_layer	edge=M23B-E000173; evidence=M23B-EVID-000247
NODE08818	signaling_cascade	module20_24_export	Node participates in at least one evidence-gated exported mechanism edge.
NODE08819	signaling_cascade	module20_24_export	Node participates in at least one evidence-gated exported mechanism edge.
NODE08820	signaling_cascade	module20_24_export	Node participates in at least one evidence-gated exported mechanism edge.
NODE08821	ligand	register_ligand_receptor_layer	edge=M20B-E001677; evidence=M20B-EVID-001677 || edge=M20B-E004877; evidence=M20B-EVID-004877;M20B-EVID-004877-P2-FUNC;M20B-EVID-004877-P2-RELAY || edge=M20B-E004878; evidence=M20B-EVID-004878;M20B-EVID-004878-P2-FUNC
NODE08821	signaling_cascade	module20_24_export	Node participates in at least one evidence-gated exported mechanism edge.
NODE08822	signaling_cascade	module20_24_export	Node participates in at least one evidence-gated exported mechanism edge.
NODE08823	signaling_cascade	module20_24_export	Node participates in at least one evidence-gated exported mechanism edge.
NODE08824	signaling_cascade	module20_24_export	Node participates in at least one evidence-gated exported mechanism edge.
NODE08825	signaling_cascade	module20_24_export	Node participates in at least one evidence-gated exported mechanism edge.
NODE08826	signaling_cascade	module20_24_export	Node participates in at least one evidence-gated exported mechanism edge.
NODE08827	signaling_cascade	module20_24_export	Node participates in at least one evidence-gated exported mechanism edge.
NODE08828	signaling_cascade	module20_24_export	Node participates in at least one evidence-gated exported mechanism edge.
NODE08828	target_gene	register_target_gene_layer	edge=M22B-E006279; evidence=M22B-EVID-006452
NODE08829	signaling_cascade	module20_24_export	Node participates in at least one evidence-gated exported mechanism edge.
NODE08830	signaling_cascade	module20_24_export	Node participates in at least one evidence-gated exported mechanism edge.
NODE08831	signaling_cascade	module20_24_export	Node participates in at least one evidence-gated exported mechanism edge.
NODE08832	signaling_cascade	module20_24_export	Node participates in at least one evidence-gated exported mechanism edge.
NODE08833	signaling_cascade	module20_24_export	Node participates in at least one evidence-gated exported mechanism edge.
NODE08833	target_gene	register_target_gene_layer	edge=M22B-E007886; evidence=M22B-EVID-008059 || edge=M22B-E009325; evidence=M22B-EVID-009498 || edge=M22B-E009590; evidence=M22B-EVID-009763 || edge=M22B-E009629; evidence=M22B-EVID-009802 || edge=M22B-E009688; evidence=M22B-EVID-009861 || edge=M22B-E009763; evidence=M22B-EVID-009936
NODE08834	ligand	register_ligand_receptor_layer	edge=M20B-E004888; evidence=M20B-EVID-004888;M20B-EVID-004888-P2-DIRECT;M20B-EVID-004888-P2-FUNC;M20B-EVID-004888-P2-RELAY
NODE08834	signaling_cascade	module20_24_export	Node participates in at least one evidence-gated exported mechanism edge.
NODE08834	target_gene	register_target_gene_layer	edge=M22B-E005941; evidence=M22B-EVID-006114 || edge=M22B-E006102; evidence=M22B-EVID-006275 || edge=M22B-E006424; evidence=M22B-EVID-006597 || edge=M22B-E006569; evidence=M22B-EVID-006742 || edge=M22B-E007286; evidence=M22B-EVID-007459 || edge=M22B-E007887; evidence=M22B-EVID-008060 || edge=M22B-E009643; evidence=M22B-EVID-009816 || edge=M22B-E009779; evidence=M22B-EVID-009952 || edge=M22B-E009959; evidence=M22B-EVID-010132 || edge=M22B-E010133; evidence=M22B-EVID-010306
NODE08835	signaling_cascade	module20_24_export	Node participates in at least one evidence-gated exported mechanism edge.
NODE08836	signaling_cascade	module20_24_export	Node participates in at least one evidence-gated exported mechanism edge.
NODE08836	target_gene	register_target_gene_layer	edge=M22B-E000394; evidence=M22B-EVID-000019
NODE08837	signaling_cascade	module20_24_export	Node participates in at least one evidence-gated exported mechanism edge.
NODE08838	ligand	register_ligand_receptor_layer	edge=M20B-E004892; evidence=M20B-EVID-004892;M20B-EVID-004892-P2-DIRECT;M20B-EVID-004892-P2-FUNC;M20B-EVID-004892-P2-RELAY || edge=M20B-E004893; evidence=M20B-EVID-004893;M20B-EVID-004893-P2-DIRECT;M20B-EVID-004893-P2-FUNC;M20B-EVID-004893-P2-RELAY
NODE08838	signaling_cascade	module20_24_export	Node participates in at least one evidence-gated exported mechanism edge.
NODE08839	signaling_cascade	module20_24_export	Node participates in at least one evidence-gated exported mechanism edge.
NODE08840	signaling_cascade	module20_24_export	Node participates in at least one evidence-gated exported mechanism edge.
NODE08841	signaling_cascade	module20_24_export	Node participates in at least one evidence-gated exported mechanism edge.
NODE08842	signaling_cascade	module20_24_export	Node participates in at least one evidence-gated exported mechanism edge.
NODE08842	target_gene	register_target_gene_layer	edge=M22B-E007888; evidence=M22B-EVID-008061 || edge=M22B-E009326; evidence=M22B-EVID-009499
NODE08843	signaling_cascade	module20_24_export	Node participates in at least one evidence-gated exported mechanism edge.
NODE08843	target_gene	register_target_gene_layer	edge=M22B-E007889; evidence=M22B-EVID-008062 || edge=M22B-E009327; evidence=M22B-EVID-009500
NODE08844	signaling_cascade	module20_24_export	Node participates in at least one evidence-gated exported mechanism edge.
NODE08845	signaling_cascade	module20_24_export	Node participates in at least one evidence-gated exported mechanism edge.
NODE08845	target_gene	register_target_gene_layer	edge=M22B-E007890; evidence=M22B-EVID-008063 || edge=M22B-E009328; evidence=M22B-EVID-009501
NODE08846	signaling_cascade	module20_24_export	Node participates in at least one evidence-gated exported mechanism edge.
NODE08847	signaling_cascade	module20_24_export	Node participates in at least one evidence-gated exported mechanism edge.
NODE08847	target_gene	register_target_gene_layer	edge=M22B-E009413; evidence=M22B-EVID-009586
NODE08848	signaling_cascade	module20_24_export	Node participates in at least one evidence-gated exported mechanism edge.
NODE08848	target_gene	register_target_gene_layer	edge=M22B-E009883; evidence=M22B-EVID-010056
NODE08849	signaling_cascade	module20_24_export	Node participates in at least one evidence-gated exported mechanism edge.
NODE08850	signaling_cascade	module20_24_export	Node participates in at least one evidence-gated exported mechanism edge.
NODE08851	signaling_cascade	module20_24_export	Node participates in at least one evidence-gated exported mechanism edge.
NODE08851	target_gene	register_target_gene_layer	edge=M22B-E006899; evidence=M22B-EVID-007072 || edge=M22B-E009029; evidence=M22B-EVID-009202
NODE08852	signaling_cascade	module20_24_export	Node participates in at least one evidence-gated exported mechanism edge.
NODE08852	target_gene	register_target_gene_layer	edge=M22B-E007891; evidence=M22B-EVID-008064 || edge=M22B-E009329; evidence=M22B-EVID-009502
NODE08853	signaling_cascade	module20_24_export	Node participates in at least one evidence-gated exported mechanism edge.
NODE08854	signaling_cascade	module20_24_export	Node participates in at least one evidence-gated exported mechanism edge.
NODE08854	target_gene	register_target_gene_layer	edge=M22B-E009501; evidence=M22B-EVID-009674
NODE08855	signaling_cascade	module20_24_export	Node participates in at least one evidence-gated exported mechanism edge.
NODE08856	ligand	register_ligand_receptor_layer	edge=M20B-E004899; evidence=M20B-EVID-004899;M20B-EVID-004899-P2-DIRECT;M20B-EVID-004899-P2-FUNC;M20B-EVID-004899-P2-RELAY
NODE08856	signaling_cascade	module20_24_export	Node participates in at least one evidence-gated exported mechanism edge.
NODE08857	signaling_cascade	module20_24_export	Node participates in at least one evidence-gated exported mechanism edge.
NODE08858	signaling_cascade	module20_24_export	Node participates in at least one evidence-gated exported mechanism edge.
NODE08859	signaling_cascade	module20_24_export	Node participates in at least one evidence-gated exported mechanism edge.
NODE08860	ligand	register_ligand_receptor_layer	edge=M20B-E004900; evidence=M20B-EVID-004900;M20B-EVID-004900-P2-DIRECT;M20B-EVID-004900-P2-FUNC;M20B-EVID-004900-P2-RELAY
NODE08860	signaling_cascade	module20_24_export	Node participates in at least one evidence-gated exported mechanism edge.
NODE08861	signaling_cascade	module20_24_export	Node participates in at least one evidence-gated exported mechanism edge.
NODE08861	target_gene	register_target_gene_layer	edge=M22B-E009764; evidence=M22B-EVID-009937 || edge=M22B-E010071; evidence=M22B-EVID-010244
NODE08862	ligand	register_ligand_receptor_layer	edge=M20B-E004903; evidence=M20B-EVID-004903;M20B-EVID-004903-P2-DIRECT;M20B-EVID-004903-P2-FUNC;M20B-EVID-004903-P2-RELAY || edge=M20B-E004904; evidence=M20B-EVID-004904;M20B-EVID-004904-P2-DIRECT;M20B-EVID-004904-P2-FUNC
NODE08862	signaling_cascade	module20_24_export	Node participates in at least one evidence-gated exported mechanism edge.
NODE08862	target_gene	register_target_gene_layer	edge=M22B-E005831; evidence=M22B-EVID-006004 || edge=M22B-E007995; evidence=M22B-EVID-008168
NODE08863	signaling_cascade	module20_24_export	Node participates in at least one evidence-gated exported mechanism edge.
NODE08864	signaling_cascade	module20_24_export	Node participates in at least one evidence-gated exported mechanism edge.
NODE08865	signaling_cascade	module20_24_export	Node participates in at least one evidence-gated exported mechanism edge.
NODE08866	signaling_cascade	module20_24_export	Node participates in at least one evidence-gated exported mechanism edge.
NODE08867	ligand	register_ligand_receptor_layer	edge=M23B-E000986; evidence=M23B-EVID-001331
NODE08867	signaling_cascade	module20_24_export	Node participates in at least one evidence-gated exported mechanism edge.
NODE08868	signaling_cascade	module20_24_export	Node participates in at least one evidence-gated exported mechanism edge.
NODE08868	target_gene	register_target_gene_layer	edge=M22B-E006900; evidence=M22B-EVID-007073 || edge=M22B-E009030; evidence=M22B-EVID-009203
NODE08869	signaling_cascade	module20_24_export	Node participates in at least one evidence-gated exported mechanism edge.
NODE08869	target_gene	register_target_gene_layer	edge=M22B-E010080; evidence=M22B-EVID-010253
NODE08870	signaling_cascade	module20_24_export	Node participates in at least one evidence-gated exported mechanism edge.
NODE08871	signaling_cascade	module20_24_export	Node participates in at least one evidence-gated exported mechanism edge.
NODE08872	signaling_cascade	module20_24_export	Node participates in at least one evidence-gated exported mechanism edge.
NODE08873	signaling_cascade	module20_24_export	Node participates in at least one evidence-gated exported mechanism edge.
NODE08874	signaling_cascade	module20_24_export	Node participates in at least one evidence-gated exported mechanism edge.
NODE08874	target_gene	register_target_gene_layer	edge=M22B-E007541; evidence=M22B-EVID-007714
NODE08875	signaling_cascade	module20_24_export	Node participates in at least one evidence-gated exported mechanism edge.
NODE08875	target_gene	register_target_gene_layer	edge=M22B-E007892; evidence=M22B-EVID-008065 || edge=M22B-E009330; evidence=M22B-EVID-009503
NODE08876	signaling_cascade	module20_24_export	Node participates in at least one evidence-gated exported mechanism edge.
NODE08877	signaling_cascade	module20_24_export	Node participates in at least one evidence-gated exported mechanism edge.
NODE08878	signaling_cascade	module20_24_export	Node participates in at least one evidence-gated exported mechanism edge.
NODE08879	signaling_cascade	module20_24_export	Node participates in at least one evidence-gated exported mechanism edge.
NODE08880	signaling_cascade	module20_24_export	Node participates in at least one evidence-gated exported mechanism edge.
NODE08880	target_gene	register_target_gene_layer	edge=M22B-E006280; evidence=M22B-EVID-006453 || edge=M22B-E008430; evidence=M22B-EVID-008603
NODE08881	signaling_cascade	module20_24_export	Node participates in at least one evidence-gated exported mechanism edge.
NODE08882	signaling_cascade	module20_24_export	Node participates in at least one evidence-gated exported mechanism edge.
NODE08883	signaling_cascade	module20_24_export	Node participates in at least one evidence-gated exported mechanism edge.
NODE08884	signaling_cascade	module20_24_export	Node participates in at least one evidence-gated exported mechanism edge.
NODE08885	signaling_cascade	module20_24_export	Node participates in at least one evidence-gated exported mechanism edge.
NODE08886	signaling_cascade	module20_24_export	Node participates in at least one evidence-gated exported mechanism edge.
NODE08887	signaling_cascade	module20_24_export	Node participates in at least one evidence-gated exported mechanism edge.
NODE08888	signaling_cascade	module20_24_export	Node participates in at least one evidence-gated exported mechanism edge.
NODE08889	signaling_cascade	module20_24_export	Node participates in at least one evidence-gated exported mechanism edge.
NODE08890	ligand	register_ligand_receptor_layer	edge=M20B-E004910; evidence=M20B-EVID-004910;M20B-EVID-004910-P2-DIRECT;M20B-EVID-004910-P2-FUNC;M20B-EVID-004910-P2-RELAY || edge=M20B-E004911; evidence=M20B-EVID-004911;M20B-EVID-004911-P2-DIRECT;M20B-EVID-004911-P2-FUNC;M20B-EVID-004911-P2-RELAY || edge=M20B-E004912; evidence=M20B-EVID-004912;M20B-EVID-004912-P2-DIRECT;M20B-EVID-004912-P2-FUNC;M20B-EVID-004912-P2-RELAY || edge=M20B-E004913; evidence=M20B-EVID-004913;M20B-EVID-004913-P2-DIRECT;M20B-EVID-004913-P2-FUNC;M20B-EVID-004913-P2-RELAY || edge=M20B-E004915; evidence=M20B-EVID-004915;M20B-EVID-004915-P2-DIRECT;M20B-EVID-004915-P2-FUNC;M20B-EVID-004915-P2-RELAY || edge=M20B-E004919; evidence=M20B-EVID-004919;M20B-EVID-004919-P2-DIRECT;M20B-EVID-004919-P2-FUNC;M20B-EVID-004919-P2-RELAY
NODE08890	signaling_cascade	module20_24_export	Node participates in at least one evidence-gated exported mechanism edge.
NODE08890	target_gene	register_target_gene_layer	edge=M22B-E009990; evidence=M22B-EVID-010163 || edge=M22B-E010058; evidence=M22B-EVID-010231
NODE08891	signaling_cascade	module20_24_export	Node participates in at least one evidence-gated exported mechanism edge.
NODE08891	target_gene	register_target_gene_layer	edge=M22B-E000174; evidence=M22B-EVID-000141
NODE08892	signaling_cascade	module20_24_export	Node participates in at least one evidence-gated exported mechanism edge.
NODE08893	signaling_cascade	module20_24_export	Node participates in at least one evidence-gated exported mechanism edge.
NODE08894	signaling_cascade	module20_24_export	Node participates in at least one evidence-gated exported mechanism edge.
NODE08895	signaling_cascade	module20_24_export	Node participates in at least one evidence-gated exported mechanism edge.
NODE08896	signaling_cascade	module20_24_export	Node participates in at least one evidence-gated exported mechanism edge.
NODE08897	signaling_cascade	module20_24_export	Node participates in at least one evidence-gated exported mechanism edge.
NODE08898	signaling_cascade	module20_24_export	Node participates in at least one evidence-gated exported mechanism edge.
NODE08899	signaling_cascade	module20_24_export	Node participates in at least one evidence-gated exported mechanism edge.
NODE08900	signaling_cascade	module20_24_export	Node participates in at least one evidence-gated exported mechanism edge.
NODE08901	signaling_cascade	module20_24_export	Node participates in at least one evidence-gated exported mechanism edge.
NODE08902	signaling_cascade	module20_24_export	Node participates in at least one evidence-gated exported mechanism edge.
NODE08903	signaling_cascade	module20_24_export	Node participates in at least one evidence-gated exported mechanism edge.
NODE08903	target_gene	register_target_gene_layer	edge=M22B-E006901; evidence=M22B-EVID-007074 || edge=M22B-E009031; evidence=M22B-EVID-009204
NODE08904	signaling_cascade	module20_24_export	Node participates in at least one evidence-gated exported mechanism edge.
NODE08905	signaling_cascade	module20_24_export	Node participates in at least one evidence-gated exported mechanism edge.
NODE08906	signaling_cascade	module20_24_export	Node participates in at least one evidence-gated exported mechanism edge.
NODE08907	signaling_cascade	module20_24_export	Node participates in at least one evidence-gated exported mechanism edge.
NODE08908	signaling_cascade	module20_24_export	Node participates in at least one evidence-gated exported mechanism edge.
NODE08908	target_gene	register_target_gene_layer	edge=M22B-E007893; evidence=M22B-EVID-008066
NODE08909	signaling_cascade	module20_24_export	Node participates in at least one evidence-gated exported mechanism edge.
NODE08909	target_gene	register_target_gene_layer	edge=M22B-E009331; evidence=M22B-EVID-009504
NODE08910	signaling_cascade	module20_24_export	Node participates in at least one evidence-gated exported mechanism edge.
NODE08911	signaling_cascade	module20_24_export	Node participates in at least one evidence-gated exported mechanism edge.
NODE08912	signaling_cascade	module20_24_export	Node participates in at least one evidence-gated exported mechanism edge.
NODE08913	signaling_cascade	module20_24_export	Node participates in at least one evidence-gated exported mechanism edge.
NODE08914	signaling_cascade	module20_24_export	Node participates in at least one evidence-gated exported mechanism edge.
NODE08914	target_gene	register_target_gene_layer	edge=M22B-E007287; evidence=M22B-EVID-007460
NODE08915	signaling_cascade	module20_24_export	Node participates in at least one evidence-gated exported mechanism edge.
NODE08916	signaling_cascade	module20_24_export	Node participates in at least one evidence-gated exported mechanism edge.
NODE08917	signaling_cascade	module20_24_export	Node participates in at least one evidence-gated exported mechanism edge.
NODE08918	signaling_cascade	module20_24_export	Node participates in at least one evidence-gated exported mechanism edge.
NODE08919	signaling_cascade	module20_24_export	Node participates in at least one evidence-gated exported mechanism edge.
NODE08920	signaling_cascade	module20_24_export	Node participates in at least one evidence-gated exported mechanism edge.
NODE08921	signaling_cascade	module20_24_export	Node participates in at least one evidence-gated exported mechanism edge.
NODE08922	signaling_cascade	module20_24_export	Node participates in at least one evidence-gated exported mechanism edge.
NODE08923	signaling_cascade	module20_24_export	Node participates in at least one evidence-gated exported mechanism edge.
NODE08924	signaling_cascade	module20_24_export	Node participates in at least one evidence-gated exported mechanism edge.
NODE08925	signaling_cascade	module20_24_export	Node participates in at least one evidence-gated exported mechanism edge.
NODE08926	signaling_cascade	module20_24_export	Node participates in at least one evidence-gated exported mechanism edge.
NODE08927	signaling_cascade	module20_24_export	Node participates in at least one evidence-gated exported mechanism edge.
NODE08928	signaling_cascade	module20_24_export	Node participates in at least one evidence-gated exported mechanism edge.
NODE08929	signaling_cascade	module20_24_export	Node participates in at least one evidence-gated exported mechanism edge.
NODE08930	signaling_cascade	module20_24_export	Node participates in at least one evidence-gated exported mechanism edge.
NODE08931	signaling_cascade	module20_24_export	Node participates in at least one evidence-gated exported mechanism edge.
NODE08932	signaling_cascade	module20_24_export	Node participates in at least one evidence-gated exported mechanism edge.
NODE08933	signaling_cascade	module20_24_export	Node participates in at least one evidence-gated exported mechanism edge.
NODE08934	signaling_cascade	module20_24_export	Node participates in at least one evidence-gated exported mechanism edge.
NODE08935	signaling_cascade	module20_24_export	Node participates in at least one evidence-gated exported mechanism edge.
NODE08936	signaling_cascade	module20_24_export	Node participates in at least one evidence-gated exported mechanism edge.
NODE08937	signaling_cascade	module20_24_export	Node participates in at least one evidence-gated exported mechanism edge.
NODE08938	signaling_cascade	module20_24_export	Node participates in at least one evidence-gated exported mechanism edge.
NODE08939	signaling_cascade	module20_24_export	Node participates in at least one evidence-gated exported mechanism edge.
NODE08940	signaling_cascade	module20_24_export	Node participates in at least one evidence-gated exported mechanism edge.
NODE08941	signaling_cascade	module20_24_export	Node participates in at least one evidence-gated exported mechanism edge.
NODE08942	signaling_cascade	module20_24_export	Node participates in at least one evidence-gated exported mechanism edge.
NODE08942	target_gene	register_target_gene_layer	edge=M22B-E006902; evidence=M22B-EVID-007075 || edge=M22B-E009032; evidence=M22B-EVID-009205
NODE08943	signaling_cascade	module20_24_export	Node participates in at least one evidence-gated exported mechanism edge.
NODE08944	receptor	register_ligand_receptor_layer	edge=M20B-E002904; evidence=M20B-EVID-002904 || edge=M20B-E004903; evidence=M20B-EVID-004903;M20B-EVID-004903-P2-DIRECT;M20B-EVID-004903-P2-FUNC;M20B-EVID-004903-P2-RELAY || edge=M23B-E000319; evidence=M23B-EVID-000474
NODE08944	signaling_cascade	module20_24_export	Node participates in at least one evidence-gated exported mechanism edge.
NODE08944	target_gene	register_target_gene_layer	edge=M22B-E010642; evidence=M22B-EVID-010738
NODE08945	receptor	register_ligand_receptor_layer	edge=M23B-E000986; evidence=M23B-EVID-001331
NODE08945	signaling_cascade	module20_24_export	Node participates in at least one evidence-gated exported mechanism edge.
NODE08946	signaling_cascade	module20_24_export	Node participates in at least one evidence-gated exported mechanism edge.
NODE08947	signaling_cascade	module20_24_export	Node participates in at least one evidence-gated exported mechanism edge.
NODE08948	signaling_cascade	module20_24_export	Node participates in at least one evidence-gated exported mechanism edge.
NODE08949	signaling_cascade	module20_24_export	Node participates in at least one evidence-gated exported mechanism edge.
NODE08950	signaling_cascade	module20_24_export	Node participates in at least one evidence-gated exported mechanism edge.
NODE08951	signaling_cascade	module20_24_export	Node participates in at least one evidence-gated exported mechanism edge.
NODE08952	signaling_cascade	module20_24_export	Node participates in at least one evidence-gated exported mechanism edge.
NODE08952	target_gene	register_target_gene_layer	edge=M22B-E009884; evidence=M22B-EVID-010057
NODE08953	signaling_cascade	module20_24_export	Node participates in at least one evidence-gated exported mechanism edge.
NODE08954	signaling_cascade	module20_24_export	Node participates in at least one evidence-gated exported mechanism edge.
NODE08955	signaling_cascade	module20_24_export	Node participates in at least one evidence-gated exported mechanism edge.
NODE08955	target_gene	register_target_gene_layer	edge=M22B-E007894; evidence=M22B-EVID-008067 || edge=M22B-E009332; evidence=M22B-EVID-009505
NODE08956	signaling_cascade	module20_24_export	Node participates in at least one evidence-gated exported mechanism edge.
NODE08956	transcription_factor	register_target_gene_layer	edge=M22B-E010663; evidence=M22B-EVID-010757
NODE08957	signaling_cascade	module20_24_export	Node participates in at least one evidence-gated exported mechanism edge.
NODE08958	signaling_cascade	module20_24_export	Node participates in at least one evidence-gated exported mechanism edge.
NODE08958	target_gene	register_target_gene_layer	edge=M22B-E007288; evidence=M22B-EVID-007461
NODE08959	signaling_cascade	module20_24_export	Node participates in at least one evidence-gated exported mechanism edge.
NODE08959	target_gene	register_target_gene_layer	edge=M22B-E006903; evidence=M22B-EVID-007076 || edge=M22B-E007019; evidence=M22B-EVID-007192 || edge=M22B-E009033; evidence=M22B-EVID-009206
NODE08960	signaling_cascade	module20_24_export	Node participates in at least one evidence-gated exported mechanism edge.
NODE08961	signaling_cascade	module20_24_export	Node participates in at least one evidence-gated exported mechanism edge.
NODE08962	signaling_cascade	module20_24_export	Node participates in at least one evidence-gated exported mechanism edge.
NODE08963	signaling_cascade	module20_24_export	Node participates in at least one evidence-gated exported mechanism edge.
NODE08964	signaling_cascade	module20_24_export	Node participates in at least one evidence-gated exported mechanism edge.
NODE08964	target_gene	register_target_gene_layer	edge=M22B-E006904; evidence=M22B-EVID-007077
NODE08965	signaling_cascade	module20_24_export	Node participates in at least one evidence-gated exported mechanism edge.
NODE08965	target_gene	register_target_gene_layer	edge=M22B-E005832; evidence=M22B-EVID-006005 || edge=M22B-E007996; evidence=M22B-EVID-008169 || edge=M22B-E010062; evidence=M22B-EVID-010235
NODE08966	signaling_cascade	module20_24_export	Node participates in at least one evidence-gated exported mechanism edge.
NODE08966	target_gene	register_target_gene_layer	edge=M22B-E009385; evidence=M22B-EVID-009558
NODE08967	signaling_cascade	module20_24_export	Node participates in at least one evidence-gated exported mechanism edge.
NODE08967	target_gene	register_target_gene_layer	edge=M22B-E006425; evidence=M22B-EVID-006598 || edge=M22B-E008578; evidence=M22B-EVID-008751 || edge=M22B-E009793; evidence=M22B-EVID-009966
NODE08968	signaling_cascade	module20_24_export	Node participates in at least one evidence-gated exported mechanism edge.
NODE08969	signaling_cascade	module20_24_export	Node participates in at least one evidence-gated exported mechanism edge.
NODE08970	signaling_cascade	module20_24_export	Node participates in at least one evidence-gated exported mechanism edge.
NODE08971	signaling_cascade	module20_24_export	Node participates in at least one evidence-gated exported mechanism edge.
NODE08971	target_gene	register_target_gene_layer	edge=M22B-E010596; evidence=M22B-EVID-010692
NODE08972	signaling_cascade	module20_24_export	Node participates in at least one evidence-gated exported mechanism edge.
NODE08972	target_gene	register_target_gene_layer	edge=M22B-E006426; evidence=M22B-EVID-006599 || edge=M22B-E008579; evidence=M22B-EVID-008752
NODE08973	signaling_cascade	module20_24_export	Node participates in at least one evidence-gated exported mechanism edge.
NODE08974	signaling_cascade	module20_24_export	Node participates in at least one evidence-gated exported mechanism edge.
NODE08974	target_gene	register_target_gene_layer	edge=M22B-E010244; evidence=M22B-EVID-010417
NODE08975	signaling_cascade	module20_24_export	Node participates in at least one evidence-gated exported mechanism edge.
NODE08975	target_gene	register_target_gene_layer	edge=M22B-E005833; evidence=M22B-EVID-006006 || edge=M22B-E006103; evidence=M22B-EVID-006276 || edge=M22B-E006905; evidence=M22B-EVID-007078 || edge=M22B-E007289; evidence=M22B-EVID-007462 || edge=M22B-E007997; evidence=M22B-EVID-008170 || edge=M22B-E008258; evidence=M22B-EVID-008431 || edge=M22B-E009034; evidence=M22B-EVID-009207
NODE08976	signaling_cascade	module20_24_export	Node participates in at least one evidence-gated exported mechanism edge.
NODE08976	target_gene	register_target_gene_layer	edge=M22B-E007290; evidence=M22B-EVID-007463
NODE08977	signaling_cascade	module20_24_export	Node participates in at least one evidence-gated exported mechanism edge.
NODE08978	signaling_cascade	module20_24_export	Node participates in at least one evidence-gated exported mechanism edge.
NODE08979	signaling_cascade	module20_24_export	Node participates in at least one evidence-gated exported mechanism edge.
NODE08980	signaling_cascade	module20_24_export	Node participates in at least one evidence-gated exported mechanism edge.
NODE08980	target_gene	register_target_gene_layer	edge=M22B-E005942; evidence=M22B-EVID-006115 || edge=M22B-E008111; evidence=M22B-EVID-008284
NODE08981	signaling_cascade	module20_24_export	Node participates in at least one evidence-gated exported mechanism edge.
NODE08981	target_gene	register_target_gene_layer	edge=M22B-E006906; evidence=M22B-EVID-007079
NODE08982	signaling_cascade	module20_24_export	Node participates in at least one evidence-gated exported mechanism edge.
NODE08983	signaling_cascade	module20_24_export	Node participates in at least one evidence-gated exported mechanism edge.
NODE08983	target_gene	register_target_gene_layer	edge=M22B-E009989; evidence=M22B-EVID-010162
NODE08984	signaling_cascade	module20_24_export	Node participates in at least one evidence-gated exported mechanism edge.
NODE08984	target_gene	register_target_gene_layer	edge=M22B-E009807; evidence=M22B-EVID-009980
NODE08985	signaling_cascade	module20_24_export	Node participates in at least one evidence-gated exported mechanism edge.
NODE08986	signaling_cascade	module20_24_export	Node participates in at least one evidence-gated exported mechanism edge.
NODE08986	target_gene	register_target_gene_layer	edge=M22B-E006281; evidence=M22B-EVID-006454 || edge=M22B-E008431; evidence=M22B-EVID-008604
NODE08987	signaling_cascade	module20_24_export	Node participates in at least one evidence-gated exported mechanism edge.
NODE08987	target_gene	register_target_gene_layer	edge=M22B-E006907; evidence=M22B-EVID-007080 || edge=M22B-E009035; evidence=M22B-EVID-009208
NODE08988	signaling_cascade	module20_24_export	Node participates in at least one evidence-gated exported mechanism edge.
NODE08988	target_gene	register_target_gene_layer	edge=M22B-E006908; evidence=M22B-EVID-007081 || edge=M22B-E009036; evidence=M22B-EVID-009209
NODE08989	signaling_cascade	module20_24_export	Node participates in at least one evidence-gated exported mechanism edge.
NODE08989	target_gene	register_target_gene_layer	edge=M22B-E007291; evidence=M22B-EVID-007464
NODE08990	signaling_cascade	module20_24_export	Node participates in at least one evidence-gated exported mechanism edge.
NODE08990	target_gene	register_target_gene_layer	edge=M22B-E006104; evidence=M22B-EVID-006277 || edge=M22B-E008259; evidence=M22B-EVID-008432
NODE08991	signaling_cascade	module20_24_export	Node participates in at least one evidence-gated exported mechanism edge.
NODE08991	target_gene	register_target_gene_layer	edge=M22B-E006909; evidence=M22B-EVID-007082 || edge=M22B-E009037; evidence=M22B-EVID-009210
NODE08992	signaling_cascade	module20_24_export	Node participates in at least one evidence-gated exported mechanism edge.
NODE08992	target_gene	register_target_gene_layer	edge=M22B-E009414; evidence=M22B-EVID-009587 || edge=M22B-E009591; evidence=M22B-EVID-009764
NODE08993	signaling_cascade	module20_24_export	Node participates in at least one evidence-gated exported mechanism edge.
NODE08993	target_gene	register_target_gene_layer	edge=M22B-E005943; evidence=M22B-EVID-006116 || edge=M22B-E006427; evidence=M22B-EVID-006600 || edge=M22B-E006910; evidence=M22B-EVID-007083 || edge=M22B-E007895; evidence=M22B-EVID-008068 || edge=M22B-E008112; evidence=M22B-EVID-008285 || edge=M22B-E008580; evidence=M22B-EVID-008753 || edge=M22B-E009038; evidence=M22B-EVID-009211 || edge=M22B-E009333; evidence=M22B-EVID-009506 || edge=M22B-E009765; evidence=M22B-EVID-009938 || edge=M22B-E009885; evidence=M22B-EVID-010058
NODE08994	signaling_cascade	module20_24_export	Node participates in at least one evidence-gated exported mechanism edge.
NODE08995	signaling_cascade	module20_24_export	Node participates in at least one evidence-gated exported mechanism edge.
NODE08995	target_gene	register_target_gene_layer	edge=M22B-E007542; evidence=M22B-EVID-007715 || edge=M22B-E010509; evidence=M22B-EVID-010626 || edge=M22B-E010510; evidence=M22B-EVID-010627 || edge=M22B-E010511; evidence=M22B-EVID-010627
NODE08996	signaling_cascade	module20_24_export	Node participates in at least one evidence-gated exported mechanism edge.
NODE08996	target_gene	register_target_gene_layer	edge=M22B-E009886; evidence=M22B-EVID-010059
NODE08997	signaling_cascade	module20_24_export	Node participates in at least one evidence-gated exported mechanism edge.
NODE08997	target_gene	register_target_gene_layer	edge=M22B-E006911; evidence=M22B-EVID-007084 || edge=M22B-E009039; evidence=M22B-EVID-009212
NODE08998	signaling_cascade	module20_24_export	Node participates in at least one evidence-gated exported mechanism edge.
NODE08999	signaling_cascade	module20_24_export	Node participates in at least one evidence-gated exported mechanism edge.
NODE08999	target_gene	register_target_gene_layer	edge=M22B-E009592; evidence=M22B-EVID-009765
NODE09000	signaling_cascade	module20_24_export	Node participates in at least one evidence-gated exported mechanism edge.
NODE09000	target_gene	register_target_gene_layer	edge=M22B-E007292; evidence=M22B-EVID-007465
NODE09001	receptor	register_ligand_receptor_layer	edge=M20B-E003125; evidence=M20B-EVID-003125
NODE09001	signaling_cascade	module20_24_export	Node participates in at least one evidence-gated exported mechanism edge.
NODE09002	signaling_cascade	module20_24_export	Node participates in at least one evidence-gated exported mechanism edge.
NODE09002	target_gene	register_target_gene_layer	edge=M22B-E005944; evidence=M22B-EVID-006117 || edge=M22B-E006912; evidence=M22B-EVID-007085
NODE09003	signaling_cascade	module20_24_export	Node participates in at least one evidence-gated exported mechanism edge.
NODE09003	target_gene	register_target_gene_layer	edge=M22B-E009887; evidence=M22B-EVID-010060
NODE09004	signaling_cascade	module20_24_export	Node participates in at least one evidence-gated exported mechanism edge.
NODE09004	target_gene	register_target_gene_layer	edge=M22B-E005945; evidence=M22B-EVID-006118
NODE09005	signaling_cascade	module20_24_export	Node participates in at least one evidence-gated exported mechanism edge.
NODE09005	target_gene	register_target_gene_layer	edge=M22B-E009371; evidence=M22B-EVID-009544 || edge=M22B-E009593; evidence=M22B-EVID-009766
NODE09006	signaling_cascade	module20_24_export	Node participates in at least one evidence-gated exported mechanism edge.
NODE09007	signaling_cascade	module20_24_export	Node participates in at least one evidence-gated exported mechanism edge.
NODE09008	signaling_cascade	module20_24_export	Node participates in at least one evidence-gated exported mechanism edge.
NODE09009	signaling_cascade	module20_24_export	Node participates in at least one evidence-gated exported mechanism edge.
NODE09010	signaling_cascade	module20_24_export	Node participates in at least one evidence-gated exported mechanism edge.
NODE09010	target_gene	register_target_gene_layer	edge=M22B-E007896; evidence=M22B-EVID-008069 || edge=M22B-E009334; evidence=M22B-EVID-009507
NODE09011	signaling_cascade	module20_24_export	Node participates in at least one evidence-gated exported mechanism edge.
NODE09012	signaling_cascade	module20_24_export	Node participates in at least one evidence-gated exported mechanism edge.
NODE09013	signaling_cascade	module20_24_export	Node participates in at least one evidence-gated exported mechanism edge.
NODE09014	signaling_cascade	module20_24_export	Node participates in at least one evidence-gated exported mechanism edge.
NODE09015	signaling_cascade	module20_24_export	Node participates in at least one evidence-gated exported mechanism edge.
NODE09015	target_gene	register_target_gene_layer	edge=M22B-E007293; evidence=M22B-EVID-007466
NODE09016	signaling_cascade	module20_24_export	Node participates in at least one evidence-gated exported mechanism edge.
NODE09016	target_gene	register_target_gene_layer	edge=M22B-E007543; evidence=M22B-EVID-007716
NODE09017	signaling_cascade	module20_24_export	Node participates in at least one evidence-gated exported mechanism edge.
NODE09018	signaling_cascade	module20_24_export	Node participates in at least one evidence-gated exported mechanism edge.
NODE09018	target_gene	register_target_gene_layer	edge=M22B-E007294; evidence=M22B-EVID-007467
NODE09019	signaling_cascade	module20_24_export	Node participates in at least one evidence-gated exported mechanism edge.
NODE09019	target_gene	register_target_gene_layer	edge=M22B-E005946; evidence=M22B-EVID-006119 || edge=M22B-E008113; evidence=M22B-EVID-008286
NODE09020	signaling_cascade	module20_24_export	Node participates in at least one evidence-gated exported mechanism edge.
NODE09021	signaling_cascade	module20_24_export	Node participates in at least one evidence-gated exported mechanism edge.
NODE09022	signaling_cascade	module20_24_export	Node participates in at least one evidence-gated exported mechanism edge.
NODE09023	signaling_cascade	module20_24_export	Node participates in at least one evidence-gated exported mechanism edge.
NODE09023	target_gene	register_target_gene_layer	edge=M22B-E006282; evidence=M22B-EVID-006455 || edge=M22B-E008432; evidence=M22B-EVID-008605
NODE09024	ligand	register_ligand_receptor_layer	edge=M20B-E001790; evidence=M20B-EVID-001790 || edge=M20B-E004924; evidence=M20B-EVID-004924 || edge=M23B-E000865; evidence=M23B-EVID-001165
NODE09024	signaling_cascade	module20_24_export	Node participates in at least one evidence-gated exported mechanism edge.
NODE09024	target_gene	register_target_gene_layer	edge=M22B-E006913; evidence=M22B-EVID-007086 || edge=M22B-E009040; evidence=M22B-EVID-009213
NODE09025	signaling_cascade	module20_24_export	Node participates in at least one evidence-gated exported mechanism edge.
NODE09026	ligand	register_ligand_receptor_layer	edge=M20B-E001791; evidence=M20B-EVID-001791;M20B-EVID-005346-P2-RELAY;M20B-EVID-005347-P2-FUNC || edge=M20B-E001792; evidence=M20B-EVID-001792;M20B-EVID-005348-P2-RELAY;M20B-EVID-005349-P2-FUNC;M20B-EVID-PROMO-20260826-001
NODE09026	signaling_cascade	module20_24_export	Node participates in at least one evidence-gated exported mechanism edge.
NODE09026	target_gene	register_target_gene_layer	edge=M22B-E006283; evidence=M22B-EVID-006456
NODE09027	ligand	register_ligand_receptor_layer	edge=M23B-E001078; evidence=M23B-EVID-EXPAND23A-003
NODE09027	signaling_cascade	module20_24_export	Node participates in at least one evidence-gated exported mechanism edge.
NODE09028	signaling_cascade	module20_24_export	Node participates in at least one evidence-gated exported mechanism edge.
NODE09029	signaling_cascade	module20_24_export	Node participates in at least one evidence-gated exported mechanism edge.
NODE09030	signaling_cascade	module20_24_export	Node participates in at least one evidence-gated exported mechanism edge.
NODE09031	signaling_cascade	module20_24_export	Node participates in at least one evidence-gated exported mechanism edge.
NODE09032	signaling_cascade	module20_24_export	Node participates in at least one evidence-gated exported mechanism edge.
NODE09033	signaling_cascade	module20_24_export	Node participates in at least one evidence-gated exported mechanism edge.
NODE09034	signaling_cascade	module20_24_export	Node participates in at least one evidence-gated exported mechanism edge.
NODE09035	ligand	register_ligand_receptor_layer	edge=M20B-E004932; evidence=M20B-EVID-004932 || edge=M20B-E004933; evidence=M20B-EVID-004933 || edge=M20B-E004934; evidence=M20B-EVID-004934 || edge=M23B-E000868; evidence=M23B-EVID-001168
NODE09035	signaling_cascade	module20_24_export	Node participates in at least one evidence-gated exported mechanism edge.
NODE09035	target_gene	register_target_gene_layer	edge=M22B-E006284; evidence=M22B-EVID-006457 || edge=M22B-E008433; evidence=M22B-EVID-008606
NODE09036	signaling_cascade	module20_24_export	Node participates in at least one evidence-gated exported mechanism edge.
NODE09037	signaling_cascade	module20_24_export	Node participates in at least one evidence-gated exported mechanism edge.
NODE09038	signaling_cascade	module20_24_export	Node participates in at least one evidence-gated exported mechanism edge.
NODE09039	ligand	register_ligand_receptor_layer	edge=M20B-E001793; evidence=M20B-EVID-001793;M20B-EVID-PROMO-20260826-002 || edge=M20B-E001914; evidence=M20B-EVID-001914;M20B-EVID-PROMO-20260826-033
NODE09039	signaling_cascade	module20_24_export	Node participates in at least one evidence-gated exported mechanism edge.
NODE09040	ligand	register_ligand_receptor_layer	edge=M20B-E001794; evidence=M20B-EVID-001794 || edge=M20B-E001915; evidence=M20B-EVID-001915;M20B-EVID-PROMO-20260826-034
NODE09040	signaling_cascade	module20_24_export	Node participates in at least one evidence-gated exported mechanism edge.
NODE09041	ligand	register_ligand_receptor_layer	edge=M20B-E001916; evidence=M20B-EVID-001916 || edge=M23B-E000872; evidence=M23B-EVID-001174
NODE09041	signaling_cascade	module20_24_export	Node participates in at least one evidence-gated exported mechanism edge.
NODE09042	signaling_cascade	module20_24_export	Node participates in at least one evidence-gated exported mechanism edge.
NODE09043	ligand	register_ligand_receptor_layer	edge=M20B-E001917; evidence=M20B-EVID-001917 || edge=M23B-E000874; evidence=M23B-EVID-001177
NODE09043	signaling_cascade	module20_24_export	Node participates in at least one evidence-gated exported mechanism edge.
NODE09044	ligand	register_ligand_receptor_layer	edge=M20B-E001918; evidence=M20B-EVID-001918 || edge=M23B-E000876; evidence=M23B-EVID-001180
NODE09044	signaling_cascade	module20_24_export	Node participates in at least one evidence-gated exported mechanism edge.
NODE09045	signaling_cascade	module20_24_export	Node participates in at least one evidence-gated exported mechanism edge.
NODE09046	signaling_cascade	module20_24_export	Node participates in at least one evidence-gated exported mechanism edge.
NODE09047	ligand	register_ligand_receptor_layer	edge=M20B-E001795; evidence=M20B-EVID-001795
NODE09047	signaling_cascade	module20_24_export	Node participates in at least one evidence-gated exported mechanism edge.
NODE09048	signaling_cascade	module20_24_export	Node participates in at least one evidence-gated exported mechanism edge.
NODE09049	signaling_cascade	module20_24_export	Node participates in at least one evidence-gated exported mechanism edge.
NODE09050	signaling_cascade	module20_24_export	Node participates in at least one evidence-gated exported mechanism edge.
NODE09051	signaling_cascade	module20_24_export	Node participates in at least one evidence-gated exported mechanism edge.
NODE09052	signaling_cascade	module20_24_export	Node participates in at least one evidence-gated exported mechanism edge.
NODE09053	ligand	register_ligand_receptor_layer	edge=M20B-E004939; evidence=M20B-EVID-004939;M20B-EVID-004939-P2-DIRECT;M20B-EVID-004939-P2-FUNC;M20B-EVID-004939-P2-RELAY || edge=M20B-E004940; evidence=M20B-EVID-004940;M20B-EVID-004940-P2-BOUNDARY;M20B-EVID-004940-P2-DIRECT;M20B-EVID-004940-P2-DIRECT-FT
NODE09053	signaling_cascade	module20_24_export	Node participates in at least one evidence-gated exported mechanism edge.
NODE09054	signaling_cascade	module20_24_export	Node participates in at least one evidence-gated exported mechanism edge.
NODE09055	signaling_cascade	module20_24_export	Node participates in at least one evidence-gated exported mechanism edge.
NODE09056	ligand	register_ligand_receptor_layer	edge=M20B-E004944; evidence=M20B-EVID-004944;M20B-EVID-004944-P2-DIRECT;M20B-EVID-004944-P2-FUNC;M20B-EVID-004944-P2-RELAY
NODE09056	signaling_cascade	module20_24_export	Node participates in at least one evidence-gated exported mechanism edge.
NODE09057	signaling_cascade	module20_24_export	Node participates in at least one evidence-gated exported mechanism edge.
NODE09058	signaling_cascade	module20_24_export	Node participates in at least one evidence-gated exported mechanism edge.
NODE09059	signaling_cascade	module20_24_export	Node participates in at least one evidence-gated exported mechanism edge.
NODE09060	signaling_cascade	module20_24_export	Node participates in at least one evidence-gated exported mechanism edge.
NODE09061	signaling_cascade	module20_24_export	Node participates in at least one evidence-gated exported mechanism edge.
NODE09062	signaling_cascade	module20_24_export	Node participates in at least one evidence-gated exported mechanism edge.
NODE09062	transcription_factor	register_target_gene_layer	edge=M22B-E009917; evidence=M22B-EVID-010090 || edge=M22B-E010005; evidence=M22B-EVID-010178 || edge=M22B-E010137; evidence=M22B-EVID-010310 || edge=M22B-E010138; evidence=M22B-EVID-010311 || edge=M22B-E010139; evidence=M22B-EVID-010312
NODE09063	signaling_cascade	module20_24_export	Node participates in at least one evidence-gated exported mechanism edge.
NODE09063	transcription_factor	register_target_gene_layer	edge=M22B-E010337; evidence=M22B-EVID-010509
NODE09064	signaling_cascade	module20_24_export	Node participates in at least one evidence-gated exported mechanism edge.
NODE09064	transcription_factor	curated_role_hint;register_target_gene_layer	Module 22B SMAD1/5/8 transcriptional signaling program. || edge=M22B-E000346; evidence=M22B-EVID-000016
NODE09065	signaling_cascade	module20_24_export	Node participates in at least one evidence-gated exported mechanism edge.
NODE09065	transcription_factor	curated_role_hint	Module 22B SMAD1/5/8-SMAD4 transcriptional signaling program.
NODE09066	signaling_cascade	module20_24_export	Node participates in at least one evidence-gated exported mechanism edge.
NODE09066	transcription_factor	curated_role_hint;register_target_gene_layer	Module 22B SMAD1/5-SMAD4 transcriptional signaling program. || edge=M22B-E010102; evidence=M22B-EVID-010275
NODE09067	signaling_cascade	module20_24_export	Node participates in at least one evidence-gated exported mechanism edge.
NODE09068	signaling_cascade	module20_24_export	Node participates in at least one evidence-gated exported mechanism edge.
NODE09069	signaling_cascade	module20_24_export	Node participates in at least one evidence-gated exported mechanism edge.
NODE09070	signaling_cascade	module20_24_export	Node participates in at least one evidence-gated exported mechanism edge.
NODE09070	transcription_factor	curated_role_hint;register_target_gene_layer	Module 22B SMAD1-SMAD4 transcriptional signaling program. || edge=M22B-E000353; evidence=M22B-EVID-000037
NODE09071	signaling_cascade	module20_24_export	Node participates in at least one evidence-gated exported mechanism edge.
NODE09071	transcription_factor	register_target_gene_layer	edge=M22B-E000354; evidence=M22B-EVID-000088 || edge=M22B-E010109; evidence=M22B-EVID-010282
NODE09072	signaling_cascade	module20_24_export	Node participates in at least one evidence-gated exported mechanism edge.
NODE09072	transcription_factor	register_target_gene_layer	edge=M22B-E010103; evidence=M22B-EVID-010276 || edge=M22B-E010104; evidence=M22B-EVID-010277 || edge=M22B-E010105; evidence=M22B-EVID-010278 || edge=M22B-E010106; evidence=M22B-EVID-010279 || edge=M22B-E010107; evidence=M22B-EVID-010280 || edge=M22B-E010108; evidence=M22B-EVID-010281
NODE09073	signaling_cascade	module20_24_export	Node participates in at least one evidence-gated exported mechanism edge.
NODE09074	signaling_cascade	module20_24_export	Node participates in at least one evidence-gated exported mechanism edge.
NODE09075	signaling_cascade	module20_24_export	Node participates in at least one evidence-gated exported mechanism edge.
NODE09076	signaling_cascade	module20_24_export	Node participates in at least one evidence-gated exported mechanism edge.
NODE09076	transcription_factor	curated_role_hint;register_target_gene_layer	Module 21B TGF-beta-SMAD receptor-proximal relay and nuclear transcriptional relay. || edge=M22B-E009918; evidence=M22B-EVID-010091 || edge=M22B-E009919; evidence=M22B-EVID-010092 || edge=M22B-E010270; evidence=M22B-EVID-010443 || edge=M22B-E010694; evidence=M22B-EVID-010787
NODE09077	signaling_cascade	module20_24_export	Node participates in at least one evidence-gated exported mechanism edge.
NODE09078	signaling_cascade	module20_24_export	Node participates in at least one evidence-gated exported mechanism edge.
NODE09078	transcription_factor	curated_role_hint	Module 21B TGF-beta-SMAD SMAD2/3 complex.
NODE09079	signaling_cascade	module20_24_export	Node participates in at least one evidence-gated exported mechanism edge.
NODE09079	transcription_factor	curated_role_hint;register_target_gene_layer	Module 22B SMAD2/3 transcriptional signaling program. || edge=M22B-E000378; evidence=M22B-EVID-000378
NODE09080	signaling_cascade	module20_24_export	Node participates in at least one evidence-gated exported mechanism edge.
NODE09081	signaling_cascade	module20_24_export	Node participates in at least one evidence-gated exported mechanism edge.
NODE09082	signaling_cascade	module20_24_export	Node participates in at least one evidence-gated exported mechanism edge.
NODE09082	transcription_factor	curated_role_hint	Module 22B SMAD2/3-SMAD4 transcriptional signaling program.
NODE09083	signaling_cascade	module20_24_export	Node participates in at least one evidence-gated exported mechanism edge.
NODE09083	transcription_factor	register_target_gene_layer	edge=M22B-E000381; evidence=M22B-EVID-000379
NODE09084	signaling_cascade	module20_24_export	Node participates in at least one evidence-gated exported mechanism edge.
NODE09084	transcription_factor	curated_role_hint;register_target_gene_layer	Module 22B SMAD2/3 transcriptional signaling program. || edge=M22B-E010110; evidence=M22B-EVID-010283 || edge=M22B-E010111; evidence=M22B-EVID-010284 || edge=M22B-E010112; evidence=M22B-EVID-010285 || edge=M22B-E010113; evidence=M22B-EVID-010286 || edge=M22B-E010132; evidence=M22B-EVID-010305 || edge=M22B-E010133; evidence=M22B-EVID-010306
NODE09085	signaling_cascade	module20_24_export	Node participates in at least one evidence-gated exported mechanism edge.
NODE09085	target_gene	register_target_gene_layer	edge=M22B-E007295; evidence=M22B-EVID-007468 || edge=M22B-E007544; evidence=M22B-EVID-007717 || edge=M22B-E007897; evidence=M22B-EVID-008070 || edge=M22B-E009335; evidence=M22B-EVID-009508
NODE09085	transcription_factor	curated_role_hint;register_target_gene_layer	Module 21B TGF-beta-SMAD receptor-proximal relay and nuclear transcriptional relay. || edge=M22B-E009959; evidence=M22B-EVID-010132 || edge=M22B-E010114; evidence=M22B-EVID-010287 || edge=M22B-E010203; evidence=M22B-EVID-010376 || edge=M22B-E010525; evidence=M22B-EVID-010638 || edge=M22B-E010660; evidence=M22B-EVID-010755 || edge=M22B-E010691; evidence=M22B-EVID-010784 || edge=M22B-E010692; evidence=M22B-EVID-010785 || edge=M22B-E010693; evidence=M22B-EVID-010786
NODE09086	signaling_cascade	module20_24_export	Node participates in at least one evidence-gated exported mechanism edge.
NODE09087	signaling_cascade	module20_24_export	Node participates in at least one evidence-gated exported mechanism edge.
NODE09088	signaling_cascade	module20_24_export	Node participates in at least one evidence-gated exported mechanism edge.
NODE09089	signaling_cascade	module20_24_export	Node participates in at least one evidence-gated exported mechanism edge.
NODE09089	transcription_factor	curated_role_hint;register_target_gene_layer	Module 22B SMAD3-SMAD4 transcriptional signaling program. || edge=M22B-E000391; evidence=M22B-EVID-000021 || edge=M22B-E000392; evidence=M22B-EVID-000022 || edge=M22B-E000393; evidence=M22B-EVID-000020 || edge=M22B-E000394; evidence=M22B-EVID-000019
NODE09090	signaling_cascade	module20_24_export	Node participates in at least one evidence-gated exported mechanism edge.
NODE09090	target_gene	register_target_gene_layer	edge=M22B-E006212; evidence=M22B-EVID-006385 || edge=M22B-E007296; evidence=M22B-EVID-007469 || edge=M22B-E008360; evidence=M22B-EVID-008533
NODE09090	transcription_factor	curated_role_hint;register_target_gene_layer	Module 21B TGF-beta-SMAD SMAD2/3-SMAD4 complex and nuclear relay. || edge=M22B-E010167; evidence=M22B-EVID-010340 || edge=M22B-E010346; evidence=M22B-EVID-010518 || edge=M22B-E010526; evidence=M22B-EVID-010638 || edge=M22B-E010578; evidence=M22B-EVID-010674 || edge=M22B-E010661; evidence=M22B-EVID-010755
NODE09091	signaling_cascade	module20_24_export	Node participates in at least one evidence-gated exported mechanism edge.
NODE09091	transcription_factor	register_target_gene_layer	edge=M22B-E000396; evidence=M22B-EVID-000041
NODE09092	signaling_cascade	module20_24_export	Node participates in at least one evidence-gated exported mechanism edge.
NODE09092	target_gene	register_target_gene_layer	edge=M22B-E009808; evidence=M22B-EVID-009981
NODE09093	signaling_cascade	module20_24_export	Node participates in at least one evidence-gated exported mechanism edge.
NODE09093	target_gene	register_target_gene_layer	edge=M22B-E000354; evidence=M22B-EVID-000088 || edge=M22B-E006213; evidence=M22B-EVID-006386 || edge=M22B-E006570; evidence=M22B-EVID-006743 || edge=M22B-E007297; evidence=M22B-EVID-007470 || edge=M22B-E008361; evidence=M22B-EVID-008534 || edge=M22B-E008724; evidence=M22B-EVID-008897
NODE09094	signaling_cascade	module20_24_export	Node participates in at least one evidence-gated exported mechanism edge.
NODE09095	signaling_cascade	module20_24_export	Node participates in at least one evidence-gated exported mechanism edge.
NODE09096	signaling_cascade	module20_24_export	Node participates in at least one evidence-gated exported mechanism edge.
NODE09096	target_gene	register_target_gene_layer	edge=M22B-E007545; evidence=M22B-EVID-007718
NODE09097	signaling_cascade	module20_24_export	Node participates in at least one evidence-gated exported mechanism edge.
NODE09097	target_gene	register_target_gene_layer	edge=M22B-E006914; evidence=M22B-EVID-007087 || edge=M22B-E009041; evidence=M22B-EVID-009214
NODE09098	signaling_cascade	module20_24_export	Node participates in at least one evidence-gated exported mechanism edge.
NODE09099	signaling_cascade	module20_24_export	Node participates in at least one evidence-gated exported mechanism edge.
NODE09100	signaling_cascade	module20_24_export	Node participates in at least one evidence-gated exported mechanism edge.
NODE09100	target_gene	register_target_gene_layer	edge=M22B-E009042; evidence=M22B-EVID-009215 || edge=M22B-E009451; evidence=M22B-EVID-009624
NODE09101	signaling_cascade	module20_24_export	Node participates in at least one evidence-gated exported mechanism edge.
NODE09101	target_gene	register_target_gene_layer	edge=M22B-E006915; evidence=M22B-EVID-007088
NODE09102	signaling_cascade	module20_24_export	Node participates in at least one evidence-gated exported mechanism edge.
NODE09102	target_gene	register_target_gene_layer	edge=M22B-E009950; evidence=M22B-EVID-010123
NODE09103	signaling_cascade	module20_24_export	Node participates in at least one evidence-gated exported mechanism edge.
NODE09104	signaling_cascade	module20_24_export	Node participates in at least one evidence-gated exported mechanism edge.
NODE09105	signaling_cascade	module20_24_export	Node participates in at least one evidence-gated exported mechanism edge.
NODE09106	signaling_cascade	module20_24_export	Node participates in at least one evidence-gated exported mechanism edge.
NODE09107	signaling_cascade	module20_24_export	Node participates in at least one evidence-gated exported mechanism edge.
NODE09107	target_gene	register_target_gene_layer	edge=M22B-E007298; evidence=M22B-EVID-007471
NODE09108	signaling_cascade	module20_24_export	Node participates in at least one evidence-gated exported mechanism edge.
NODE09108	target_gene	register_target_gene_layer	edge=M22B-E007898; evidence=M22B-EVID-008071 || edge=M22B-E009336; evidence=M22B-EVID-009509
NODE09109	signaling_cascade	module20_24_export	Node participates in at least one evidence-gated exported mechanism edge.
NODE09110	signaling_cascade	module20_24_export	Node participates in at least one evidence-gated exported mechanism edge.
NODE09111	signaling_cascade	module20_24_export	Node participates in at least one evidence-gated exported mechanism edge.
NODE09112	signaling_cascade	module20_24_export	Node participates in at least one evidence-gated exported mechanism edge.
NODE09112	target_gene	register_target_gene_layer	edge=M22B-E009721; evidence=M22B-EVID-009894 || edge=M22B-E009978; evidence=M22B-EVID-010151 || edge=M22B-E010029; evidence=M22B-EVID-010202
NODE09112	transcription_factor	register_target_gene_layer	edge=M22B-E010216; evidence=M22B-EVID-010389
NODE09113	signaling_cascade	module20_24_export	Node participates in at least one evidence-gated exported mechanism edge.
NODE09113	target_gene	register_target_gene_layer	edge=M22B-E009780; evidence=M22B-EVID-009953 || edge=M22B-E009979; evidence=M22B-EVID-010152
NODE09113	transcription_factor	register_target_gene_layer	edge=M22B-E010362; evidence=M22B-EVID-010534
NODE09114	signaling_cascade	module20_24_export	Node participates in at least one evidence-gated exported mechanism edge.
NODE09115	ligand	register_ligand_receptor_layer	edge=M20B-E004948; evidence=M20B-EVID-004948;M20B-EVID-004948-P2-BOUNDARY;M20B-EVID-004948-P2-DIRECT;M20B-EVID-004948-P2-FUNC;M20B-EVID-004948-P2-RELAY
NODE09115	signaling_cascade	module20_24_export	Node participates in at least one evidence-gated exported mechanism edge.
NODE09116	signaling_cascade	module20_24_export	Node participates in at least one evidence-gated exported mechanism edge.
NODE09116	target_gene	register_target_gene_layer	edge=M22B-E006982; evidence=M22B-EVID-007155 || edge=M22B-E009096; evidence=M22B-EVID-009269
NODE09117	signaling_cascade	module20_24_export	Node participates in at least one evidence-gated exported mechanism edge.
NODE09117	target_gene	register_target_gene_layer	edge=M22B-E007546; evidence=M22B-EVID-007719
NODE09118	signaling_cascade	module20_24_export	Node participates in at least one evidence-gated exported mechanism edge.
NODE09118	target_gene	register_target_gene_layer	edge=M22B-E006916; evidence=M22B-EVID-007089 || edge=M22B-E009043; evidence=M22B-EVID-009216
NODE09119	signaling_cascade	module20_24_export	Node participates in at least one evidence-gated exported mechanism edge.
NODE09119	target_gene	register_target_gene_layer	edge=M22B-E006917; evidence=M22B-EVID-007090 || edge=M22B-E009044; evidence=M22B-EVID-009217
NODE09120	signaling_cascade	module20_24_export	Node participates in at least one evidence-gated exported mechanism edge.
NODE09120	target_gene	register_target_gene_layer	edge=M22B-E006918; evidence=M22B-EVID-007091 || edge=M22B-E009045; evidence=M22B-EVID-009218
NODE09121	signaling_cascade	module20_24_export	Node participates in at least one evidence-gated exported mechanism edge.
NODE09122	signaling_cascade	module20_24_export	Node participates in at least one evidence-gated exported mechanism edge.
NODE09123	signaling_cascade	module20_24_export	Node participates in at least one evidence-gated exported mechanism edge.
NODE09124	signaling_cascade	module20_24_export	Node participates in at least one evidence-gated exported mechanism edge.
NODE09124	target_gene	register_target_gene_layer	edge=M22B-E007547; evidence=M22B-EVID-007720
NODE09125	signaling_cascade	module20_24_export	Node participates in at least one evidence-gated exported mechanism edge.
NODE09126	signaling_cascade	module20_24_export	Node participates in at least one evidence-gated exported mechanism edge.
NODE09127	signaling_cascade	module20_24_export	Node participates in at least one evidence-gated exported mechanism edge.
NODE09128	signaling_cascade	module20_24_export	Node participates in at least one evidence-gated exported mechanism edge.
NODE09129	signaling_cascade	module20_24_export	Node participates in at least one evidence-gated exported mechanism edge.
NODE09130	signaling_cascade	module20_24_export	Node participates in at least one evidence-gated exported mechanism edge.
NODE09130	target_gene	register_target_gene_layer	edge=M22B-E006105; evidence=M22B-EVID-006278 || edge=M22B-E006428; evidence=M22B-EVID-006601 || edge=M22B-E006475; evidence=M22B-EVID-006648 || edge=M22B-E007299; evidence=M22B-EVID-007472 || edge=M22B-E007548; evidence=M22B-EVID-007721 || edge=M22B-E008260; evidence=M22B-EVID-008433 || edge=M22B-E008581; evidence=M22B-EVID-008754 || edge=M22B-E008630; evidence=M22B-EVID-008803
NODE09131	signaling_cascade	module20_24_export	Node participates in at least one evidence-gated exported mechanism edge.
NODE09131	target_gene	register_target_gene_layer	edge=M22B-E007549; evidence=M22B-EVID-007722 || edge=M22B-E009430; evidence=M22B-EVID-009603
NODE09132	signaling_cascade	module20_24_export	Node participates in at least one evidence-gated exported mechanism edge.
NODE09133	signaling_cascade	module20_24_export	Node participates in at least one evidence-gated exported mechanism edge.
NODE09133	target_gene	register_target_gene_layer	edge=M22B-E000430; evidence=M22B-EVID-000066 || edge=M22B-E000431; evidence=M22B-EVID-000001;M22B-EVID-000027;M22B-EVID-000057 || edge=M22B-E007550; evidence=M22B-EVID-007723 || edge=M22B-E010116; evidence=M22B-EVID-010289 || edge=M22B-E010119; evidence=M22B-EVID-010292
NODE09134	signaling_cascade	module20_24_export	Node participates in at least one evidence-gated exported mechanism edge.
NODE09134	target_gene	register_target_gene_layer	edge=M22B-E007551; evidence=M22B-EVID-007724
NODE09135	signaling_cascade	module20_24_export	Node participates in at least one evidence-gated exported mechanism edge.
NODE09135	target_gene	register_target_gene_layer	edge=M22B-E007552; evidence=M22B-EVID-007725
NODE09136	signaling_cascade	module20_24_export	Node participates in at least one evidence-gated exported mechanism edge.
NODE09136	target_gene	register_target_gene_layer	edge=M22B-E007553; evidence=M22B-EVID-007726
NODE09137	signaling_cascade	module20_24_export	Node participates in at least one evidence-gated exported mechanism edge.
NODE09137	target_gene	register_target_gene_layer	edge=M22B-E007554; evidence=M22B-EVID-007727
NODE09138	signaling_cascade	module20_24_export	Node participates in at least one evidence-gated exported mechanism edge.
NODE09138	target_gene	register_target_gene_layer	edge=M22B-E005947; evidence=M22B-EVID-006120 || edge=M22B-E008114; evidence=M22B-EVID-008287 || edge=M22B-E009475; evidence=M22B-EVID-009648
NODE09139	signaling_cascade	module20_24_export	Node participates in at least one evidence-gated exported mechanism edge.
NODE09139	target_gene	register_target_gene_layer	edge=M22B-E009888; evidence=M22B-EVID-010061
NODE09140	receptor	register_ligand_receptor_layer	edge=M23B-E001138; evidence=M23B-EVID-EXPAND23A-063
NODE09140	signaling_cascade	module20_24_export	Node participates in at least one evidence-gated exported mechanism edge.
NODE09141	signaling_cascade	module20_24_export	Node participates in at least one evidence-gated exported mechanism edge.
NODE09142	signaling_cascade	module20_24_export	Node participates in at least one evidence-gated exported mechanism edge.
NODE09143	signaling_cascade	module20_24_export	Node participates in at least one evidence-gated exported mechanism edge.
NODE09144	signaling_cascade	module20_24_export	Node participates in at least one evidence-gated exported mechanism edge.
NODE09145	signaling_cascade	module20_24_export	Node participates in at least one evidence-gated exported mechanism edge.
NODE09145	target_gene	register_target_gene_layer	edge=M22B-E010373; evidence=M22B-EVID-010545
NODE09146	signaling_cascade	module20_24_export	Node participates in at least one evidence-gated exported mechanism edge.
NODE09147	receptor	register_ligand_receptor_layer	edge=M20B-E004304; evidence=M20B-EVID-004304;M20B-EVID-004304-P2-DIRECT;M20B-EVID-004304-P2-FUNC;M20B-EVID-004304-P2-RELAY
NODE09147	signaling_cascade	module20_24_export	Node participates in at least one evidence-gated exported mechanism edge.
NODE09148	signaling_cascade	module20_24_export	Node participates in at least one evidence-gated exported mechanism edge.
NODE09149	receptor	register_ligand_receptor_layer	edge=M20B-E002630; evidence=M20B-EVID-002630
NODE09149	signaling_cascade	module20_24_export	Node participates in at least one evidence-gated exported mechanism edge.
NODE09149	target_gene	register_target_gene_layer	edge=M22B-E010279; evidence=M22B-EVID-010452
NODE09150	signaling_cascade	module20_24_export	Node participates in at least one evidence-gated exported mechanism edge.
NODE09151	receptor	register_ligand_receptor_layer	edge=M20B-E001776; evidence=M20B-EVID-001776 || edge=M20B-E003725; evidence=M20B-EVID-003725 || edge=M20B-E004424; evidence=M20B-EVID-004424;M20B-EVID-004424-P2-DIRECT;M20B-EVID-004424-P2-FUNC;M20B-EVID-004424-P2-RELAY || edge=M20B-E004608; evidence=M20B-EVID-004608;M20B-EVID-004608-P2-DIRECT;M20B-EVID-004608-P2-FUNC;M20B-EVID-004608-P2-RELAY
NODE09151	signaling_cascade	module20_24_export	Node participates in at least one evidence-gated exported mechanism edge.
NODE09151	target_gene	register_target_gene_layer	edge=M22B-E010280; evidence=M22B-EVID-010453
NODE09152	signaling_cascade	module20_24_export	Node participates in at least one evidence-gated exported mechanism edge.
NODE09153	signaling_cascade	module20_24_export	Node participates in at least one evidence-gated exported mechanism edge.
NODE09154	signaling_cascade	module20_24_export	Node participates in at least one evidence-gated exported mechanism edge.
NODE09154	target_gene	register_target_gene_layer	edge=M22B-E005948; evidence=M22B-EVID-006121 || edge=M22B-E008115; evidence=M22B-EVID-008288
NODE09155	ligand	register_ligand_receptor_layer	edge=M20B-E004953; evidence=M20B-EVID-004953;M20B-EVID-004953-P2-BOUNDARY || edge=M20B-E004954; evidence=M20B-EVID-004954;M20B-EVID-004954-P2-DIRECT;M20B-EVID-004954-P2-FUNC;M20B-EVID-004954-P2-RELAY || edge=M20B-E004955; evidence=M20B-EVID-004955
NODE09155	signaling_cascade	module20_24_export	Node participates in at least one evidence-gated exported mechanism edge.
NODE09156	signaling_cascade	module20_24_export	Node participates in at least one evidence-gated exported mechanism edge.
NODE09157	signaling_cascade	module20_24_export	Node participates in at least one evidence-gated exported mechanism edge.
NODE09158	signaling_cascade	module20_24_export	Node participates in at least one evidence-gated exported mechanism edge.
NODE09159	ligand	register_ligand_receptor_layer	edge=M20B-E004956; evidence=M20B-EVID-004956;M20B-EVID-004956-P2-BOUNDARY;M20B-EVID-004956-P2-FUNC;M20B-EVID-004956-P2-RELAY || edge=M20B-E004958; evidence=M20B-EVID-004958
NODE09159	signaling_cascade	module20_24_export	Node participates in at least one evidence-gated exported mechanism edge.
NODE09160	signaling_cascade	module20_24_export	Node participates in at least one evidence-gated exported mechanism edge.
NODE09161	signaling_cascade	module20_24_export	Node participates in at least one evidence-gated exported mechanism edge.
NODE09162	signaling_cascade	module20_24_export	Node participates in at least one evidence-gated exported mechanism edge.
NODE09162	transcription_factor	register_target_gene_layer	edge=M22B-E010683; evidence=M22B-EVID-010776
NODE09163	signaling_cascade	module20_24_export	Node participates in at least one evidence-gated exported mechanism edge.
NODE09163	transcription_factor	register_target_gene_layer	edge=M22B-E010174; evidence=M22B-EVID-010347 || edge=M22B-E010339; evidence=M22B-EVID-010511 || edge=M22B-E010397; evidence=M22B-EVID-010569
NODE09164	signaling_cascade	module20_24_export	Node participates in at least one evidence-gated exported mechanism edge.
NODE09164	target_gene	register_target_gene_layer	edge=M22B-E010255; evidence=M22B-EVID-010428
NODE09164	transcription_factor	register_target_gene_layer	edge=M22B-E009944; evidence=M22B-EVID-010117 || edge=M22B-E009945; evidence=M22B-EVID-010118 || edge=M22B-E010026; evidence=M22B-EVID-010199 || edge=M22B-E010027; evidence=M22B-EVID-010200 || edge=M22B-E010115; evidence=M22B-EVID-010288 || edge=M22B-E010116; evidence=M22B-EVID-010289
NODE09165	signaling_cascade	module20_24_export	Node participates in at least one evidence-gated exported mechanism edge.
NODE09165	target_gene	register_target_gene_layer	edge=M22B-E009986; evidence=M22B-EVID-010159
NODE09166	signaling_cascade	module20_24_export	Node participates in at least one evidence-gated exported mechanism edge.
NODE09166	transcription_factor	register_target_gene_layer	edge=M22B-E010553; evidence=M22B-EVID-010656
NODE09167	signaling_cascade	module20_24_export	Node participates in at least one evidence-gated exported mechanism edge.
NODE09167	target_gene	register_target_gene_layer	edge=M22B-E010115; evidence=M22B-EVID-010288
NODE09168	signaling_cascade	module20_24_export	Node participates in at least one evidence-gated exported mechanism edge.
NODE09168	target_gene	register_target_gene_layer	edge=M22B-E009386; evidence=M22B-EVID-009559 || edge=M22B-E009452; evidence=M22B-EVID-009625 || edge=M22B-E009971; evidence=M22B-EVID-010144
NODE09169	signaling_cascade	module20_24_export	Node participates in at least one evidence-gated exported mechanism edge.
NODE09169	target_gene	register_target_gene_layer	edge=M22B-E009594; evidence=M22B-EVID-009767 || edge=M22B-E010048; evidence=M22B-EVID-010221 || edge=M22B-E010254; evidence=M22B-EVID-010427
NODE09169	transcription_factor	register_target_gene_layer	edge=M22B-E010172; evidence=M22B-EVID-010345 || edge=M22B-E010208; evidence=M22B-EVID-010381 || edge=M22B-E010347; evidence=M22B-EVID-010519 || edge=M22B-E010554; evidence=M22B-EVID-010656 || edge=M22B-E010657; evidence=M22B-EVID-010752 || edge=M22B-E010671; evidence=M22B-EVID-010764
NODE09170	signaling_cascade	module20_24_export	Node participates in at least one evidence-gated exported mechanism edge.
NODE09171	signaling_cascade	module20_24_export	Node participates in at least one evidence-gated exported mechanism edge.
NODE09172	signaling_cascade	module20_24_export	Node participates in at least one evidence-gated exported mechanism edge.
NODE09172	transcription_factor	register_target_gene_layer	edge=M22B-E005755; evidence=M22B-EVID-005928 || edge=M22B-E005756; evidence=M22B-EVID-005929 || edge=M22B-E007024; evidence=M22B-EVID-007197 || edge=M22B-E007025; evidence=M22B-EVID-007198 || edge=M22B-E007026; evidence=M22B-EVID-007199 || edge=M22B-E007027; evidence=M22B-EVID-007200 || edge=M22B-E007028; evidence=M22B-EVID-007201 || edge=M22B-E007029; evidence=M22B-EVID-007202 || edge=M22B-E007030; evidence=M22B-EVID-007203 || edge=M22B-E007031; evidence=M22B-EVID-007204 || edge=M22B-E007032; evidence=M22B-EVID-007205 || edge=M22B-E007033; evidence=M22B-EVID-007206 || edge=M22B-E007034; evidence=M22B-EVID-007207 || edge=M22B-E007035; evidence=M22B-EVID-007208 || edge=M22B-E007036; evidence=M22B-EVID-007209 || edge=M22B-E007037; evidence=M22B-EVID-007210 || edge=M22B-E007038; evidence=M22B-EVID-007211 || edge=M22B-E007039; evidence=M22B-EVID-007212 || edge=M22B-E007040; evidence=M22B-EVID-007213 || edge=M22B-E007041; evidence=M22B-EVID-007214 || edge=M22B-E007042; evidence=M22B-EVID-007215 || edge=M22B-E007043; evidence=M22B-EVID-007216 || edge=M22B-E007044; evidence=M22B-EVID-007217 || edge=M22B-E007045; evidence=M22B-EVID-007218 || edge=M22B-E007046; evidence=M22B-EVID-007219 || edge=M22B-E007047; evidence=M22B-EVID-007220 || edge=M22B-E007048; evidence=M22B-EVID-007221 || edge=M22B-E007049; evidence=M22B-EVID-007222 || edge=M22B-E007050; evidence=M22B-EVID-007223 || edge=M22B-E007051; evidence=M22B-EVID-007224 || edge=M22B-E007052; evidence=M22B-EVID-007225 || edge=M22B-E007053; evidence=M22B-EVID-007226 || edge=M22B-E007054; evidence=M22B-EVID-007227 || edge=M22B-E007055; evidence=M22B-EVID-007228 || edge=M22B-E007056; evidence=M22B-EVID-007229 || edge=M22B-E007057; evidence=M22B-EVID-007230 || edge=M22B-E007058; evidence=M22B-EVID-007231 || edge=M22B-E007059; evidence=M22B-EVID-007232 || edge=M22B-E007060; evidence=M22B-EVID-007233 || edge=M22B-E007061; evidence=M22B-EVID-007234 || edge=M22B-E007062; evidence=M22B-EVID-007235 || edge=M22B-E007063; evidence=M22B-EVID-007236 || edge=M22B-E007064; evidence=M22B-EVID-007237 || edge=M22B-E007065; evidence=M22B-EVID-007238 || edge=M22B-E007066; evidence=M22B-EVID-007239 || edge=M22B-E007067; evidence=M22B-EVID-007240 || edge=M22B-E007068; evidence=M22B-EVID-007241 || edge=M22B-E007069; evidence=M22B-EVID-007242 || edge=M22B-E007070; evidence=M22B-EVID-007243 || edge=M22B-E007071; evidence=M22B-EVID-007244 || edge=M22B-E007072; evidence=M22B-EVID-007245 || edge=M22B-E007073; evidence=M22B-EVID-007246 || edge=M22B-E007074; evidence=M22B-EVID-007247 || edge=M22B-E007075; evidence=M22B-EVID-007248 || edge=M22B-E007076; evidence=M22B-EVID-007249 || edge=M22B-E007077; evidence=M22B-EVID-007250 || edge=M22B-E007078; evidence=M22B-EVID-007251 || edge=M22B-E007079; evidence=M22B-EVID-007252 || edge=M22B-E007080; evidence=M22B-EVID-007253 || edge=M22B-E007081; evidence=M22B-EVID-007254 || edge=M22B-E007082; evidence=M22B-EVID-007255 || edge=M22B-E007083; evidence=M22B-EVID-007256 || edge=M22B-E007084; evidence=M22B-EVID-007257 || edge=M22B-E007085; evidence=M22B-EVID-007258 || edge=M22B-E007086; evidence=M22B-EVID-007259 || edge=M22B-E007087; evidence=M22B-EVID-007260 || edge=M22B-E007088; evidence=M22B-EVID-007261 || edge=M22B-E007089; evidence=M22B-EVID-007262 || edge=M22B-E007090; evidence=M22B-EVID-007263 || edge=M22B-E007091; evidence=M22B-EVID-007264 || edge=M22B-E007092; evidence=M22B-EVID-007265 || edge=M22B-E007093; evidence=M22B-EVID-007266 || edge=M22B-E007094; evidence=M22B-EVID-007267 || edge=M22B-E007095; evidence=M22B-EVID-007268 || edge=M22B-E007096; evidence=M22B-EVID-007269 || edge=M22B-E007097; evidence=M22B-EVID-007270 || edge=M22B-E007098; evidence=M22B-EVID-007271 || edge=M22B-E007099; evidence=M22B-EVID-007272 || edge=M22B-E007100; evidence=M22B-EVID-007273 || edge=M22B-E007101; evidence=M22B-EVID-007274 || edge=M22B-E007102; evidence=M22B-EVID-007275 || edge=M22B-E007103; evidence=M22B-EVID-007276 || edge=M22B-E007104; evidence=M22B-EVID-007277 || edge=M22B-E007105; evidence=M22B-EVID-007278 || edge=M22B-E007106; evidence=M22B-EVID-007279 || edge=M22B-E007107; evidence=M22B-EVID-007280 || edge=M22B-E007108; evidence=M22B-EVID-007281 || edge=M22B-E007109; evidence=M22B-EVID-007282 || edge=M22B-E007110; evidence=M22B-EVID-007283 || edge=M22B-E007111; evidence=M22B-EVID-007284 || edge=M22B-E007112; evidence=M22B-EVID-007285 || edge=M22B-E007113; evidence=M22B-EVID-007286 || edge=M22B-E007114; evidence=M22B-EVID-007287 || edge=M22B-E007115; evidence=M22B-EVID-007288 || edge=M22B-E007116; evidence=M22B-EVID-007289 || edge=M22B-E007117; evidence=M22B-EVID-007290 || edge=M22B-E007118; evidence=M22B-EVID-007291 || edge=M22B-E007119; evidence=M22B-EVID-007292 || edge=M22B-E007120; evidence=M22B-EVID-007293 || edge=M22B-E007121; evidence=M22B-EVID-007294 || edge=M22B-E007122; evidence=M22B-EVID-007295 || edge=M22B-E007123; evidence=M22B-EVID-007296 || edge=M22B-E007124; evidence=M22B-EVID-007297 || edge=M22B-E007125; evidence=M22B-EVID-007298 || edge=M22B-E007126; evidence=M22B-EVID-007299 || edge=M22B-E007127; evidence=M22B-EVID-007300 || edge=M22B-E007128; evidence=M22B-EVID-007301 || edge=M22B-E007129; evidence=M22B-EVID-007302 || edge=M22B-E007130; evidence=M22B-EVID-007303 || edge=M22B-E007131; evidence=M22B-EVID-007304 || edge=M22B-E007132; evidence=M22B-EVID-007305 || edge=M22B-E007133; evidence=M22B-EVID-007306 || edge=M22B-E007134; evidence=M22B-EVID-007307 || edge=M22B-E007135; evidence=M22B-EVID-007308 || edge=M22B-E007136; evidence=M22B-EVID-007309 || edge=M22B-E007137; evidence=M22B-EVID-007310 || edge=M22B-E007138; evidence=M22B-EVID-007311 || edge=M22B-E007139; evidence=M22B-EVID-007312 || edge=M22B-E007140; evidence=M22B-EVID-007313 || edge=M22B-E007141; evidence=M22B-EVID-007314 || edge=M22B-E007142; evidence=M22B-EVID-007315 || edge=M22B-E007143; evidence=M22B-EVID-007316 || edge=M22B-E007144; evidence=M22B-EVID-007317 || edge=M22B-E007145; evidence=M22B-EVID-007318 || edge=M22B-E007146; evidence=M22B-EVID-007319 || edge=M22B-E007147; evidence=M22B-EVID-007320 || edge=M22B-E007148; evidence=M22B-EVID-007321 || edge=M22B-E007149; evidence=M22B-EVID-007322 || edge=M22B-E007150; evidence=M22B-EVID-007323 || edge=M22B-E007151; evidence=M22B-EVID-007324 || edge=M22B-E007152; evidence=M22B-EVID-007325 || edge=M22B-E007153; evidence=M22B-EVID-007326 || edge=M22B-E007154; evidence=M22B-EVID-007327 || edge=M22B-E007155; evidence=M22B-EVID-007328 || edge=M22B-E007156; evidence=M22B-EVID-007329 || edge=M22B-E007157; evidence=M22B-EVID-007330 || edge=M22B-E007158; evidence=M22B-EVID-007331 || edge=M22B-E007159; evidence=M22B-EVID-007332 || edge=M22B-E007160; evidence=M22B-EVID-007333 || edge=M22B-E007161; evidence=M22B-EVID-007334 || edge=M22B-E007162; evidence=M22B-EVID-007335 || edge=M22B-E007163; evidence=M22B-EVID-007336 || edge=M22B-E007164; evidence=M22B-EVID-007337 || edge=M22B-E007165; evidence=M22B-EVID-007338 || edge=M22B-E007166; evidence=M22B-EVID-007339 || edge=M22B-E007167; evidence=M22B-EVID-007340 || edge=M22B-E007168; evidence=M22B-EVID-007341 || edge=M22B-E007169; evidence=M22B-EVID-007342 || edge=M22B-E007170; evidence=M22B-EVID-007343 || edge=M22B-E007171; evidence=M22B-EVID-007344 || edge=M22B-E007172; evidence=M22B-EVID-007345 || edge=M22B-E007173; evidence=M22B-EVID-007346 || edge=M22B-E007174; evidence=M22B-EVID-007347 || edge=M22B-E007175; evidence=M22B-EVID-007348 || edge=M22B-E007176; evidence=M22B-EVID-007349 || edge=M22B-E007177; evidence=M22B-EVID-007350 || edge=M22B-E007178; evidence=M22B-EVID-007351 || edge=M22B-E007179; evidence=M22B-EVID-007352 || edge=M22B-E007180; evidence=M22B-EVID-007353 || edge=M22B-E007181; evidence=M22B-EVID-007354 || edge=M22B-E007182; evidence=M22B-EVID-007355 || edge=M22B-E007183; evidence=M22B-EVID-007356 || edge=M22B-E007184; evidence=M22B-EVID-007357 || edge=M22B-E007185; evidence=M22B-EVID-007358 || edge=M22B-E007186; evidence=M22B-EVID-007359 || edge=M22B-E007187; evidence=M22B-EVID-007360 || edge=M22B-E007188; evidence=M22B-EVID-007361 || edge=M22B-E007189; evidence=M22B-EVID-007362 || edge=M22B-E007190; evidence=M22B-EVID-007363 || edge=M22B-E007191; evidence=M22B-EVID-007364 || edge=M22B-E007192; evidence=M22B-EVID-007365 || edge=M22B-E007193; evidence=M22B-EVID-007366 || edge=M22B-E007194; evidence=M22B-EVID-007367 || edge=M22B-E007195; evidence=M22B-EVID-007368 || edge=M22B-E007196; evidence=M22B-EVID-007369 || edge=M22B-E007197; evidence=M22B-EVID-007370 || edge=M22B-E007198; evidence=M22B-EVID-007371 || edge=M22B-E007199; evidence=M22B-EVID-007372 || edge=M22B-E007200; evidence=M22B-EVID-007373 || edge=M22B-E007201; evidence=M22B-EVID-007374 || edge=M22B-E007202; evidence=M22B-EVID-007375 || edge=M22B-E007203; evidence=M22B-EVID-007376 || edge=M22B-E007204; evidence=M22B-EVID-007377 || edge=M22B-E007205; evidence=M22B-EVID-007378 || edge=M22B-E007206; evidence=M22B-EVID-007379 || edge=M22B-E007207; evidence=M22B-EVID-007380 || edge=M22B-E007208; evidence=M22B-EVID-007381 || edge=M22B-E007209; evidence=M22B-EVID-007382 || edge=M22B-E007210; evidence=M22B-EVID-007383 || edge=M22B-E007211; evidence=M22B-EVID-007384 || edge=M22B-E007212; evidence=M22B-EVID-007385 || edge=M22B-E007213; evidence=M22B-EVID-007386 || edge=M22B-E007214; evidence=M22B-EVID-007387 || edge=M22B-E007215; evidence=M22B-EVID-007388 || edge=M22B-E007216; evidence=M22B-EVID-007389 || edge=M22B-E007217; evidence=M22B-EVID-007390 || edge=M22B-E007218; evidence=M22B-EVID-007391 || edge=M22B-E007219; evidence=M22B-EVID-007392 || edge=M22B-E007220; evidence=M22B-EVID-007393 || edge=M22B-E007221; evidence=M22B-EVID-007394 || edge=M22B-E007222; evidence=M22B-EVID-007395 || edge=M22B-E007223; evidence=M22B-EVID-007396 || edge=M22B-E007224; evidence=M22B-EVID-007397 || edge=M22B-E007225; evidence=M22B-EVID-007398 || edge=M22B-E007226; evidence=M22B-EVID-007399 || edge=M22B-E007227; evidence=M22B-EVID-007400 || edge=M22B-E007228; evidence=M22B-EVID-007401 || edge=M22B-E007229; evidence=M22B-EVID-007402 || edge=M22B-E007230; evidence=M22B-EVID-007403 || edge=M22B-E007231; evidence=M22B-EVID-007404 || edge=M22B-E007232; evidence=M22B-EVID-007405 || edge=M22B-E007233; evidence=M22B-EVID-007406 || edge=M22B-E007234; evidence=M22B-EVID-007407 || edge=M22B-E007235; evidence=M22B-EVID-007408 || edge=M22B-E007236; evidence=M22B-EVID-007409 || edge=M22B-E007237; evidence=M22B-EVID-007410 || edge=M22B-E007238; evidence=M22B-EVID-007411 || edge=M22B-E007239; evidence=M22B-EVID-007412 || edge=M22B-E007240; evidence=M22B-EVID-007413 || edge=M22B-E007241; evidence=M22B-EVID-007414 || edge=M22B-E007242; evidence=M22B-EVID-007415 || edge=M22B-E007243; evidence=M22B-EVID-007416 || edge=M22B-E007244; evidence=M22B-EVID-007417 || edge=M22B-E007245; evidence=M22B-EVID-007418 || edge=M22B-E007246; evidence=M22B-EVID-007419 || edge=M22B-E007247; evidence=M22B-EVID-007420 || edge=M22B-E007248; evidence=M22B-EVID-007421 || edge=M22B-E007249; evidence=M22B-EVID-007422 || edge=M22B-E007250; evidence=M22B-EVID-007423 || edge=M22B-E007251; evidence=M22B-EVID-007424 || edge=M22B-E007252; evidence=M22B-EVID-007425 || edge=M22B-E007253; evidence=M22B-EVID-007426 || edge=M22B-E007254; evidence=M22B-EVID-007427 || edge=M22B-E007255; evidence=M22B-EVID-007428 || edge=M22B-E007256; evidence=M22B-EVID-007429 || edge=M22B-E007257; evidence=M22B-EVID-007430 || edge=M22B-E007258; evidence=M22B-EVID-007431 || edge=M22B-E007259; evidence=M22B-EVID-007432 || edge=M22B-E007260; evidence=M22B-EVID-007433 || edge=M22B-E007261; evidence=M22B-EVID-007434 || edge=M22B-E007262; evidence=M22B-EVID-007435 || edge=M22B-E007263; evidence=M22B-EVID-007436 || edge=M22B-E007264; evidence=M22B-EVID-007437 || edge=M22B-E007265; evidence=M22B-EVID-007438 || edge=M22B-E007266; evidence=M22B-EVID-007439 || edge=M22B-E007267; evidence=M22B-EVID-007440 || edge=M22B-E007268; evidence=M22B-EVID-007441 || edge=M22B-E007269; evidence=M22B-EVID-007442 || edge=M22B-E007270; evidence=M22B-EVID-007443 || edge=M22B-E007271; evidence=M22B-EVID-007444 || edge=M22B-E007272; evidence=M22B-EVID-007445 || edge=M22B-E007273; evidence=M22B-EVID-007446 || edge=M22B-E007274; evidence=M22B-EVID-007447 || edge=M22B-E007275; evidence=M22B-EVID-007448 || edge=M22B-E007276; evidence=M22B-EVID-007449 || edge=M22B-E007277; evidence=M22B-EVID-007450 || edge=M22B-E007278; evidence=M22B-EVID-007451 || edge=M22B-E007279; evidence=M22B-EVID-007452 || edge=M22B-E007280; evidence=M22B-EVID-007453 || edge=M22B-E007281; evidence=M22B-EVID-007454 || edge=M22B-E007282; evidence=M22B-EVID-007455 || edge=M22B-E007283; evidence=M22B-EVID-007456 || edge=M22B-E007284; evidence=M22B-EVID-007457 || edge=M22B-E007285; evidence=M22B-EVID-007458 || edge=M22B-E007286; evidence=M22B-EVID-007459 || edge=M22B-E007287; evidence=M22B-EVID-007460 || edge=M22B-E007288; evidence=M22B-EVID-007461 || edge=M22B-E007289; evidence=M22B-EVID-007462 || edge=M22B-E007290; evidence=M22B-EVID-007463 || edge=M22B-E007291; evidence=M22B-EVID-007464 || edge=M22B-E007292; evidence=M22B-EVID-007465 || edge=M22B-E007293; evidence=M22B-EVID-007466 || edge=M22B-E007294; evidence=M22B-EVID-007467 || edge=M22B-E007295; evidence=M22B-EVID-007468 || edge=M22B-E007296; evidence=M22B-EVID-007469 || edge=M22B-E007297; evidence=M22B-EVID-007470 || edge=M22B-E007298; evidence=M22B-EVID-007471 || edge=M22B-E007299; evidence=M22B-EVID-007472 || edge=M22B-E007300; evidence=M22B-EVID-007473 || edge=M22B-E007301; evidence=M22B-EVID-007474 || edge=M22B-E007302; evidence=M22B-EVID-007475 || edge=M22B-E007303; evidence=M22B-EVID-007476 || edge=M22B-E007304; evidence=M22B-EVID-007477 || edge=M22B-E007305; evidence=M22B-EVID-007478 || edge=M22B-E007306; evidence=M22B-EVID-007479 || edge=M22B-E007307; evidence=M22B-EVID-007480 || edge=M22B-E007308; evidence=M22B-EVID-007481 || edge=M22B-E007309; evidence=M22B-EVID-007482 || edge=M22B-E007310; evidence=M22B-EVID-007483 || edge=M22B-E007311; evidence=M22B-EVID-007484 || edge=M22B-E007312; evidence=M22B-EVID-007485 || edge=M22B-E007313; evidence=M22B-EVID-007486 || edge=M22B-E007314; evidence=M22B-EVID-007487 || edge=M22B-E007315; evidence=M22B-EVID-007488 || edge=M22B-E007316; evidence=M22B-EVID-007489 || edge=M22B-E007317; evidence=M22B-EVID-007490 || edge=M22B-E007318; evidence=M22B-EVID-007491 || edge=M22B-E007319; evidence=M22B-EVID-007492 || edge=M22B-E007320; evidence=M22B-EVID-007493 || edge=M22B-E007321; evidence=M22B-EVID-007494 || edge=M22B-E007322; evidence=M22B-EVID-007495 || edge=M22B-E007323; evidence=M22B-EVID-007496 || edge=M22B-E007324; evidence=M22B-EVID-007497 || edge=M22B-E007325; evidence=M22B-EVID-007498 || edge=M22B-E007326; evidence=M22B-EVID-007499 || edge=M22B-E007327; evidence=M22B-EVID-007500 || edge=M22B-E007328; evidence=M22B-EVID-007501 || edge=M22B-E007329; evidence=M22B-EVID-007502 || edge=M22B-E007330; evidence=M22B-EVID-007503 || edge=M22B-E007331; evidence=M22B-EVID-007504 || edge=M22B-E007332; evidence=M22B-EVID-007505 || edge=M22B-E007333; evidence=M22B-EVID-007506 || edge=M22B-E007334; evidence=M22B-EVID-007507 || edge=M22B-E007335; evidence=M22B-EVID-007508 || edge=M22B-E007336; evidence=M22B-EVID-007509 || edge=M22B-E007337; evidence=M22B-EVID-007510 || edge=M22B-E007338; evidence=M22B-EVID-007511 || edge=M22B-E007339; evidence=M22B-EVID-007512 || edge=M22B-E007340; evidence=M22B-EVID-007513 || edge=M22B-E007341; evidence=M22B-EVID-007514 || edge=M22B-E007342; evidence=M22B-EVID-007515 || edge=M22B-E007343; evidence=M22B-EVID-007516 || edge=M22B-E007344; evidence=M22B-EVID-007517 || edge=M22B-E007345; evidence=M22B-EVID-007518 || edge=M22B-E009520; evidence=M22B-EVID-009693 || edge=M22B-E009521; evidence=M22B-EVID-009694 || edge=M22B-E009522; evidence=M22B-EVID-009695 || edge=M22B-E009523; evidence=M22B-EVID-009696 || edge=M22B-E009524; evidence=M22B-EVID-009697 || edge=M22B-E009525; evidence=M22B-EVID-009698 || edge=M22B-E009526; evidence=M22B-EVID-009699 || edge=M22B-E009527; evidence=M22B-EVID-009700 || edge=M22B-E009528; evidence=M22B-EVID-009701 || edge=M22B-E009529; evidence=M22B-EVID-009702 || edge=M22B-E009530; evidence=M22B-EVID-009703 || edge=M22B-E009531; evidence=M22B-EVID-009704 || edge=M22B-E009532; evidence=M22B-EVID-009705 || edge=M22B-E009533; evidence=M22B-EVID-009706 || edge=M22B-E009534; evidence=M22B-EVID-009707 || edge=M22B-E009535; evidence=M22B-EVID-009708 || edge=M22B-E009536; evidence=M22B-EVID-009709 || edge=M22B-E009537; evidence=M22B-EVID-009710 || edge=M22B-E009538; evidence=M22B-EVID-009711 || edge=M22B-E009539; evidence=M22B-EVID-009712 || edge=M22B-E009540; evidence=M22B-EVID-009713 || edge=M22B-E009541; evidence=M22B-EVID-009714 || edge=M22B-E009542; evidence=M22B-EVID-009715 || edge=M22B-E009543; evidence=M22B-EVID-009716 || edge=M22B-E009544; evidence=M22B-EVID-009717 || edge=M22B-E009545; evidence=M22B-EVID-009718 || edge=M22B-E009546; evidence=M22B-EVID-009719 || edge=M22B-E009547; evidence=M22B-EVID-009720 || edge=M22B-E009548; evidence=M22B-EVID-009721 || edge=M22B-E009549; evidence=M22B-EVID-009722 || edge=M22B-E009550; evidence=M22B-EVID-009723 || edge=M22B-E009551; evidence=M22B-EVID-009724 || edge=M22B-E009552; evidence=M22B-EVID-009725 || edge=M22B-E009553; evidence=M22B-EVID-009726 || edge=M22B-E009554; evidence=M22B-EVID-009727 || edge=M22B-E009555; evidence=M22B-EVID-009728 || edge=M22B-E009556; evidence=M22B-EVID-009729 || edge=M22B-E009557; evidence=M22B-EVID-009730 || edge=M22B-E009558; evidence=M22B-EVID-009731 || edge=M22B-E009559; evidence=M22B-EVID-009732 || edge=M22B-E009560; evidence=M22B-EVID-009733 || edge=M22B-E009561; evidence=M22B-EVID-009734 || edge=M22B-E009562; evidence=M22B-EVID-009735 || edge=M22B-E009563; evidence=M22B-EVID-009736 || edge=M22B-E009564; evidence=M22B-EVID-009737 || edge=M22B-E009565; evidence=M22B-EVID-009738 || edge=M22B-E009566; evidence=M22B-EVID-009739 || edge=M22B-E009567; evidence=M22B-EVID-009740 || edge=M22B-E009568; evidence=M22B-EVID-009741 || edge=M22B-E009569; evidence=M22B-EVID-009742 || edge=M22B-E009570; evidence=M22B-EVID-009743 || edge=M22B-E009571; evidence=M22B-EVID-009744 || edge=M22B-E009572; evidence=M22B-EVID-009745 || edge=M22B-E009573; evidence=M22B-EVID-009746 || edge=M22B-E009574; evidence=M22B-EVID-009747 || edge=M22B-E009575; evidence=M22B-EVID-009748 || edge=M22B-E009576; evidence=M22B-EVID-009749 || edge=M22B-E009577; evidence=M22B-EVID-009750 || edge=M22B-E009578; evidence=M22B-EVID-009751 || edge=M22B-E009579; evidence=M22B-EVID-009752 || edge=M22B-E009580; evidence=M22B-EVID-009753 || edge=M22B-E009581; evidence=M22B-EVID-009754 || edge=M22B-E009582; evidence=M22B-EVID-009755 || edge=M22B-E009583; evidence=M22B-EVID-009756 || edge=M22B-E009584; evidence=M22B-EVID-009757 || edge=M22B-E009585; evidence=M22B-EVID-009758 || edge=M22B-E009586; evidence=M22B-EVID-009759 || edge=M22B-E009587; evidence=M22B-EVID-009760 || edge=M22B-E009588; evidence=M22B-EVID-009761 || edge=M22B-E009589; evidence=M22B-EVID-009762 || edge=M22B-E009590; evidence=M22B-EVID-009763 || edge=M22B-E009591; evidence=M22B-EVID-009764 || edge=M22B-E009592; evidence=M22B-EVID-009765 || edge=M22B-E009593; evidence=M22B-EVID-009766 || edge=M22B-E009594; evidence=M22B-EVID-009767 || edge=M22B-E009595; evidence=M22B-EVID-009768 || edge=M22B-E009596; evidence=M22B-EVID-009769 || edge=M22B-E009597; evidence=M22B-EVID-009770 || edge=M22B-E009598; evidence=M22B-EVID-009771 || edge=M22B-E009599; evidence=M22B-EVID-009772 || edge=M22B-E009600; evidence=M22B-EVID-009773 || edge=M22B-E009601; evidence=M22B-EVID-009774 || edge=M22B-E009602; evidence=M22B-EVID-009775 || edge=M22B-E009809; evidence=M22B-EVID-009982 || edge=M22B-E009810; evidence=M22B-EVID-009983 || edge=M22B-E009811; evidence=M22B-EVID-009984 || edge=M22B-E009812; evidence=M22B-EVID-009985 || edge=M22B-E009813; evidence=M22B-EVID-009986 || edge=M22B-E009814; evidence=M22B-EVID-009987 || edge=M22B-E009815; evidence=M22B-EVID-009988 || edge=M22B-E009816; evidence=M22B-EVID-009989 || edge=M22B-E009817; evidence=M22B-EVID-009990 || edge=M22B-E009818; evidence=M22B-EVID-009991 || edge=M22B-E009819; evidence=M22B-EVID-009992 || edge=M22B-E009820; evidence=M22B-EVID-009993 || edge=M22B-E009821; evidence=M22B-EVID-009994 || edge=M22B-E009822; evidence=M22B-EVID-009995 || edge=M22B-E009823; evidence=M22B-EVID-009996 || edge=M22B-E009824; evidence=M22B-EVID-009997 || edge=M22B-E009825; evidence=M22B-EVID-009998 || edge=M22B-E009826; evidence=M22B-EVID-009999 || edge=M22B-E009827; evidence=M22B-EVID-010000 || edge=M22B-E009828; evidence=M22B-EVID-010001 || edge=M22B-E009829; evidence=M22B-EVID-010002 || edge=M22B-E009830; evidence=M22B-EVID-010003 || edge=M22B-E009831; evidence=M22B-EVID-010004 || edge=M22B-E009832; evidence=M22B-EVID-010005 || edge=M22B-E009833; evidence=M22B-EVID-010006 || edge=M22B-E009834; evidence=M22B-EVID-010007 || edge=M22B-E009835; evidence=M22B-EVID-010008 || edge=M22B-E009836; evidence=M22B-EVID-010009 || edge=M22B-E009837; evidence=M22B-EVID-010010 || edge=M22B-E009838; evidence=M22B-EVID-010011 || edge=M22B-E009839; evidence=M22B-EVID-010012 || edge=M22B-E009840; evidence=M22B-EVID-010013 || edge=M22B-E009841; evidence=M22B-EVID-010014 || edge=M22B-E009842; evidence=M22B-EVID-010015 || edge=M22B-E009843; evidence=M22B-EVID-010016 || edge=M22B-E009844; evidence=M22B-EVID-010017 || edge=M22B-E009845; evidence=M22B-EVID-010018 || edge=M22B-E009846; evidence=M22B-EVID-010019 || edge=M22B-E009847; evidence=M22B-EVID-010020 || edge=M22B-E009848; evidence=M22B-EVID-010021 || edge=M22B-E009849; evidence=M22B-EVID-010022 || edge=M22B-E009850; evidence=M22B-EVID-010023 || edge=M22B-E009851; evidence=M22B-EVID-010024 || edge=M22B-E009852; evidence=M22B-EVID-010025 || edge=M22B-E009853; evidence=M22B-EVID-010026 || edge=M22B-E009854; evidence=M22B-EVID-010027 || edge=M22B-E009855; evidence=M22B-EVID-010028 || edge=M22B-E009856; evidence=M22B-EVID-010029 || edge=M22B-E009857; evidence=M22B-EVID-010030 || edge=M22B-E009858; evidence=M22B-EVID-010031 || edge=M22B-E009859; evidence=M22B-EVID-010032 || edge=M22B-E009860; evidence=M22B-EVID-010033 || edge=M22B-E009861; evidence=M22B-EVID-010034 || edge=M22B-E009862; evidence=M22B-EVID-010035 || edge=M22B-E009863; evidence=M22B-EVID-010036 || edge=M22B-E009864; evidence=M22B-EVID-010037 || edge=M22B-E009865; evidence=M22B-EVID-010038 || edge=M22B-E009866; evidence=M22B-EVID-010039 || edge=M22B-E009867; evidence=M22B-EVID-010040 || edge=M22B-E009868; evidence=M22B-EVID-010041 || edge=M22B-E009869; evidence=M22B-EVID-010042 || edge=M22B-E009870; evidence=M22B-EVID-010043 || edge=M22B-E009871; evidence=M22B-EVID-010044 || edge=M22B-E009872; evidence=M22B-EVID-010045 || edge=M22B-E009873; evidence=M22B-EVID-010046 || edge=M22B-E009874; evidence=M22B-EVID-010047 || edge=M22B-E009875; evidence=M22B-EVID-010048 || edge=M22B-E009876; evidence=M22B-EVID-010049 || edge=M22B-E009877; evidence=M22B-EVID-010050 || edge=M22B-E009878; evidence=M22B-EVID-010051 || edge=M22B-E009879; evidence=M22B-EVID-010052 || edge=M22B-E009880; evidence=M22B-EVID-010053 || edge=M22B-E009881; evidence=M22B-EVID-010054 || edge=M22B-E009882; evidence=M22B-EVID-010055 || edge=M22B-E009883; evidence=M22B-EVID-010056 || edge=M22B-E009884; evidence=M22B-EVID-010057 || edge=M22B-E009885; evidence=M22B-EVID-010058 || edge=M22B-E009886; evidence=M22B-EVID-010059 || edge=M22B-E009887; evidence=M22B-EVID-010060 || edge=M22B-E009888; evidence=M22B-EVID-010061 || edge=M22B-E009889; evidence=M22B-EVID-010062 || edge=M22B-E009890; evidence=M22B-EVID-010063 || edge=M22B-E009891; evidence=M22B-EVID-010064 || edge=M22B-E009892; evidence=M22B-EVID-010065 || edge=M22B-E009893; evidence=M22B-EVID-010066 || edge=M22B-E009894; evidence=M22B-EVID-010067 || edge=M22B-E009895; evidence=M22B-EVID-010068 || edge=M22B-E009896; evidence=M22B-EVID-010069 || edge=M22B-E009897; evidence=M22B-EVID-010070 || edge=M22B-E009898; evidence=M22B-EVID-010071 || edge=M22B-E010142; evidence=M22B-EVID-010315 || edge=M22B-E010152; evidence=M22B-EVID-010325 || edge=M22B-E010165; evidence=M22B-EVID-010338 || edge=M22B-E010193; evidence=M22B-EVID-010366 || edge=M22B-E010199; evidence=M22B-EVID-010372 || edge=M22B-E010200; evidence=M22B-EVID-010373 || edge=M22B-E010231; evidence=M22B-EVID-010404 || edge=M22B-E010273; evidence=M22B-EVID-010446 || edge=M22B-E010321; evidence=M22B-EVID-010493 || edge=M22B-E010342; evidence=M22B-EVID-010514 || edge=M22B-E010344; evidence=M22B-EVID-010516 || edge=M22B-E010349; evidence=M22B-EVID-010521 || edge=M22B-E010350; evidence=M22B-EVID-010522 || edge=M22B-E010351; evidence=M22B-EVID-010523 || edge=M22B-E010352; evidence=M22B-EVID-010524 || edge=M22B-E010353; evidence=M22B-EVID-010525 || edge=M22B-E010374; evidence=M22B-EVID-010546 || edge=M22B-E010381; evidence=M22B-EVID-010553 || edge=M22B-E010384; evidence=M22B-EVID-010556 || edge=M22B-E010404; evidence=M22B-EVID-010576 || edge=M22B-E010426; evidence=M22B-EVID-010596 || edge=M22B-E010428; evidence=M22B-EVID-010598 || edge=M22B-E010435; evidence=M22B-EVID-010605 || edge=M22B-E010436; evidence=M22B-EVID-010606 || edge=M22B-E010506; evidence=M22B-EVID-010624 || edge=M22B-E010524; evidence=M22B-EVID-010638 || edge=M22B-E010530; evidence=M22B-EVID-010642 || edge=M22B-E010532; evidence=M22B-EVID-010644 || edge=M22B-E010538; evidence=M22B-EVID-010648 || edge=M22B-E010562; evidence=M22B-EVID-010661 || edge=M22B-E010565; evidence=M22B-EVID-010663 || edge=M22B-E010571; evidence=M22B-EVID-010668 || edge=M22B-E010580; evidence=M22B-EVID-010676 || edge=M22B-E010588; evidence=M22B-EVID-010684 || edge=M22B-E010605; evidence=M22B-EVID-010701 || edge=M22B-E010609; evidence=M22B-EVID-010705 || edge=M22B-E010634; evidence=M22B-EVID-010731 || edge=M22B-E010639; evidence=M22B-EVID-010735 || edge=M22B-E010667; evidence=M22B-EVID-010760 || edge=M22B-E010670; evidence=M22B-EVID-010763
NODE09173	signaling_cascade	module20_24_export	Node participates in at least one evidence-gated exported mechanism edge.
NODE09174	signaling_cascade	module20_24_export	Node participates in at least one evidence-gated exported mechanism edge.
NODE09174	target_gene	register_target_gene_layer	edge=M22B-E007555; evidence=M22B-EVID-007728
NODE09175	signaling_cascade	module20_24_export	Node participates in at least one evidence-gated exported mechanism edge.
NODE09175	transcription_factor	register_target_gene_layer	edge=M22B-E010583; evidence=M22B-EVID-010679
NODE09176	signaling_cascade	module20_24_export	Node participates in at least one evidence-gated exported mechanism edge.
NODE09176	target_gene	register_target_gene_layer	edge=M22B-E006214; evidence=M22B-EVID-006387 || edge=M22B-E007300; evidence=M22B-EVID-007473 || edge=M22B-E008362; evidence=M22B-EVID-008535
NODE09176	transcription_factor	register_target_gene_layer	edge=M22B-E010143; evidence=M22B-EVID-010316 || edge=M22B-E010210; evidence=M22B-EVID-010383 || edge=M22B-E010507; evidence=M22B-EVID-010624 || edge=M22B-E010539; evidence=M22B-EVID-010648 || edge=M22B-E010563; evidence=M22B-EVID-010661 || edge=M22B-E010635; evidence=M22B-EVID-010731
NODE09177	signaling_cascade	module20_24_export	Node participates in at least one evidence-gated exported mechanism edge.
NODE09177	target_gene	register_target_gene_layer	edge=M22B-E009889; evidence=M22B-EVID-010062
NODE09177	transcription_factor	register_target_gene_layer	edge=M22B-E010375; evidence=M22B-EVID-010547
NODE09178	signaling_cascade	module20_24_export	Node participates in at least one evidence-gated exported mechanism edge.
NODE09178	transcription_factor	register_target_gene_layer	edge=M22B-E010269; evidence=M22B-EVID-010442
NODE09179	signaling_cascade	module20_24_export	Node participates in at least one evidence-gated exported mechanism edge.
NODE09180	signaling_cascade	module20_24_export	Node participates in at least one evidence-gated exported mechanism edge.
NODE09181	ligand	register_ligand_receptor_layer	edge=M23B-E001097; evidence=M23B-EVID-EXPAND23A-022
NODE09181	signaling_cascade	module20_24_export	Node participates in at least one evidence-gated exported mechanism edge.
NODE09182	signaling_cascade	module20_24_export	Node participates in at least one evidence-gated exported mechanism edge.
NODE09183	signaling_cascade	module20_24_export	Node participates in at least one evidence-gated exported mechanism edge.
NODE09184	signaling_cascade	module20_24_export	Node participates in at least one evidence-gated exported mechanism edge.
NODE09185	signaling_cascade	module20_24_export	Node participates in at least one evidence-gated exported mechanism edge.
NODE09186	signaling_cascade	module20_24_export	Node participates in at least one evidence-gated exported mechanism edge.
NODE09187	signaling_cascade	module20_24_export	Node participates in at least one evidence-gated exported mechanism edge.
NODE09187	target_gene	register_target_gene_layer	edge=M22B-E006919; evidence=M22B-EVID-007092 || edge=M22B-E009046; evidence=M22B-EVID-009219
NODE09188	signaling_cascade	module20_24_export	Node participates in at least one evidence-gated exported mechanism edge.
NODE09189	signaling_cascade	module20_24_export	Node participates in at least one evidence-gated exported mechanism edge.
NODE09189	target_gene	register_target_gene_layer	edge=M22B-E006285; evidence=M22B-EVID-006458 || edge=M22B-E008434; evidence=M22B-EVID-008607
NODE09190	signaling_cascade	module20_24_export	Node participates in at least one evidence-gated exported mechanism edge.
NODE09191	signaling_cascade	module20_24_export	Node participates in at least one evidence-gated exported mechanism edge.
NODE09192	signaling_cascade	module20_24_export	Node participates in at least one evidence-gated exported mechanism edge.
NODE09193	signaling_cascade	module20_24_export	Node participates in at least one evidence-gated exported mechanism edge.
NODE09194	signaling_cascade	module20_24_export	Node participates in at least one evidence-gated exported mechanism edge.
NODE09195	signaling_cascade	module20_24_export	Node participates in at least one evidence-gated exported mechanism edge.
NODE09196	signaling_cascade	module20_24_export	Node participates in at least one evidence-gated exported mechanism edge.
NODE09196	target_gene	register_target_gene_layer	edge=M22B-E005949; evidence=M22B-EVID-006122 || edge=M22B-E006429; evidence=M22B-EVID-006602 || edge=M22B-E008116; evidence=M22B-EVID-008289 || edge=M22B-E008582; evidence=M22B-EVID-008755
NODE09197	signaling_cascade	module20_24_export	Node participates in at least one evidence-gated exported mechanism edge.
NODE09198	signaling_cascade	module20_24_export	Node participates in at least one evidence-gated exported mechanism edge.
NODE09198	target_gene	register_target_gene_layer	edge=M22B-E006571; evidence=M22B-EVID-006744 || edge=M22B-E007301; evidence=M22B-EVID-007474 || edge=M22B-E008725; evidence=M22B-EVID-008898 || edge=M22B-E009387; evidence=M22B-EVID-009560 || edge=M22B-E009700; evidence=M22B-EVID-009873
NODE09198	transcription_factor	register_target_gene_layer	edge=M22B-E010211; evidence=M22B-EVID-010384 || edge=M22B-E010212; evidence=M22B-EVID-010385 || edge=M22B-E010214; evidence=M22B-EVID-010387 || edge=M22B-E010215; evidence=M22B-EVID-010388 || edge=M22B-E010307; evidence=M22B-EVID-010479 || edge=M22B-E010334; evidence=M22B-EVID-010506 || edge=M22B-E010340; evidence=M22B-EVID-010512 || edge=M22B-E010437; evidence=M22B-EVID-010606 || edge=M22B-E010574; evidence=M22B-EVID-010670
NODE09199	signaling_cascade	module20_24_export	Node participates in at least one evidence-gated exported mechanism edge.
NODE09199	transcription_factor	register_target_gene_layer	edge=M22B-E010592; evidence=M22B-EVID-010688
NODE09200	signaling_cascade	module20_24_export	Node participates in at least one evidence-gated exported mechanism edge.
NODE09200	transcription_factor	register_target_gene_layer	edge=M22B-E010572; evidence=M22B-EVID-010669
NODE09201	signaling_cascade	module20_24_export	Node participates in at least one evidence-gated exported mechanism edge.
NODE09202	signaling_cascade	module20_24_export	Node participates in at least one evidence-gated exported mechanism edge.
NODE09203	signaling_cascade	module20_24_export	Node participates in at least one evidence-gated exported mechanism edge.
NODE09204	signaling_cascade	module20_24_export	Node participates in at least one evidence-gated exported mechanism edge.
NODE09205	signaling_cascade	module20_24_export	Node participates in at least one evidence-gated exported mechanism edge.
NODE09206	signaling_cascade	module20_24_export	Node participates in at least one evidence-gated exported mechanism edge.
NODE09207	signaling_cascade	module20_24_export	Node participates in at least one evidence-gated exported mechanism edge.
NODE09208	signaling_cascade	module20_24_export	Node participates in at least one evidence-gated exported mechanism edge.
NODE09209	signaling_cascade	module20_24_export	Node participates in at least one evidence-gated exported mechanism edge.
NODE09210	ligand	register_ligand_receptor_layer	edge=M20B-E004962; evidence=M20B-EVID-004962;M20B-EVID-004962-P2-DIRECT;M20B-EVID-004962-P2-FUNC;M20B-EVID-004962-P2-RELAY
NODE09210	signaling_cascade	module20_24_export	Node participates in at least one evidence-gated exported mechanism edge.
NODE09211	signaling_cascade	module20_24_export	Node participates in at least one evidence-gated exported mechanism edge.
NODE09212	signaling_cascade	module20_24_export	Node participates in at least one evidence-gated exported mechanism edge.
NODE09213	signaling_cascade	module20_24_export	Node participates in at least one evidence-gated exported mechanism edge.
NODE09213	target_gene	register_target_gene_layer	edge=M22B-E007302; evidence=M22B-EVID-007475
NODE09214	ligand	register_ligand_receptor_layer	edge=M20B-E004964; evidence=M20B-EVID-004964;M20B-EVID-004964-P2-DIRECT;M20B-EVID-004964-P2-FUNC || edge=M20B-E004965; evidence=M20B-EVID-004965;M20B-EVID-004965-P2-DIRECT;M20B-EVID-004965-P2-FUNC;M20B-EVID-004965-P2-RELAY
NODE09214	signaling_cascade	module20_24_export	Node participates in at least one evidence-gated exported mechanism edge.
NODE09215	signaling_cascade	module20_24_export	Node participates in at least one evidence-gated exported mechanism edge.
NODE09216	ligand	register_ligand_receptor_layer	edge=M20B-E004966; evidence=M20B-EVID-004966 || edge=M20B-E004967; evidence=M20B-EVID-004967
NODE09216	signaling_cascade	module20_24_export	Node participates in at least one evidence-gated exported mechanism edge.
NODE09217	signaling_cascade	module20_24_export	Node participates in at least one evidence-gated exported mechanism edge.
NODE09218	signaling_cascade	module20_24_export	Node participates in at least one evidence-gated exported mechanism edge.
NODE09219	ligand	register_ligand_receptor_layer	edge=M23B-E000878; evidence=M23B-EVID-001183;M23B-EVID-001186
NODE09219	signaling_cascade	module20_24_export	Node participates in at least one evidence-gated exported mechanism edge.
NODE09220	signaling_cascade	module20_24_export	Node participates in at least one evidence-gated exported mechanism edge.
NODE09221	ligand	register_ligand_receptor_layer	edge=M20B-E004969; evidence=M20B-EVID-004969 || edge=M20B-E004970; evidence=M20B-EVID-004970 || edge=M20B-E004971; evidence=M20B-EVID-004971 || edge=M20B-E004972; evidence=M20B-EVID-004972 || edge=M20B-E004973; evidence=M20B-EVID-004973 || edge=M20B-E004974; evidence=M20B-EVID-004974 || edge=M20B-E004975; evidence=M20B-EVID-004975 || edge=M20B-E004976; evidence=M20B-EVID-004976 || edge=M20B-E004977; evidence=M20B-EVID-004977 || edge=M23B-E000015; evidence=M23B-EVID-000016
NODE09221	signaling_cascade	module20_24_export	Node participates in at least one evidence-gated exported mechanism edge.
NODE09221	target_gene	register_target_gene_layer	edge=M22B-E005950; evidence=M22B-EVID-006123 || edge=M22B-E006572; evidence=M22B-EVID-006745 || edge=M22B-E007303; evidence=M22B-EVID-007476 || edge=M22B-E009689; evidence=M22B-EVID-009862
NODE09222	signaling_cascade	module20_24_export	Node participates in at least one evidence-gated exported mechanism edge.
NODE09223	signaling_cascade	module20_24_export	Node participates in at least one evidence-gated exported mechanism edge.
NODE09224	signaling_cascade	module20_24_export	Node participates in at least one evidence-gated exported mechanism edge.
NODE09225	signaling_cascade	module20_24_export	Node participates in at least one evidence-gated exported mechanism edge.
NODE09226	signaling_cascade	module20_24_export	Node participates in at least one evidence-gated exported mechanism edge.
NODE09227	signaling_cascade	module20_24_export	Node participates in at least one evidence-gated exported mechanism edge.
NODE09228	signaling_cascade	module20_24_export	Node participates in at least one evidence-gated exported mechanism edge.
NODE09229	ligand	register_ligand_receptor_layer	edge=M23B-E000681; evidence=M23B-EVID-000908 || edge=M23B-E000683; evidence=M23B-EVID-000911 || edge=M23B-E000685; evidence=M23B-EVID-000914 || edge=M23B-E000687; evidence=M23B-EVID-000917 || edge=M23B-E000881; evidence=M23B-EVID-001189
NODE09229	signaling_cascade	module20_24_export	Node participates in at least one evidence-gated exported mechanism edge.
NODE09230	signaling_cascade	module20_24_export	Node participates in at least one evidence-gated exported mechanism edge.
NODE09230	target_gene	register_target_gene_layer	edge=M22B-E006573; evidence=M22B-EVID-006746 || edge=M22B-E008726; evidence=M22B-EVID-008899
NODE09231	signaling_cascade	module20_24_export	Node participates in at least one evidence-gated exported mechanism edge.
NODE09231	target_gene	register_target_gene_layer	edge=M22B-E006574; evidence=M22B-EVID-006747
NODE09232	signaling_cascade	module20_24_export	Node participates in at least one evidence-gated exported mechanism edge.
NODE09232	target_gene	register_target_gene_layer	edge=M22B-E006215; evidence=M22B-EVID-006388 || edge=M22B-E006575; evidence=M22B-EVID-006748
NODE09233	signaling_cascade	module20_24_export	Node participates in at least one evidence-gated exported mechanism edge.
NODE09233	target_gene	register_target_gene_layer	edge=M22B-E005951; evidence=M22B-EVID-006124 || edge=M22B-E008117; evidence=M22B-EVID-008290
NODE09234	signaling_cascade	module20_24_export	Node participates in at least one evidence-gated exported mechanism edge.
NODE09235	signaling_cascade	module20_24_export	Node participates in at least one evidence-gated exported mechanism edge.
NODE09235	target_gene	register_target_gene_layer	edge=M22B-E006106; evidence=M22B-EVID-006279 || edge=M22B-E007304; evidence=M22B-EVID-007477 || edge=M22B-E008261; evidence=M22B-EVID-008434
NODE09236	signaling_cascade	module20_24_export	Node participates in at least one evidence-gated exported mechanism edge.
NODE09237	signaling_cascade	module20_24_export	Node participates in at least one evidence-gated exported mechanism edge.
NODE09237	target_gene	register_target_gene_layer	edge=M22B-E006216; evidence=M22B-EVID-006389
NODE09238	signaling_cascade	module20_24_export	Node participates in at least one evidence-gated exported mechanism edge.
NODE09239	signaling_cascade	module20_24_export	Node participates in at least one evidence-gated exported mechanism edge.
NODE09239	target_gene	register_target_gene_layer	edge=M22B-E005952; evidence=M22B-EVID-006125 || edge=M22B-E006107; evidence=M22B-EVID-006280 || edge=M22B-E006920; evidence=M22B-EVID-007093 || edge=M22B-E007305; evidence=M22B-EVID-007478 || edge=M22B-E008118; evidence=M22B-EVID-008291 || edge=M22B-E008262; evidence=M22B-EVID-008435 || edge=M22B-E009047; evidence=M22B-EVID-009220
NODE09240	signaling_cascade	module20_24_export	Node participates in at least one evidence-gated exported mechanism edge.
NODE09241	signaling_cascade	module20_24_export	Node participates in at least one evidence-gated exported mechanism edge.
NODE09242	signaling_cascade	module20_24_export	Node participates in at least one evidence-gated exported mechanism edge.
NODE09242	target_gene	register_target_gene_layer	edge=M22B-E007306; evidence=M22B-EVID-007479 || edge=M22B-E009701; evidence=M22B-EVID-009874 || edge=M22B-E010077; evidence=M22B-EVID-010250
NODE09243	signaling_cascade	module20_24_export	Node participates in at least one evidence-gated exported mechanism edge.
NODE09244	signaling_cascade	module20_24_export	Node participates in at least one evidence-gated exported mechanism edge.
NODE09245	signaling_cascade	module20_24_export	Node participates in at least one evidence-gated exported mechanism edge.
NODE09246	signaling_cascade	module20_24_export	Node participates in at least one evidence-gated exported mechanism edge.
NODE09247	signaling_cascade	module20_24_export	Node participates in at least one evidence-gated exported mechanism edge.
NODE09248	signaling_cascade	module20_24_export	Node participates in at least one evidence-gated exported mechanism edge.
NODE09249	signaling_cascade	module20_24_export	Node participates in at least one evidence-gated exported mechanism edge.
NODE09250	signaling_cascade	module20_24_export	Node participates in at least one evidence-gated exported mechanism edge.
NODE09251	signaling_cascade	module20_24_export	Node participates in at least one evidence-gated exported mechanism edge.
NODE09252	signaling_cascade	module20_24_export	Node participates in at least one evidence-gated exported mechanism edge.
NODE09253	signaling_cascade	module20_24_export	Node participates in at least one evidence-gated exported mechanism edge.
NODE09254	signaling_cascade	module20_24_export	Node participates in at least one evidence-gated exported mechanism edge.
NODE09255	signaling_cascade	module20_24_export	Node participates in at least one evidence-gated exported mechanism edge.
NODE09256	signaling_cascade	module20_24_export	Node participates in at least one evidence-gated exported mechanism edge.
NODE09257	signaling_cascade	module20_24_export	Node participates in at least one evidence-gated exported mechanism edge.
NODE09258	signaling_cascade	module20_24_export	Node participates in at least one evidence-gated exported mechanism edge.
NODE09258	target_gene	register_target_gene_layer	edge=M22B-E006921; evidence=M22B-EVID-007094
NODE09259	signaling_cascade	module20_24_export	Node participates in at least one evidence-gated exported mechanism edge.
NODE09259	target_gene	register_target_gene_layer	edge=M22B-E010233; evidence=M22B-EVID-010406
NODE09260	signaling_cascade	module20_24_export	Node participates in at least one evidence-gated exported mechanism edge.
NODE09260	target_gene	register_target_gene_layer	edge=M22B-E010234; evidence=M22B-EVID-010407
NODE09261	signaling_cascade	module20_24_export	Node participates in at least one evidence-gated exported mechanism edge.
NODE09261	target_gene	register_target_gene_layer	edge=M22B-E007307; evidence=M22B-EVID-007480 || edge=M22B-E010245; evidence=M22B-EVID-010418 || edge=M22B-E010246; evidence=M22B-EVID-010419 || edge=M22B-E010249; evidence=M22B-EVID-010422
NODE09262	signaling_cascade	module20_24_export	Node participates in at least one evidence-gated exported mechanism edge.
NODE09263	signaling_cascade	module20_24_export	Node participates in at least one evidence-gated exported mechanism edge.
NODE09263	transcription_factor	register_target_gene_layer	edge=M22B-E010233; evidence=M22B-EVID-010406
NODE09264	signaling_cascade	module20_24_export	Node participates in at least one evidence-gated exported mechanism edge.
NODE09265	signaling_cascade	module20_24_export	Node participates in at least one evidence-gated exported mechanism edge.
NODE09265	transcription_factor	register_target_gene_layer	edge=M22B-E010411; evidence=M22B-EVID-010583
NODE09266	signaling_cascade	module20_24_export	Node participates in at least one evidence-gated exported mechanism edge.
NODE09266	transcription_factor	register_target_gene_layer	edge=M22B-E010623; evidence=M22B-EVID-010719
NODE09267	signaling_cascade	module20_24_export	Node participates in at least one evidence-gated exported mechanism edge.
NODE09268	signaling_cascade	module20_24_export	Node participates in at least one evidence-gated exported mechanism edge.
NODE09268	target_gene	register_target_gene_layer	edge=M22B-E006922; evidence=M22B-EVID-007095 || edge=M22B-E009048; evidence=M22B-EVID-009221
NODE09269	signaling_cascade	module20_24_export	Node participates in at least one evidence-gated exported mechanism edge.
NODE09270	signaling_cascade	module20_24_export	Node participates in at least one evidence-gated exported mechanism edge.
NODE09270	target_gene	register_target_gene_layer	edge=M22B-E006217; evidence=M22B-EVID-006390 || edge=M22B-E008363; evidence=M22B-EVID-008536
NODE09271	signaling_cascade	module20_24_export	Node participates in at least one evidence-gated exported mechanism edge.
NODE09271	target_gene	register_target_gene_layer	edge=M22B-E006923; evidence=M22B-EVID-007096 || edge=M22B-E009049; evidence=M22B-EVID-009222
NODE09272	signaling_cascade	module20_24_export	Node participates in at least one evidence-gated exported mechanism edge.
NODE09272	target_gene	register_target_gene_layer	edge=M22B-E009702; evidence=M22B-EVID-009875 || edge=M22B-E009766; evidence=M22B-EVID-009939
NODE09273	signaling_cascade	module20_24_export	Node participates in at least one evidence-gated exported mechanism edge.
NODE09273	transcription_factor	register_target_gene_layer	edge=M22B-E010579; evidence=M22B-EVID-010675
NODE09274	signaling_cascade	module20_24_export	Node participates in at least one evidence-gated exported mechanism edge.
NODE09275	signaling_cascade	module20_24_export	Node participates in at least one evidence-gated exported mechanism edge.
NODE09276	ligand	register_ligand_receptor_layer	edge=M20B-E004985; evidence=M20B-EVID-004985;M20B-EVID-004985-P2-DIRECT;M20B-EVID-004985-P2-FUNC;M20B-EVID-004985-P2-RELAY || edge=M20B-E004986; evidence=M20B-EVID-004986;M20B-EVID-004986-P2-DIRECT;M20B-EVID-004986-P2-RELAY || edge=M20B-E004987; evidence=M20B-EVID-004987;M20B-EVID-004987-P2-BOUNDARY || edge=M20B-E004988; evidence=M20B-EVID-004988;M20B-EVID-004988-P2-DIRECT;M20B-EVID-004988-P2-RELAY || edge=M20B-E004989; evidence=M20B-EVID-004989;M20B-EVID-004989-P2-DIRECT;M20B-EVID-004989-P2-FUNC
NODE09276	signaling_cascade	module20_24_export	Node participates in at least one evidence-gated exported mechanism edge.
NODE09276	target_gene	register_target_gene_layer	edge=M22B-E000123; evidence=M22B-EVID-000397 || edge=M22B-E006286; evidence=M22B-EVID-006459 || edge=M22B-E008435; evidence=M22B-EVID-008608 || edge=M22B-E010063; evidence=M22B-EVID-010236
NODE09277	signaling_cascade	module20_24_export	Node participates in at least one evidence-gated exported mechanism edge.
NODE09278	signaling_cascade	module20_24_export	Node participates in at least one evidence-gated exported mechanism edge.
NODE09279	receptor	register_ligand_receptor_layer	edge=M20B-E003141; evidence=M20B-EVID-003141 || edge=M20B-E004985; evidence=M20B-EVID-004985;M20B-EVID-004985-P2-DIRECT;M20B-EVID-004985-P2-FUNC;M20B-EVID-004985-P2-RELAY
NODE09279	signaling_cascade	module20_24_export	Node participates in at least one evidence-gated exported mechanism edge.
NODE09279	target_gene	register_target_gene_layer	edge=M22B-E010618; evidence=M22B-EVID-010714
NODE09280	signaling_cascade	module20_24_export	Node participates in at least one evidence-gated exported mechanism edge.
NODE09281	receptor	register_ligand_receptor_layer	edge=M20B-E003142; evidence=M20B-EVID-003142 || edge=M20B-E004986; evidence=M20B-EVID-004986;M20B-EVID-004986-P2-DIRECT;M20B-EVID-004986-P2-RELAY
NODE09281	signaling_cascade	module20_24_export	Node participates in at least one evidence-gated exported mechanism edge.
NODE09281	target_gene	register_target_gene_layer	edge=M22B-E007899; evidence=M22B-EVID-008072 || edge=M22B-E009337; evidence=M22B-EVID-009510
NODE09282	signaling_cascade	module20_24_export	Node participates in at least one evidence-gated exported mechanism edge.
NODE09283	receptor	register_ligand_receptor_layer	edge=M20B-E003143; evidence=M20B-EVID-003143 || edge=M20B-E004987; evidence=M20B-EVID-004987;M20B-EVID-004987-P2-BOUNDARY
NODE09283	signaling_cascade	module20_24_export	Node participates in at least one evidence-gated exported mechanism edge.
NODE09284	signaling_cascade	module20_24_export	Node participates in at least one evidence-gated exported mechanism edge.
NODE09285	receptor	register_ligand_receptor_layer	edge=M20B-E003144; evidence=M20B-EVID-003144 || edge=M20B-E004988; evidence=M20B-EVID-004988;M20B-EVID-004988-P2-DIRECT;M20B-EVID-004988-P2-RELAY
NODE09285	signaling_cascade	module20_24_export	Node participates in at least one evidence-gated exported mechanism edge.
NODE09286	signaling_cascade	module20_24_export	Node participates in at least one evidence-gated exported mechanism edge.
NODE09287	receptor	register_ligand_receptor_layer	edge=M20B-E003145; evidence=M20B-EVID-003145 || edge=M20B-E004989; evidence=M20B-EVID-004989;M20B-EVID-004989-P2-DIRECT;M20B-EVID-004989-P2-FUNC || edge=M20B-E005178; evidence=M20B-EVID-005178;M20B-EVID-005178-P2-FUNC
NODE09287	signaling_cascade	module20_24_export	Node participates in at least one evidence-gated exported mechanism edge.
NODE09288	signaling_cascade	module20_24_export	Node participates in at least one evidence-gated exported mechanism edge.
NODE09289	receptor	register_ligand_receptor_layer	edge=M20B-E004962; evidence=M20B-EVID-004962;M20B-EVID-004962-P2-DIRECT;M20B-EVID-004962-P2-FUNC;M20B-EVID-004962-P2-RELAY
NODE09289	signaling_cascade	module20_24_export	Node participates in at least one evidence-gated exported mechanism edge.
NODE09289	target_gene	register_target_gene_layer	edge=M22B-E010527; evidence=M22B-EVID-010639
NODE09290	signaling_cascade	module20_24_export	Node participates in at least one evidence-gated exported mechanism edge.
NODE09291	signaling_cascade	module20_24_export	Node participates in at least one evidence-gated exported mechanism edge.
NODE09291	target_gene	register_target_gene_layer	edge=M22B-E006924; evidence=M22B-EVID-007097 || edge=M22B-E009050; evidence=M22B-EVID-009223
NODE09292	signaling_cascade	module20_24_export	Node participates in at least one evidence-gated exported mechanism edge.
NODE09292	target_gene	register_target_gene_layer	edge=M22B-E009502; evidence=M22B-EVID-009675
NODE09293	signaling_cascade	module20_24_export	Node participates in at least one evidence-gated exported mechanism edge.
NODE09293	target_gene	register_target_gene_layer	edge=M22B-E009503; evidence=M22B-EVID-009676
NODE09294	signaling_cascade	module20_24_export	Node participates in at least one evidence-gated exported mechanism edge.
NODE09294	target_gene	register_target_gene_layer	edge=M22B-E009364; evidence=M22B-EVID-009537
NODE09295	signaling_cascade	module20_24_export	Node participates in at least one evidence-gated exported mechanism edge.
NODE09295	target_gene	register_target_gene_layer	edge=M22B-E007308; evidence=M22B-EVID-007481
NODE09296	signaling_cascade	module20_24_export	Node participates in at least one evidence-gated exported mechanism edge.
NODE09297	signaling_cascade	module20_24_export	Node participates in at least one evidence-gated exported mechanism edge.
NODE09297	target_gene	register_target_gene_layer	edge=M22B-E006287; evidence=M22B-EVID-006460 || edge=M22B-E008436; evidence=M22B-EVID-008609
NODE09298	signaling_cascade	module20_24_export	Node participates in at least one evidence-gated exported mechanism edge.
NODE09299	signaling_cascade	module20_24_export	Node participates in at least one evidence-gated exported mechanism edge.
NODE09300	signaling_cascade	module20_24_export	Node participates in at least one evidence-gated exported mechanism edge.
NODE09301	signaling_cascade	module20_24_export	Node participates in at least one evidence-gated exported mechanism edge.
NODE09302	receptor	register_ligand_receptor_layer	edge=M20B-E005251; evidence=M20B-EVID-005251
NODE09302	signaling_cascade	module20_24_export	Node participates in at least one evidence-gated exported mechanism edge.
NODE09303	signaling_cascade	module20_24_export	Node participates in at least one evidence-gated exported mechanism edge.
NODE09304	signaling_cascade	module20_24_export	Node participates in at least one evidence-gated exported mechanism edge.
NODE09305	signaling_cascade	module20_24_export	Node participates in at least one evidence-gated exported mechanism edge.
NODE09306	signaling_cascade	module20_24_export	Node participates in at least one evidence-gated exported mechanism edge.
NODE09307	signaling_cascade	module20_24_export	Node participates in at least one evidence-gated exported mechanism edge.
NODE09308	signaling_cascade	module20_24_export	Node participates in at least one evidence-gated exported mechanism edge.
NODE09308	target_gene	register_target_gene_layer	edge=M22B-E005834; evidence=M22B-EVID-006007 || edge=M22B-E006218; evidence=M22B-EVID-006391 || edge=M22B-E007309; evidence=M22B-EVID-007482 || edge=M22B-E007998; evidence=M22B-EVID-008171 || edge=M22B-E008364; evidence=M22B-EVID-008537
NODE09309	signaling_cascade	module20_24_export	Node participates in at least one evidence-gated exported mechanism edge.
NODE09310	signaling_cascade	module20_24_export	Node participates in at least one evidence-gated exported mechanism edge.
NODE09310	target_gene	register_target_gene_layer	edge=M22B-E007310; evidence=M22B-EVID-007483
NODE09311	signaling_cascade	module20_24_export	Node participates in at least one evidence-gated exported mechanism edge.
NODE09312	signaling_cascade	module20_24_export	Node participates in at least one evidence-gated exported mechanism edge.
NODE09312	transcription_factor	register_target_gene_layer	edge=M22B-E010632; evidence=M22B-EVID-010729
NODE09313	signaling_cascade	module20_24_export	Node participates in at least one evidence-gated exported mechanism edge.
NODE09313	target_gene	register_target_gene_layer	edge=M22B-E010274; evidence=M22B-EVID-010447
NODE09313	transcription_factor	register_target_gene_layer	edge=M22B-E000412; evidence=M22B-EVID-000035 || edge=M22B-E005750; evidence=M22B-EVID-005923 || edge=M22B-E005751; evidence=M22B-EVID-005924 || edge=M22B-E005752; evidence=M22B-EVID-005925 || edge=M22B-E007346; evidence=M22B-EVID-007519 || edge=M22B-E007347; evidence=M22B-EVID-007520 || edge=M22B-E007348; evidence=M22B-EVID-007521 || edge=M22B-E007349; evidence=M22B-EVID-007522 || edge=M22B-E007350; evidence=M22B-EVID-007523 || edge=M22B-E007351; evidence=M22B-EVID-007524 || edge=M22B-E007352; evidence=M22B-EVID-007525 || edge=M22B-E007353; evidence=M22B-EVID-007526 || edge=M22B-E007354; evidence=M22B-EVID-007527 || edge=M22B-E007355; evidence=M22B-EVID-007528 || edge=M22B-E007356; evidence=M22B-EVID-007529 || edge=M22B-E007357; evidence=M22B-EVID-007530 || edge=M22B-E007358; evidence=M22B-EVID-007531 || edge=M22B-E007359; evidence=M22B-EVID-007532 || edge=M22B-E007360; evidence=M22B-EVID-007533 || edge=M22B-E007361; evidence=M22B-EVID-007534 || edge=M22B-E007362; evidence=M22B-EVID-007535 || edge=M22B-E007363; evidence=M22B-EVID-007536 || edge=M22B-E007364; evidence=M22B-EVID-007537 || edge=M22B-E007365; evidence=M22B-EVID-007538 || edge=M22B-E007366; evidence=M22B-EVID-007539 || edge=M22B-E007367; evidence=M22B-EVID-007540 || edge=M22B-E007368; evidence=M22B-EVID-007541 || edge=M22B-E007369; evidence=M22B-EVID-007542 || edge=M22B-E007370; evidence=M22B-EVID-007543 || edge=M22B-E007371; evidence=M22B-EVID-007544 || edge=M22B-E007372; evidence=M22B-EVID-007545 || edge=M22B-E007373; evidence=M22B-EVID-007546 || edge=M22B-E007374; evidence=M22B-EVID-007547 || edge=M22B-E007375; evidence=M22B-EVID-007548 || edge=M22B-E007376; evidence=M22B-EVID-007549 || edge=M22B-E007377; evidence=M22B-EVID-007550 || edge=M22B-E007378; evidence=M22B-EVID-007551 || edge=M22B-E007379; evidence=M22B-EVID-007552 || edge=M22B-E007380; evidence=M22B-EVID-007553 || edge=M22B-E007381; evidence=M22B-EVID-007554 || edge=M22B-E007382; evidence=M22B-EVID-007555 || edge=M22B-E007383; evidence=M22B-EVID-007556 || edge=M22B-E007384; evidence=M22B-EVID-007557 || edge=M22B-E007385; evidence=M22B-EVID-007558 || edge=M22B-E007386; evidence=M22B-EVID-007559 || edge=M22B-E007387; evidence=M22B-EVID-007560 || edge=M22B-E007388; evidence=M22B-EVID-007561 || edge=M22B-E007389; evidence=M22B-EVID-007562 || edge=M22B-E007390; evidence=M22B-EVID-007563 || edge=M22B-E007391; evidence=M22B-EVID-007564 || edge=M22B-E007392; evidence=M22B-EVID-007565 || edge=M22B-E007393; evidence=M22B-EVID-007566 || edge=M22B-E007394; evidence=M22B-EVID-007567 || edge=M22B-E007395; evidence=M22B-EVID-007568 || edge=M22B-E007396; evidence=M22B-EVID-007569 || edge=M22B-E007397; evidence=M22B-EVID-007570 || edge=M22B-E007398; evidence=M22B-EVID-007571 || edge=M22B-E007399; evidence=M22B-EVID-007572 || edge=M22B-E007400; evidence=M22B-EVID-007573 || edge=M22B-E007401; evidence=M22B-EVID-007574 || edge=M22B-E007402; evidence=M22B-EVID-007575 || edge=M22B-E007403; evidence=M22B-EVID-007576 || edge=M22B-E007404; evidence=M22B-EVID-007577 || edge=M22B-E007405; evidence=M22B-EVID-007578 || edge=M22B-E007406; evidence=M22B-EVID-007579 || edge=M22B-E007407; evidence=M22B-EVID-007580 || edge=M22B-E007408; evidence=M22B-EVID-007581 || edge=M22B-E007409; evidence=M22B-EVID-007582 || edge=M22B-E007410; evidence=M22B-EVID-007583 || edge=M22B-E007411; evidence=M22B-EVID-007584 || edge=M22B-E007412; evidence=M22B-EVID-007585 || edge=M22B-E007413; evidence=M22B-EVID-007586 || edge=M22B-E007414; evidence=M22B-EVID-007587 || edge=M22B-E007415; evidence=M22B-EVID-007588 || edge=M22B-E007416; evidence=M22B-EVID-007589 || edge=M22B-E007417; evidence=M22B-EVID-007590 || edge=M22B-E007418; evidence=M22B-EVID-007591 || edge=M22B-E007419; evidence=M22B-EVID-007592 || edge=M22B-E007420; evidence=M22B-EVID-007593 || edge=M22B-E007421; evidence=M22B-EVID-007594 || edge=M22B-E007422; evidence=M22B-EVID-007595 || edge=M22B-E007423; evidence=M22B-EVID-007596 || edge=M22B-E007424; evidence=M22B-EVID-007597 || edge=M22B-E007425; evidence=M22B-EVID-007598 || edge=M22B-E007426; evidence=M22B-EVID-007599 || edge=M22B-E007427; evidence=M22B-EVID-007600 || edge=M22B-E007428; evidence=M22B-EVID-007601 || edge=M22B-E007429; evidence=M22B-EVID-007602 || edge=M22B-E007430; evidence=M22B-EVID-007603 || edge=M22B-E007431; evidence=M22B-EVID-007604 || edge=M22B-E007432; evidence=M22B-EVID-007605 || edge=M22B-E007433; evidence=M22B-EVID-007606 || edge=M22B-E007434; evidence=M22B-EVID-007607 || edge=M22B-E007435; evidence=M22B-EVID-007608 || edge=M22B-E007436; evidence=M22B-EVID-007609 || edge=M22B-E007437; evidence=M22B-EVID-007610 || edge=M22B-E007438; evidence=M22B-EVID-007611 || edge=M22B-E007439; evidence=M22B-EVID-007612 || edge=M22B-E007440; evidence=M22B-EVID-007613 || edge=M22B-E007441; evidence=M22B-EVID-007614 || edge=M22B-E007442; evidence=M22B-EVID-007615 || edge=M22B-E007443; evidence=M22B-EVID-007616 || edge=M22B-E007444; evidence=M22B-EVID-007617 || edge=M22B-E007445; evidence=M22B-EVID-007618 || edge=M22B-E007446; evidence=M22B-EVID-007619 || edge=M22B-E007447; evidence=M22B-EVID-007620 || edge=M22B-E007448; evidence=M22B-EVID-007621 || edge=M22B-E007449; evidence=M22B-EVID-007622 || edge=M22B-E007450; evidence=M22B-EVID-007623 || edge=M22B-E007451; evidence=M22B-EVID-007624 || edge=M22B-E007452; evidence=M22B-EVID-007625 || edge=M22B-E007453; evidence=M22B-EVID-007626 || edge=M22B-E007454; evidence=M22B-EVID-007627 || edge=M22B-E007455; evidence=M22B-EVID-007628 || edge=M22B-E007456; evidence=M22B-EVID-007629 || edge=M22B-E007457; evidence=M22B-EVID-007630 || edge=M22B-E007458; evidence=M22B-EVID-007631 || edge=M22B-E007459; evidence=M22B-EVID-007632 || edge=M22B-E007460; evidence=M22B-EVID-007633 || edge=M22B-E007461; evidence=M22B-EVID-007634 || edge=M22B-E007462; evidence=M22B-EVID-007635 || edge=M22B-E007463; evidence=M22B-EVID-007636 || edge=M22B-E007464; evidence=M22B-EVID-007637 || edge=M22B-E007465; evidence=M22B-EVID-007638 || edge=M22B-E007466; evidence=M22B-EVID-007639 || edge=M22B-E007467; evidence=M22B-EVID-007640 || edge=M22B-E007468; evidence=M22B-EVID-007641 || edge=M22B-E007469; evidence=M22B-EVID-007642 || edge=M22B-E007470; evidence=M22B-EVID-007643 || edge=M22B-E007471; evidence=M22B-EVID-007644 || edge=M22B-E007472; evidence=M22B-EVID-007645 || edge=M22B-E007473; evidence=M22B-EVID-007646 || edge=M22B-E007474; evidence=M22B-EVID-007647 || edge=M22B-E007475; evidence=M22B-EVID-007648 || edge=M22B-E007476; evidence=M22B-EVID-007649 || edge=M22B-E007477; evidence=M22B-EVID-007650 || edge=M22B-E007478; evidence=M22B-EVID-007651 || edge=M22B-E007479; evidence=M22B-EVID-007652 || edge=M22B-E007480; evidence=M22B-EVID-007653 || edge=M22B-E007481; evidence=M22B-EVID-007654 || edge=M22B-E007482; evidence=M22B-EVID-007655 || edge=M22B-E007483; evidence=M22B-EVID-007656 || edge=M22B-E007484; evidence=M22B-EVID-007657 || edge=M22B-E007485; evidence=M22B-EVID-007658 || edge=M22B-E007486; evidence=M22B-EVID-007659 || edge=M22B-E007487; evidence=M22B-EVID-007660 || edge=M22B-E007488; evidence=M22B-EVID-007661 || edge=M22B-E007489; evidence=M22B-EVID-007662 || edge=M22B-E007490; evidence=M22B-EVID-007663 || edge=M22B-E007491; evidence=M22B-EVID-007664 || edge=M22B-E007492; evidence=M22B-EVID-007665 || edge=M22B-E007493; evidence=M22B-EVID-007666 || edge=M22B-E007494; evidence=M22B-EVID-007667 || edge=M22B-E007495; evidence=M22B-EVID-007668 || edge=M22B-E007496; evidence=M22B-EVID-007669 || edge=M22B-E007497; evidence=M22B-EVID-007670 || edge=M22B-E007498; evidence=M22B-EVID-007671 || edge=M22B-E007499; evidence=M22B-EVID-007672 || edge=M22B-E007500; evidence=M22B-EVID-007673 || edge=M22B-E007501; evidence=M22B-EVID-007674 || edge=M22B-E007502; evidence=M22B-EVID-007675 || edge=M22B-E007503; evidence=M22B-EVID-007676 || edge=M22B-E007504; evidence=M22B-EVID-007677 || edge=M22B-E007505; evidence=M22B-EVID-007678 || edge=M22B-E007506; evidence=M22B-EVID-007679 || edge=M22B-E007507; evidence=M22B-EVID-007680 || edge=M22B-E007508; evidence=M22B-EVID-007681 || edge=M22B-E007509; evidence=M22B-EVID-007682 || edge=M22B-E007510; evidence=M22B-EVID-007683 || edge=M22B-E007511; evidence=M22B-EVID-007684 || edge=M22B-E007512; evidence=M22B-EVID-007685 || edge=M22B-E007513; evidence=M22B-EVID-007686 || edge=M22B-E007514; evidence=M22B-EVID-007687 || edge=M22B-E007515; evidence=M22B-EVID-007688 || edge=M22B-E007516; evidence=M22B-EVID-007689 || edge=M22B-E007517; evidence=M22B-EVID-007690 || edge=M22B-E007518; evidence=M22B-EVID-007691 || edge=M22B-E007519; evidence=M22B-EVID-007692 || edge=M22B-E007520; evidence=M22B-EVID-007693 || edge=M22B-E007521; evidence=M22B-EVID-007694 || edge=M22B-E007522; evidence=M22B-EVID-007695 || edge=M22B-E007523; evidence=M22B-EVID-007696 || edge=M22B-E007524; evidence=M22B-EVID-007697 || edge=M22B-E007525; evidence=M22B-EVID-007698 || edge=M22B-E007526; evidence=M22B-EVID-007699 || edge=M22B-E007527; evidence=M22B-EVID-007700 || edge=M22B-E007528; evidence=M22B-EVID-007701 || edge=M22B-E007529; evidence=M22B-EVID-007702 || edge=M22B-E007530; evidence=M22B-EVID-007703 || edge=M22B-E007531; evidence=M22B-EVID-007704 || edge=M22B-E007532; evidence=M22B-EVID-007705 || edge=M22B-E007533; evidence=M22B-EVID-007706 || edge=M22B-E007534; evidence=M22B-EVID-007707 || edge=M22B-E007535; evidence=M22B-EVID-007708 || edge=M22B-E007536; evidence=M22B-EVID-007709 || edge=M22B-E007537; evidence=M22B-EVID-007710 || edge=M22B-E007538; evidence=M22B-EVID-007711 || edge=M22B-E007539; evidence=M22B-EVID-007712 || edge=M22B-E007540; evidence=M22B-EVID-007713 || edge=M22B-E007541; evidence=M22B-EVID-007714 || edge=M22B-E007542; evidence=M22B-EVID-007715 || edge=M22B-E007543; evidence=M22B-EVID-007716 || edge=M22B-E007544; evidence=M22B-EVID-007717 || edge=M22B-E007545; evidence=M22B-EVID-007718 || edge=M22B-E007546; evidence=M22B-EVID-007719 || edge=M22B-E007547; evidence=M22B-EVID-007720 || edge=M22B-E007548; evidence=M22B-EVID-007721 || edge=M22B-E007549; evidence=M22B-EVID-007722 || edge=M22B-E007550; evidence=M22B-EVID-007723 || edge=M22B-E007551; evidence=M22B-EVID-007724 || edge=M22B-E007552; evidence=M22B-EVID-007725 || edge=M22B-E007553; evidence=M22B-EVID-007726 || edge=M22B-E007554; evidence=M22B-EVID-007727 || edge=M22B-E007555; evidence=M22B-EVID-007728 || edge=M22B-E007556; evidence=M22B-EVID-007729 || edge=M22B-E007557; evidence=M22B-EVID-007730 || edge=M22B-E007558; evidence=M22B-EVID-007731 || edge=M22B-E007559; evidence=M22B-EVID-007732 || edge=M22B-E007560; evidence=M22B-EVID-007733 || edge=M22B-E007561; evidence=M22B-EVID-007734 || edge=M22B-E007562; evidence=M22B-EVID-007735 || edge=M22B-E007563; evidence=M22B-EVID-007736 || edge=M22B-E007564; evidence=M22B-EVID-007737 || edge=M22B-E007565; evidence=M22B-EVID-007738 || edge=M22B-E007566; evidence=M22B-EVID-007739 || edge=M22B-E007567; evidence=M22B-EVID-007740 || edge=M22B-E007568; evidence=M22B-EVID-007741 || edge=M22B-E007569; evidence=M22B-EVID-007742 || edge=M22B-E007570; evidence=M22B-EVID-007743 || edge=M22B-E007571; evidence=M22B-EVID-007744 || edge=M22B-E007572; evidence=M22B-EVID-007745 || edge=M22B-E007573; evidence=M22B-EVID-007746 || edge=M22B-E007574; evidence=M22B-EVID-007747 || edge=M22B-E007575; evidence=M22B-EVID-007748 || edge=M22B-E007576; evidence=M22B-EVID-007749 || edge=M22B-E007577; evidence=M22B-EVID-007750 || edge=M22B-E007578; evidence=M22B-EVID-007751 || edge=M22B-E007579; evidence=M22B-EVID-007752 || edge=M22B-E007580; evidence=M22B-EVID-007753 || edge=M22B-E007581; evidence=M22B-EVID-007754 || edge=M22B-E007582; evidence=M22B-EVID-007755 || edge=M22B-E007583; evidence=M22B-EVID-007756 || edge=M22B-E007584; evidence=M22B-EVID-007757 || edge=M22B-E007585; evidence=M22B-EVID-007758 || edge=M22B-E007586; evidence=M22B-EVID-007759 || edge=M22B-E007587; evidence=M22B-EVID-007760 || edge=M22B-E007588; evidence=M22B-EVID-007761 || edge=M22B-E007589; evidence=M22B-EVID-007762 || edge=M22B-E007590; evidence=M22B-EVID-007763 || edge=M22B-E007591; evidence=M22B-EVID-007764 || edge=M22B-E007592; evidence=M22B-EVID-007765 || edge=M22B-E007593; evidence=M22B-EVID-007766 || edge=M22B-E007594; evidence=M22B-EVID-007767 || edge=M22B-E007595; evidence=M22B-EVID-007768 || edge=M22B-E007596; evidence=M22B-EVID-007769 || edge=M22B-E007597; evidence=M22B-EVID-007770 || edge=M22B-E007598; evidence=M22B-EVID-007771 || edge=M22B-E007599; evidence=M22B-EVID-007772 || edge=M22B-E007600; evidence=M22B-EVID-007773 || edge=M22B-E007601; evidence=M22B-EVID-007774 || edge=M22B-E007602; evidence=M22B-EVID-007775 || edge=M22B-E007603; evidence=M22B-EVID-007776 || edge=M22B-E007604; evidence=M22B-EVID-007777 || edge=M22B-E007605; evidence=M22B-EVID-007778 || edge=M22B-E007606; evidence=M22B-EVID-007779 || edge=M22B-E007607; evidence=M22B-EVID-007780 || edge=M22B-E007608; evidence=M22B-EVID-007781 || edge=M22B-E007609; evidence=M22B-EVID-007782 || edge=M22B-E007610; evidence=M22B-EVID-007783 || edge=M22B-E007611; evidence=M22B-EVID-007784 || edge=M22B-E007612; evidence=M22B-EVID-007785 || edge=M22B-E007613; evidence=M22B-EVID-007786 || edge=M22B-E007614; evidence=M22B-EVID-007787 || edge=M22B-E007615; evidence=M22B-EVID-007788 || edge=M22B-E007616; evidence=M22B-EVID-007789 || edge=M22B-E007617; evidence=M22B-EVID-007790 || edge=M22B-E007618; evidence=M22B-EVID-007791 || edge=M22B-E007619; evidence=M22B-EVID-007792 || edge=M22B-E007620; evidence=M22B-EVID-007793 || edge=M22B-E007621; evidence=M22B-EVID-007794 || edge=M22B-E007622; evidence=M22B-EVID-007795 || edge=M22B-E007623; evidence=M22B-EVID-007796 || edge=M22B-E007624; evidence=M22B-EVID-007797 || edge=M22B-E007625; evidence=M22B-EVID-007798 || edge=M22B-E007626; evidence=M22B-EVID-007799 || edge=M22B-E007627; evidence=M22B-EVID-007800 || edge=M22B-E007628; evidence=M22B-EVID-007801 || edge=M22B-E007629; evidence=M22B-EVID-007802 || edge=M22B-E007630; evidence=M22B-EVID-007803 || edge=M22B-E007631; evidence=M22B-EVID-007804 || edge=M22B-E007632; evidence=M22B-EVID-007805 || edge=M22B-E007633; evidence=M22B-EVID-007806 || edge=M22B-E007634; evidence=M22B-EVID-007807 || edge=M22B-E007635; evidence=M22B-EVID-007808 || edge=M22B-E007636; evidence=M22B-EVID-007809 || edge=M22B-E007637; evidence=M22B-EVID-007810 || edge=M22B-E007638; evidence=M22B-EVID-007811 || edge=M22B-E007639; evidence=M22B-EVID-007812 || edge=M22B-E007640; evidence=M22B-EVID-007813 || edge=M22B-E007641; evidence=M22B-EVID-007814 || edge=M22B-E007642; evidence=M22B-EVID-007815 || edge=M22B-E007643; evidence=M22B-EVID-007816 || edge=M22B-E007644; evidence=M22B-EVID-007817 || edge=M22B-E007645; evidence=M22B-EVID-007818 || edge=M22B-E007646; evidence=M22B-EVID-007819 || edge=M22B-E007647; evidence=M22B-EVID-007820 || edge=M22B-E007648; evidence=M22B-EVID-007821 || edge=M22B-E007649; evidence=M22B-EVID-007822 || edge=M22B-E007650; evidence=M22B-EVID-007823 || edge=M22B-E007651; evidence=M22B-EVID-007824 || edge=M22B-E007652; evidence=M22B-EVID-007825 || edge=M22B-E007653; evidence=M22B-EVID-007826 || edge=M22B-E007654; evidence=M22B-EVID-007827 || edge=M22B-E007655; evidence=M22B-EVID-007828 || edge=M22B-E007656; evidence=M22B-EVID-007829 || edge=M22B-E007657; evidence=M22B-EVID-007830 || edge=M22B-E007658; evidence=M22B-EVID-007831 || edge=M22B-E007659; evidence=M22B-EVID-007832 || edge=M22B-E007660; evidence=M22B-EVID-007833 || edge=M22B-E009603; evidence=M22B-EVID-009776 || edge=M22B-E009604; evidence=M22B-EVID-009777 || edge=M22B-E009605; evidence=M22B-EVID-009778 || edge=M22B-E009606; evidence=M22B-EVID-009779 || edge=M22B-E009899; evidence=M22B-EVID-010072 || edge=M22B-E009900; evidence=M22B-EVID-010073 || edge=M22B-E009901; evidence=M22B-EVID-010074 || edge=M22B-E009902; evidence=M22B-EVID-010075 || edge=M22B-E009903; evidence=M22B-EVID-010076 || edge=M22B-E009904; evidence=M22B-EVID-010077 || edge=M22B-E009905; evidence=M22B-EVID-010078 || edge=M22B-E009906; evidence=M22B-EVID-010079 || edge=M22B-E009907; evidence=M22B-EVID-010080 || edge=M22B-E009908; evidence=M22B-EVID-010081 || edge=M22B-E009909; evidence=M22B-EVID-010082 || edge=M22B-E009910; evidence=M22B-EVID-010083 || edge=M22B-E009911; evidence=M22B-EVID-010084 || edge=M22B-E009912; evidence=M22B-EVID-010085 || edge=M22B-E010117; evidence=M22B-EVID-010290 || edge=M22B-E010157; evidence=M22B-EVID-010330 || edge=M22B-E010158; evidence=M22B-EVID-010331 || edge=M22B-E010221; evidence=M22B-EVID-010394 || edge=M22B-E010287; evidence=M22B-EVID-010460
NODE09314	signaling_cascade	module20_24_export	Node participates in at least one evidence-gated exported mechanism edge.
NODE09315	signaling_cascade	module20_24_export	Node participates in at least one evidence-gated exported mechanism edge.
NODE09316	signaling_cascade	module20_24_export	Node participates in at least one evidence-gated exported mechanism edge.
NODE09317	signaling_cascade	module20_24_export	Node participates in at least one evidence-gated exported mechanism edge.
NODE09318	signaling_cascade	module20_24_export	Node participates in at least one evidence-gated exported mechanism edge.
NODE09319	signaling_cascade	module20_24_export	Node participates in at least one evidence-gated exported mechanism edge.
NODE09320	signaling_cascade	module20_24_export	Node participates in at least one evidence-gated exported mechanism edge.
NODE09321	signaling_cascade	module20_24_export	Node participates in at least one evidence-gated exported mechanism edge.
NODE09321	transcription_factor	register_target_gene_layer	edge=M22B-E000416; evidence=M22B-EVID-000005;M22B-EVID-000031
NODE09322	signaling_cascade	module20_24_export	Node participates in at least one evidence-gated exported mechanism edge.
NODE09323	signaling_cascade	module20_24_export	Node participates in at least one evidence-gated exported mechanism edge.
NODE09324	signaling_cascade	module20_24_export	Node participates in at least one evidence-gated exported mechanism edge.
NODE09324	target_gene	register_target_gene_layer	edge=M22B-E007556; evidence=M22B-EVID-007729
NODE09325	signaling_cascade	module20_24_export	Node participates in at least one evidence-gated exported mechanism edge.
NODE09325	target_gene	register_target_gene_layer	edge=M22B-E007557; evidence=M22B-EVID-007730 || edge=M22B-E007900; evidence=M22B-EVID-008073
NODE09325	transcription_factor	register_target_gene_layer	edge=M22B-E000420; evidence=M22B-EVID-000060 || edge=M22B-E000425; evidence=M22B-EVID-000059 || edge=M22B-E000429; evidence=M22B-EVID-000003 || edge=M22B-E000430; evidence=M22B-EVID-000066 || edge=M22B-E000431; evidence=M22B-EVID-000001;M22B-EVID-000027;M22B-EVID-000057 || edge=M22B-E000432; evidence=M22B-EVID-000083 || edge=M22B-E010012; evidence=M22B-EVID-010185 || edge=M22B-E010013; evidence=M22B-EVID-010186 || edge=M22B-E010118; evidence=M22B-EVID-010291 || edge=M22B-E010119; evidence=M22B-EVID-010292 || edge=M22B-E010164; evidence=M22B-EVID-010337 || edge=M22B-E010223; evidence=M22B-EVID-010396 || edge=M22B-E010271; evidence=M22B-EVID-010444 || edge=M22B-E010274; evidence=M22B-EVID-010447 || edge=M22B-E010275; evidence=M22B-EVID-010448 || edge=M22B-E010388; evidence=M22B-EVID-010560 || edge=M22B-E010541; evidence=M22B-EVID-010650 || edge=M22B-E010638; evidence=M22B-EVID-010734 || edge=M22B-E010676; evidence=M22B-EVID-010769 || edge=M22B-E010677; evidence=M22B-EVID-010770
NODE09326	signaling_cascade	module20_24_export	Node participates in at least one evidence-gated exported mechanism edge.
NODE09327	signaling_cascade	module20_24_export	Node participates in at least one evidence-gated exported mechanism edge.
NODE09328	signaling_cascade	module20_24_export	Node participates in at least one evidence-gated exported mechanism edge.
NODE09329	signaling_cascade	module20_24_export	Node participates in at least one evidence-gated exported mechanism edge.
NODE09330	signaling_cascade	module20_24_export	Node participates in at least one evidence-gated exported mechanism edge.
NODE09331	signaling_cascade	module20_24_export	Node participates in at least one evidence-gated exported mechanism edge.
NODE09332	signaling_cascade	module20_24_export	Node participates in at least one evidence-gated exported mechanism edge.
NODE09332	target_gene	register_target_gene_layer	edge=M22B-E009397; evidence=M22B-EVID-009570
NODE09332	transcription_factor	register_target_gene_layer	edge=M22B-E000443; evidence=M22B-EVID-000050 || edge=M22B-E009983; evidence=M22B-EVID-010156 || edge=M22B-E010120; evidence=M22B-EVID-010293 || edge=M22B-E010294; evidence=M22B-EVID-010467
NODE09333	signaling_cascade	module20_24_export	Node participates in at least one evidence-gated exported mechanism edge.
NODE09334	signaling_cascade	module20_24_export	Node participates in at least one evidence-gated exported mechanism edge.
NODE09334	transcription_factor	register_target_gene_layer	edge=M22B-E010577; evidence=M22B-EVID-010673
NODE09335	signaling_cascade	module20_24_export	Node participates in at least one evidence-gated exported mechanism edge.
NODE09335	transcription_factor	register_target_gene_layer	edge=M22B-E000446; evidence=M22B-EVID-000008 || edge=M22B-E000447; evidence=M22B-EVID-000056 || edge=M22B-E000448; evidence=M22B-EVID-000007 || edge=M22B-E000449; evidence=M22B-EVID-000006;M22B-EVID-000055 || edge=M22B-E009920; evidence=M22B-EVID-010093 || edge=M22B-E009995; evidence=M22B-EVID-010168 || edge=M22B-E009996; evidence=M22B-EVID-010169 || edge=M22B-E009997; evidence=M22B-EVID-010170 || edge=M22B-E009998; evidence=M22B-EVID-010171 || edge=M22B-E009999; evidence=M22B-EVID-010172 || edge=M22B-E010000; evidence=M22B-EVID-010173 || edge=M22B-E010121; evidence=M22B-EVID-010294 || edge=M22B-E010122; evidence=M22B-EVID-010295 || edge=M22B-E010123; evidence=M22B-EVID-010296 || edge=M22B-E010124; evidence=M22B-EVID-010297 || edge=M22B-E010363; evidence=M22B-EVID-010535
NODE09336	signaling_cascade	module20_24_export	Node participates in at least one evidence-gated exported mechanism edge.
NODE09337	signaling_cascade	module20_24_export	Node participates in at least one evidence-gated exported mechanism edge.
NODE09338	signaling_cascade	module20_24_export	Node participates in at least one evidence-gated exported mechanism edge.
NODE09338	transcription_factor	register_target_gene_layer	edge=M22B-E010587; evidence=M22B-EVID-010683
NODE09339	signaling_cascade	module20_24_export	Node participates in at least one evidence-gated exported mechanism edge.
NODE09339	transcription_factor	register_target_gene_layer	edge=M22B-E000455; evidence=M22B-EVID-000077 || edge=M22B-E000456; evidence=M22B-EVID-000028 || edge=M22B-E000457; evidence=M22B-EVID-000072
NODE09340	signaling_cascade	module20_24_export	Node participates in at least one evidence-gated exported mechanism edge.
NODE09341	signaling_cascade	module20_24_export	Node participates in at least one evidence-gated exported mechanism edge.
NODE09341	target_gene	register_target_gene_layer	edge=M22B-E006925; evidence=M22B-EVID-007098
NODE09341	transcription_factor	register_target_gene_layer	edge=M22B-E000459; evidence=M22B-EVID-000010;M22B-EVID-000054 || edge=M22B-E000460; evidence=M22B-EVID-000009;M22B-EVID-000053 || edge=M22B-E010148; evidence=M22B-EVID-010321
NODE09342	signaling_cascade	module20_24_export	Node participates in at least one evidence-gated exported mechanism edge.
NODE09343	signaling_cascade	module20_24_export	Node participates in at least one evidence-gated exported mechanism edge.
NODE09344	signaling_cascade	module20_24_export	Node participates in at least one evidence-gated exported mechanism edge.
NODE09344	target_gene	register_target_gene_layer	edge=M22B-E006430; evidence=M22B-EVID-006603 || edge=M22B-E008583; evidence=M22B-EVID-008756
NODE09345	signaling_cascade	module20_24_export	Node participates in at least one evidence-gated exported mechanism edge.
NODE09346	signaling_cascade	module20_24_export	Node participates in at least one evidence-gated exported mechanism edge.
NODE09346	target_gene	register_target_gene_layer	edge=M22B-E007901; evidence=M22B-EVID-008074
NODE09347	signaling_cascade	module20_24_export	Node participates in at least one evidence-gated exported mechanism edge.
NODE09348	signaling_cascade	module20_24_export	Node participates in at least one evidence-gated exported mechanism edge.
NODE09348	target_gene	register_target_gene_layer	edge=M22B-E008365; evidence=M22B-EVID-008538 || edge=M22B-E008727; evidence=M22B-EVID-008900
NODE09349	signaling_cascade	module20_24_export	Node participates in at least one evidence-gated exported mechanism edge.
NODE09349	target_gene	register_target_gene_layer	edge=M22B-E008366; evidence=M22B-EVID-008539 || edge=M22B-E008728; evidence=M22B-EVID-008901
NODE09350	signaling_cascade	module20_24_export	Node participates in at least one evidence-gated exported mechanism edge.
NODE09350	target_gene	register_target_gene_layer	edge=M22B-E008367; evidence=M22B-EVID-008540 || edge=M22B-E008729; evidence=M22B-EVID-008902
NODE09351	signaling_cascade	module20_24_export	Node participates in at least one evidence-gated exported mechanism edge.
NODE09351	target_gene	register_target_gene_layer	edge=M22B-E005953; evidence=M22B-EVID-006126 || edge=M22B-E006219; evidence=M22B-EVID-006392 || edge=M22B-E008119; evidence=M22B-EVID-008292 || edge=M22B-E008368; evidence=M22B-EVID-008541
NODE09352	signaling_cascade	module20_24_export	Node participates in at least one evidence-gated exported mechanism edge.
NODE09353	signaling_cascade	module20_24_export	Node participates in at least one evidence-gated exported mechanism edge.
NODE09354	signaling_cascade	module20_24_export	Node participates in at least one evidence-gated exported mechanism edge.
NODE09355	signaling_cascade	module20_24_export	Node participates in at least one evidence-gated exported mechanism edge.
NODE09356	signaling_cascade	module20_24_export	Node participates in at least one evidence-gated exported mechanism edge.
NODE09357	signaling_cascade	module20_24_export	Node participates in at least one evidence-gated exported mechanism edge.
NODE09358	signaling_cascade	module20_24_export	Node participates in at least one evidence-gated exported mechanism edge.
NODE09359	signaling_cascade	module20_24_export	Node participates in at least one evidence-gated exported mechanism edge.
NODE09360	signaling_cascade	module20_24_export	Node participates in at least one evidence-gated exported mechanism edge.
NODE09361	signaling_cascade	module20_24_export	Node participates in at least one evidence-gated exported mechanism edge.
NODE09362	signaling_cascade	module20_24_export	Node participates in at least one evidence-gated exported mechanism edge.
NODE09363	signaling_cascade	module20_24_export	Node participates in at least one evidence-gated exported mechanism edge.
NODE09364	signaling_cascade	module20_24_export	Node participates in at least one evidence-gated exported mechanism edge.
NODE09365	signaling_cascade	module20_24_export	Node participates in at least one evidence-gated exported mechanism edge.
NODE09366	signaling_cascade	module20_24_export	Node participates in at least one evidence-gated exported mechanism edge.
NODE09366	target_gene	register_target_gene_layer	edge=M22B-E007311; evidence=M22B-EVID-007484
NODE09367	signaling_cascade	module20_24_export	Node participates in at least one evidence-gated exported mechanism edge.
NODE09368	signaling_cascade	module20_24_export	Node participates in at least one evidence-gated exported mechanism edge.
NODE09368	target_gene	register_target_gene_layer	edge=M22B-E007902; evidence=M22B-EVID-008075
NODE09369	signaling_cascade	module20_24_export	Node participates in at least one evidence-gated exported mechanism edge.
NODE09369	target_gene	register_target_gene_layer	edge=M22B-E006288; evidence=M22B-EVID-006461 || edge=M22B-E008437; evidence=M22B-EVID-008610
NODE09370	signaling_cascade	module20_24_export	Node participates in at least one evidence-gated exported mechanism edge.
NODE09370	target_gene	register_target_gene_layer	edge=M22B-E005954; evidence=M22B-EVID-006127 || edge=M22B-E006576; evidence=M22B-EVID-006749 || edge=M22B-E006926; evidence=M22B-EVID-007099 || edge=M22B-E008120; evidence=M22B-EVID-008293 || edge=M22B-E008730; evidence=M22B-EVID-008903 || edge=M22B-E009051; evidence=M22B-EVID-009224
NODE09371	signaling_cascade	module20_24_export	Node participates in at least one evidence-gated exported mechanism edge.
NODE09372	signaling_cascade	module20_24_export	Node participates in at least one evidence-gated exported mechanism edge.
NODE09373	signaling_cascade	module20_24_export	Node participates in at least one evidence-gated exported mechanism edge.
NODE09374	receptor	register_ligand_receptor_layer	edge=M20B-E004689; evidence=M20B-EVID-004689;M20B-EVID-004689-P2-DIRECT;M20B-EVID-004689-P2-FUNC;M20B-EVID-004689-P2-RELAY
NODE09374	signaling_cascade	module20_24_export	Node participates in at least one evidence-gated exported mechanism edge.
NODE09375	signaling_cascade	module20_24_export	Node participates in at least one evidence-gated exported mechanism edge.
NODE09376	signaling_cascade	module20_24_export	Node participates in at least one evidence-gated exported mechanism edge.
NODE09377	signaling_cascade	module20_24_export	Node participates in at least one evidence-gated exported mechanism edge.
NODE09378	signaling_cascade	module20_24_export	Node participates in at least one evidence-gated exported mechanism edge.
NODE09379	signaling_cascade	module20_24_export	Node participates in at least one evidence-gated exported mechanism edge.
NODE09379	target_gene	register_target_gene_layer	edge=M22B-E010639; evidence=M22B-EVID-010735
NODE09380	signaling_cascade	module20_24_export	Node participates in at least one evidence-gated exported mechanism edge.
NODE09381	signaling_cascade	module20_24_export	Node participates in at least one evidence-gated exported mechanism edge.
NODE09382	signaling_cascade	module20_24_export	Node participates in at least one evidence-gated exported mechanism edge.
NODE09383	ligand	register_ligand_receptor_layer	edge=M24B-E000055; evidence=M24B-EVID-000076 || edge=M24B-E000056; evidence=M24B-EVID-000077
NODE09383	signaling_cascade	module20_24_export	Node participates in at least one evidence-gated exported mechanism edge.
NODE09384	signaling_cascade	module20_24_export	Node participates in at least one evidence-gated exported mechanism edge.
NODE09385	signaling_cascade	module20_24_export	Node participates in at least one evidence-gated exported mechanism edge.
NODE09386	signaling_cascade	module20_24_export	Node participates in at least one evidence-gated exported mechanism edge.
NODE09387	signaling_cascade	module20_24_export	Node participates in at least one evidence-gated exported mechanism edge.
NODE09388	signaling_cascade	module20_24_export	Node participates in at least one evidence-gated exported mechanism edge.
NODE09389	signaling_cascade	module20_24_export	Node participates in at least one evidence-gated exported mechanism edge.
NODE09389	target_gene	register_target_gene_layer	edge=M22B-E007903; evidence=M22B-EVID-008076 || edge=M22B-E009338; evidence=M22B-EVID-009511
NODE09390	signaling_cascade	module20_24_export	Node participates in at least one evidence-gated exported mechanism edge.
NODE09391	signaling_cascade	module20_24_export	Node participates in at least one evidence-gated exported mechanism edge.
NODE09392	receptor	register_ligand_receptor_layer	edge=M23B-E001139; evidence=M23B-EVID-EXPAND23A-064
NODE09392	signaling_cascade	module20_24_export	Node participates in at least one evidence-gated exported mechanism edge.
NODE09393	signaling_cascade	module20_24_export	Node participates in at least one evidence-gated exported mechanism edge.
NODE09393	target_gene	register_target_gene_layer	edge=M22B-E010226; evidence=M22B-EVID-010399 || edge=M22B-E010229; evidence=M22B-EVID-010402
NODE09394	signaling_cascade	module20_24_export	Node participates in at least one evidence-gated exported mechanism edge.
NODE09394	target_gene	register_target_gene_layer	edge=M22B-E010224; evidence=M22B-EVID-010397 || edge=M22B-E010225; evidence=M22B-EVID-010398 || edge=M22B-E010230; evidence=M22B-EVID-010403
NODE09395	signaling_cascade	module20_24_export	Node participates in at least one evidence-gated exported mechanism edge.
NODE09395	target_gene	register_target_gene_layer	edge=M22B-E010231; evidence=M22B-EVID-010404 || edge=M22B-E010232; evidence=M22B-EVID-010405
NODE09396	signaling_cascade	module20_24_export	Node participates in at least one evidence-gated exported mechanism edge.
NODE09396	target_gene	register_target_gene_layer	edge=M22B-E006108; evidence=M22B-EVID-006281 || edge=M22B-E008263; evidence=M22B-EVID-008436 || edge=M22B-E009504; evidence=M22B-EVID-009677
NODE09397	signaling_cascade	module20_24_export	Node participates in at least one evidence-gated exported mechanism edge.
NODE09397	target_gene	register_target_gene_layer	edge=M22B-E009505; evidence=M22B-EVID-009678
NODE09398	signaling_cascade	module20_24_export	Node participates in at least one evidence-gated exported mechanism edge.
NODE09398	target_gene	register_target_gene_layer	edge=M22B-E006927; evidence=M22B-EVID-007100 || edge=M22B-E009052; evidence=M22B-EVID-009225
NODE09399	signaling_cascade	module20_24_export	Node participates in at least one evidence-gated exported mechanism edge.
NODE09400	signaling_cascade	module20_24_export	Node participates in at least one evidence-gated exported mechanism edge.
NODE09401	receptor	register_ligand_receptor_layer	edge=M20B-E002346; evidence=M20B-EVID-002346
NODE09401	signaling_cascade	module20_24_export	Node participates in at least one evidence-gated exported mechanism edge.
NODE09402	signaling_cascade	module20_24_export	Node participates in at least one evidence-gated exported mechanism edge.
NODE09403	signaling_cascade	module20_24_export	Node participates in at least one evidence-gated exported mechanism edge.
NODE09403	target_gene	register_target_gene_layer	edge=M22B-E006289; evidence=M22B-EVID-006462 || edge=M22B-E008438; evidence=M22B-EVID-008611
NODE09404	signaling_cascade	module20_24_export	Node participates in at least one evidence-gated exported mechanism edge.
NODE09405	signaling_cascade	module20_24_export	Node participates in at least one evidence-gated exported mechanism edge.
NODE09405	target_gene	register_target_gene_layer	edge=M22B-E007020; evidence=M22B-EVID-007193
NODE09406	signaling_cascade	module20_24_export	Node participates in at least one evidence-gated exported mechanism edge.
NODE09407	signaling_cascade	module20_24_export	Node participates in at least one evidence-gated exported mechanism edge.
NODE09408	signaling_cascade	module20_24_export	Node participates in at least one evidence-gated exported mechanism edge.
NODE09409	signaling_cascade	module20_24_export	Node participates in at least one evidence-gated exported mechanism edge.
NODE09410	signaling_cascade	module20_24_export	Node participates in at least one evidence-gated exported mechanism edge.
NODE09410	target_gene	register_target_gene_layer	edge=M22B-E009518; evidence=M22B-EVID-009691
NODE09411	signaling_cascade	module20_24_export	Node participates in at least one evidence-gated exported mechanism edge.
NODE09411	target_gene	register_target_gene_layer	edge=M22B-E005955; evidence=M22B-EVID-006128 || edge=M22B-E008121; evidence=M22B-EVID-008294
NODE09412	signaling_cascade	module20_24_export	Node participates in at least one evidence-gated exported mechanism edge.
NODE09412	target_gene	register_target_gene_layer	edge=M22B-E005956; evidence=M22B-EVID-006129 || edge=M22B-E008122; evidence=M22B-EVID-008295
NODE09413	signaling_cascade	module20_24_export	Node participates in at least one evidence-gated exported mechanism edge.
NODE09414	signaling_cascade	module20_24_export	Node participates in at least one evidence-gated exported mechanism edge.
NODE09415	signaling_cascade	module20_24_export	Node participates in at least one evidence-gated exported mechanism edge.
NODE09416	signaling_cascade	module20_24_export	Node participates in at least one evidence-gated exported mechanism edge.
NODE09417	signaling_cascade	module20_24_export	Node participates in at least one evidence-gated exported mechanism edge.
NODE09418	signaling_cascade	module20_24_export	Node participates in at least one evidence-gated exported mechanism edge.
NODE09419	signaling_cascade	module20_24_export	Node participates in at least one evidence-gated exported mechanism edge.
NODE09420	signaling_cascade	module20_24_export	Node participates in at least one evidence-gated exported mechanism edge.
NODE09420	target_gene	register_target_gene_layer	edge=M22B-E006928; evidence=M22B-EVID-007101 || edge=M22B-E009053; evidence=M22B-EVID-009226
NODE09421	signaling_cascade	module20_24_export	Node participates in at least one evidence-gated exported mechanism edge.
NODE09422	signaling_cascade	module20_24_export	Node participates in at least one evidence-gated exported mechanism edge.
NODE09423	signaling_cascade	module20_24_export	Node participates in at least one evidence-gated exported mechanism edge.
NODE09424	signaling_cascade	module20_24_export	Node participates in at least one evidence-gated exported mechanism edge.
NODE09425	signaling_cascade	module20_24_export	Node participates in at least one evidence-gated exported mechanism edge.
NODE09426	signaling_cascade	module20_24_export	Node participates in at least one evidence-gated exported mechanism edge.
NODE09427	signaling_cascade	module20_24_export	Node participates in at least one evidence-gated exported mechanism edge.
NODE09428	signaling_cascade	module20_24_export	Node participates in at least one evidence-gated exported mechanism edge.
NODE09429	signaling_cascade	module20_24_export	Node participates in at least one evidence-gated exported mechanism edge.
NODE09430	signaling_cascade	module20_24_export	Node participates in at least one evidence-gated exported mechanism edge.
NODE09431	signaling_cascade	module20_24_export	Node participates in at least one evidence-gated exported mechanism edge.
NODE09432	signaling_cascade	module20_24_export	Node participates in at least one evidence-gated exported mechanism edge.
NODE09433	signaling_cascade	module20_24_export	Node participates in at least one evidence-gated exported mechanism edge.
NODE09434	signaling_cascade	module20_24_export	Node participates in at least one evidence-gated exported mechanism edge.
NODE09435	signaling_cascade	module20_24_export	Node participates in at least one evidence-gated exported mechanism edge.
NODE09436	signaling_cascade	module20_24_export	Node participates in at least one evidence-gated exported mechanism edge.
NODE09437	signaling_cascade	module20_24_export	Node participates in at least one evidence-gated exported mechanism edge.
NODE09438	signaling_cascade	module20_24_export	Node participates in at least one evidence-gated exported mechanism edge.
NODE09439	signaling_cascade	module20_24_export	Node participates in at least one evidence-gated exported mechanism edge.
NODE09440	signaling_cascade	module20_24_export	Node participates in at least one evidence-gated exported mechanism edge.
NODE09441	signaling_cascade	module20_24_export	Node participates in at least one evidence-gated exported mechanism edge.
NODE09442	ligand	register_ligand_receptor_layer	edge=M20B-E004997; evidence=M20B-EVID-004997
NODE09442	signaling_cascade	module20_24_export	Node participates in at least one evidence-gated exported mechanism edge.
NODE09443	ligand	register_ligand_receptor_layer	edge=M24B-E000059; evidence=M24B-EVID-000080
NODE09443	signaling_cascade	module20_24_export	Node participates in at least one evidence-gated exported mechanism edge.
NODE09444	signaling_cascade	module20_24_export	Node participates in at least one evidence-gated exported mechanism edge.
NODE09445	signaling_cascade	module20_24_export	Node participates in at least one evidence-gated exported mechanism edge.
NODE09446	signaling_cascade	module20_24_export	Node participates in at least one evidence-gated exported mechanism edge.
NODE09447	receptor	register_ligand_receptor_layer	edge=M24B-E000043; evidence=M24B-EVID-000064;M24B-EVID-000091 || edge=M24B-E000046; evidence=M24B-EVID-000067;M24B-EVID-000094 || edge=M24B-E000049; evidence=M24B-EVID-000070;M24B-EVID-000097 || edge=M24B-E000052; evidence=M24B-EVID-000073;M24B-EVID-000100 || edge=M24B-E000059; evidence=M24B-EVID-000080
NODE09447	signaling_cascade	module20_24_export	Node participates in at least one evidence-gated exported mechanism edge.
NODE09448	signaling_cascade	module20_24_export	Node participates in at least one evidence-gated exported mechanism edge.
NODE09449	signaling_cascade	module20_24_export	Node participates in at least one evidence-gated exported mechanism edge.
NODE09450	signaling_cascade	module20_24_export	Node participates in at least one evidence-gated exported mechanism edge.
NODE09451	receptor	register_ligand_receptor_layer	edge=M24B-E000044; evidence=M24B-EVID-000065;M24B-EVID-000092 || edge=M24B-E000047; evidence=M24B-EVID-000068;M24B-EVID-000095 || edge=M24B-E000050; evidence=M24B-EVID-000071;M24B-EVID-000098 || edge=M24B-E000053; evidence=M24B-EVID-000074 || edge=M24B-E000055; evidence=M24B-EVID-000076
NODE09451	signaling_cascade	module20_24_export	Node participates in at least one evidence-gated exported mechanism edge.
NODE09452	signaling_cascade	module20_24_export	Node participates in at least one evidence-gated exported mechanism edge.
NODE09453	signaling_cascade	module20_24_export	Node participates in at least one evidence-gated exported mechanism edge.
NODE09454	signaling_cascade	module20_24_export	Node participates in at least one evidence-gated exported mechanism edge.
NODE09455	receptor	register_ligand_receptor_layer	edge=M20B-E004997; evidence=M20B-EVID-004997 || edge=M24B-E000045; evidence=M24B-EVID-000066;M24B-EVID-000093 || edge=M24B-E000048; evidence=M24B-EVID-000069;M24B-EVID-000096 || edge=M24B-E000051; evidence=M24B-EVID-000072;M24B-EVID-000099 || edge=M24B-E000056; evidence=M24B-EVID-000077
NODE09455	signaling_cascade	module20_24_export	Node participates in at least one evidence-gated exported mechanism edge.
NODE09456	signaling_cascade	module20_24_export	Node participates in at least one evidence-gated exported mechanism edge.
NODE09457	signaling_cascade	module20_24_export	Node participates in at least one evidence-gated exported mechanism edge.
NODE09457	target_gene	register_target_gene_layer	edge=M22B-E006109; evidence=M22B-EVID-006282 || edge=M22B-E008264; evidence=M22B-EVID-008437
NODE09458	signaling_cascade	module20_24_export	Node participates in at least one evidence-gated exported mechanism edge.
NODE09458	target_gene	register_target_gene_layer	edge=M22B-E007312; evidence=M22B-EVID-007485
NODE09459	signaling_cascade	module20_24_export	Node participates in at least one evidence-gated exported mechanism edge.
NODE09460	signaling_cascade	module20_24_export	Node participates in at least one evidence-gated exported mechanism edge.
NODE09461	signaling_cascade	module20_24_export	Node participates in at least one evidence-gated exported mechanism edge.
NODE09462	signaling_cascade	module20_24_export	Node participates in at least one evidence-gated exported mechanism edge.
NODE09463	signaling_cascade	module20_24_export	Node participates in at least one evidence-gated exported mechanism edge.
NODE09464	signaling_cascade	module20_24_export	Node participates in at least one evidence-gated exported mechanism edge.
NODE09465	signaling_cascade	module20_24_export	Node participates in at least one evidence-gated exported mechanism edge.
NODE09465	target_gene	register_target_gene_layer	edge=M22B-E007313; evidence=M22B-EVID-007486
NODE09465	transcription_factor	register_target_gene_layer	edge=M22B-E010194; evidence=M22B-EVID-010367
NODE09466	signaling_cascade	module20_24_export	Node participates in at least one evidence-gated exported mechanism edge.
NODE09467	signaling_cascade	module20_24_export	Node participates in at least one evidence-gated exported mechanism edge.
NODE09468	signaling_cascade	module20_24_export	Node participates in at least one evidence-gated exported mechanism edge.
NODE09469	signaling_cascade	module20_24_export	Node participates in at least one evidence-gated exported mechanism edge.
NODE09469	target_gene	register_target_gene_layer	edge=M22B-E005767; evidence=M22B-EVID-005940 || edge=M22B-E007558; evidence=M22B-EVID-007731 || edge=M22B-E007904; evidence=M22B-EVID-008077 || edge=M22B-E009339; evidence=M22B-EVID-009512
NODE09470	signaling_cascade	module20_24_export	Node participates in at least one evidence-gated exported mechanism edge.
NODE09470	target_gene	register_target_gene_layer	edge=M22B-E006476; evidence=M22B-EVID-006649 || edge=M22B-E008631; evidence=M22B-EVID-008804
NODE09471	signaling_cascade	module20_24_export	Node participates in at least one evidence-gated exported mechanism edge.
NODE09472	signaling_cascade	module20_24_export	Node participates in at least one evidence-gated exported mechanism edge.
NODE09473	signaling_cascade	module20_24_export	Node participates in at least one evidence-gated exported mechanism edge.
NODE09474	signaling_cascade	module20_24_export	Node participates in at least one evidence-gated exported mechanism edge.
NODE09475	signaling_cascade	module20_24_export	Node participates in at least one evidence-gated exported mechanism edge.
NODE09476	signaling_cascade	module20_24_export	Node participates in at least one evidence-gated exported mechanism edge.
NODE09477	signaling_cascade	module20_24_export	Node participates in at least one evidence-gated exported mechanism edge.
NODE09478	signaling_cascade	module20_24_export	Node participates in at least one evidence-gated exported mechanism edge.
NODE09478	transcription_factor	register_target_gene_layer	edge=M22B-E000461; evidence=M22B-EVID-000185
NODE09479	signaling_cascade	module20_24_export	Node participates in at least one evidence-gated exported mechanism edge.
NODE09480	signaling_cascade	module20_24_export	Node participates in at least one evidence-gated exported mechanism edge.
NODE09480	transcription_factor	register_target_gene_layer	edge=M22B-E010125; evidence=M22B-EVID-010298 || edge=M22B-E010126; evidence=M22B-EVID-010299
NODE09481	signaling_cascade	module20_24_export	Node participates in at least one evidence-gated exported mechanism edge.
NODE09481	transcription_factor	register_target_gene_layer	edge=M22B-E010014; evidence=M22B-EVID-010187
NODE09482	signaling_cascade	module20_24_export	Node participates in at least one evidence-gated exported mechanism edge.
NODE09483	signaling_cascade	module20_24_export	Node participates in at least one evidence-gated exported mechanism edge.
NODE09484	signaling_cascade	module20_24_export	Node participates in at least one evidence-gated exported mechanism edge.
NODE09484	target_gene	register_target_gene_layer	edge=M22B-E007905; evidence=M22B-EVID-008078 || edge=M22B-E009340; evidence=M22B-EVID-009513
NODE09485	signaling_cascade	module20_24_export	Node participates in at least one evidence-gated exported mechanism edge.
NODE09486	signaling_cascade	module20_24_export	Node participates in at least one evidence-gated exported mechanism edge.
NODE09487	signaling_cascade	module20_24_export	Node participates in at least one evidence-gated exported mechanism edge.
NODE09488	signaling_cascade	module20_24_export	Node participates in at least one evidence-gated exported mechanism edge.
NODE09489	signaling_cascade	module20_24_export	Node participates in at least one evidence-gated exported mechanism edge.
NODE09490	signaling_cascade	module20_24_export	Node participates in at least one evidence-gated exported mechanism edge.
NODE09491	signaling_cascade	module20_24_export	Node participates in at least one evidence-gated exported mechanism edge.
NODE09491	target_gene	register_target_gene_layer	edge=M22B-E009767; evidence=M22B-EVID-009940 || edge=M22B-E010050; evidence=M22B-EVID-010223
NODE09492	signaling_cascade	module20_24_export	Node participates in at least one evidence-gated exported mechanism edge.
NODE09492	transcription_factor	register_target_gene_layer	edge=M22B-E010380; evidence=M22B-EVID-010552
NODE09493	signaling_cascade	module20_24_export	Node participates in at least one evidence-gated exported mechanism edge.
NODE09493	target_gene	register_target_gene_layer	edge=M22B-E007559; evidence=M22B-EVID-007732 || edge=M22B-E009713; evidence=M22B-EVID-009886
NODE09493	transcription_factor	register_target_gene_layer	edge=M22B-E009946; evidence=M22B-EVID-010119 || edge=M22B-E010022; evidence=M22B-EVID-010195 || edge=M22B-E010023; evidence=M22B-EVID-010196 || edge=M22B-E010293; evidence=M22B-EVID-010466
NODE09494	signaling_cascade	module20_24_export	Node participates in at least one evidence-gated exported mechanism edge.
NODE09494	target_gene	register_target_gene_layer	edge=M22B-E000443; evidence=M22B-EVID-000050
NODE09495	signaling_cascade	module20_24_export	Node participates in at least one evidence-gated exported mechanism edge.
NODE09496	signaling_cascade	module20_24_export	Node participates in at least one evidence-gated exported mechanism edge.
NODE09496	transcription_factor	register_target_gene_layer	edge=M22B-E010607; evidence=M22B-EVID-010703
NODE09497	signaling_cascade	module20_24_export	Node participates in at least one evidence-gated exported mechanism edge.
NODE09497	target_gene	register_target_gene_layer	edge=M22B-E005957; evidence=M22B-EVID-006130 || edge=M22B-E006110; evidence=M22B-EVID-006283 || edge=M22B-E007314; evidence=M22B-EVID-007487 || edge=M22B-E008123; evidence=M22B-EVID-008296 || edge=M22B-E008265; evidence=M22B-EVID-008438
NODE09498	signaling_cascade	module20_24_export	Node participates in at least one evidence-gated exported mechanism edge.
NODE09499	signaling_cascade	module20_24_export	Node participates in at least one evidence-gated exported mechanism edge.
NODE09499	target_gene	register_target_gene_layer	edge=M22B-E006111; evidence=M22B-EVID-006284 || edge=M22B-E007906; evidence=M22B-EVID-008079 || edge=M22B-E008266; evidence=M22B-EVID-008439 || edge=M22B-E009341; evidence=M22B-EVID-009514
NODE09500	signaling_cascade	module20_24_export	Node participates in at least one evidence-gated exported mechanism edge.
NODE09501	signaling_cascade	module20_24_export	Node participates in at least one evidence-gated exported mechanism edge.
NODE09502	signaling_cascade	module20_24_export	Node participates in at least one evidence-gated exported mechanism edge.
NODE09503	signaling_cascade	module20_24_export	Node participates in at least one evidence-gated exported mechanism edge.
NODE09503	target_gene	register_target_gene_layer	edge=M22B-E006112; evidence=M22B-EVID-006285 || edge=M22B-E007907; evidence=M22B-EVID-008080 || edge=M22B-E008267; evidence=M22B-EVID-008440 || edge=M22B-E009342; evidence=M22B-EVID-009515
NODE09504	signaling_cascade	module20_24_export	Node participates in at least one evidence-gated exported mechanism edge.
NODE09504	transcription_factor	register_target_gene_layer	edge=M22B-E010127; evidence=M22B-EVID-010300 || edge=M22B-E010584; evidence=M22B-EVID-010680
NODE09505	signaling_cascade	module20_24_export	Node participates in at least one evidence-gated exported mechanism edge.
NODE09505	target_gene	register_target_gene_layer	edge=M22B-E006929; evidence=M22B-EVID-007102 || edge=M22B-E007021; evidence=M22B-EVID-007194 || edge=M22B-E007908; evidence=M22B-EVID-008081 || edge=M22B-E009054; evidence=M22B-EVID-009227 || edge=M22B-E009343; evidence=M22B-EVID-009516
NODE09506	signaling_cascade	module20_24_export	Node participates in at least one evidence-gated exported mechanism edge.
NODE09506	target_gene	register_target_gene_layer	edge=M22B-E005958; evidence=M22B-EVID-006131 || edge=M22B-E006113; evidence=M22B-EVID-006286 || edge=M22B-E010259; evidence=M22B-EVID-010432
NODE09506	transcription_factor	register_target_gene_layer	edge=M22B-E009935; evidence=M22B-EVID-010108 || edge=M22B-E009949; evidence=M22B-EVID-010122 || edge=M22B-E009950; evidence=M22B-EVID-010123 || edge=M22B-E009955; evidence=M22B-EVID-010128 || edge=M22B-E009956; evidence=M22B-EVID-010129 || edge=M22B-E009981; evidence=M22B-EVID-010154 || edge=M22B-E010376; evidence=M22B-EVID-010548
NODE09507	signaling_cascade	module20_24_export	Node participates in at least one evidence-gated exported mechanism edge.
NODE09508	signaling_cascade	module20_24_export	Node participates in at least one evidence-gated exported mechanism edge.
NODE09509	signaling_cascade	module20_24_export	Node participates in at least one evidence-gated exported mechanism edge.
NODE09509	target_gene	register_target_gene_layer	edge=M22B-E006290; evidence=M22B-EVID-006463 || edge=M22B-E007909; evidence=M22B-EVID-008082
NODE09509	transcription_factor	register_target_gene_layer	edge=M22B-E010323; evidence=M22B-EVID-010495
NODE09510	signaling_cascade	module20_24_export	Node participates in at least one evidence-gated exported mechanism edge.
NODE09511	signaling_cascade	module20_24_export	Node participates in at least one evidence-gated exported mechanism edge.
NODE09512	signaling_cascade	module20_24_export	Node participates in at least one evidence-gated exported mechanism edge.
NODE09512	transcription_factor	register_target_gene_layer	edge=M22B-E010684; evidence=M22B-EVID-010777 || edge=M22B-E010685; evidence=M22B-EVID-010778
NODE09513	signaling_cascade	module20_24_export	Node participates in at least one evidence-gated exported mechanism edge.
NODE09513	target_gene	register_target_gene_layer	edge=M22B-E006930; evidence=M22B-EVID-007103
NODE09514	ligand	register_ligand_receptor_layer	edge=M20B-E004999; evidence=M20B-EVID-004999
NODE09514	signaling_cascade	module20_24_export	Node participates in at least one evidence-gated exported mechanism edge.
NODE09514	target_gene	register_target_gene_layer	edge=M22B-E007315; evidence=M22B-EVID-007488
NODE09515	signaling_cascade	module20_24_export	Node participates in at least one evidence-gated exported mechanism edge.
NODE09516	signaling_cascade	module20_24_export	Node participates in at least one evidence-gated exported mechanism edge.
NODE09517	signaling_cascade	module20_24_export	Node participates in at least one evidence-gated exported mechanism edge.
NODE09518	signaling_cascade	module20_24_export	Node participates in at least one evidence-gated exported mechanism edge.
NODE09519	signaling_cascade	module20_24_export	Node participates in at least one evidence-gated exported mechanism edge.
NODE09520	signaling_cascade	module20_24_export	Node participates in at least one evidence-gated exported mechanism edge.
NODE09521	signaling_cascade	module20_24_export	Node participates in at least one evidence-gated exported mechanism edge.
NODE09522	signaling_cascade	module20_24_export	Node participates in at least one evidence-gated exported mechanism edge.
NODE09523	signaling_cascade	module20_24_export	Node participates in at least one evidence-gated exported mechanism edge.
NODE09523	transcription_factor	register_target_gene_layer	edge=M22B-E009948; evidence=M22B-EVID-010121
NODE09524	signaling_cascade	module20_24_export	Node participates in at least one evidence-gated exported mechanism edge.
NODE09525	signaling_cascade	module20_24_export	Node participates in at least one evidence-gated exported mechanism edge.
NODE09525	target_gene	register_target_gene_layer	edge=M22B-E010069; evidence=M22B-EVID-010242 || edge=M22B-E010263; evidence=M22B-EVID-010436
NODE09526	signaling_cascade	module20_24_export	Node participates in at least one evidence-gated exported mechanism edge.
NODE09527	signaling_cascade	module20_24_export	Node participates in at least one evidence-gated exported mechanism edge.
NODE09527	transcription_factor	register_target_gene_layer	edge=M22B-E010575; evidence=M22B-EVID-010671
NODE09528	signaling_cascade	module20_24_export	Node participates in at least one evidence-gated exported mechanism edge.
NODE09528	target_gene	register_target_gene_layer	edge=M22B-E009890; evidence=M22B-EVID-010063
NODE09529	signaling_cascade	module20_24_export	Node participates in at least one evidence-gated exported mechanism edge.
NODE09530	receptor	register_ligand_receptor_layer	edge=M20B-E002929; evidence=M20B-EVID-002929
NODE09530	signaling_cascade	module20_24_export	Node participates in at least one evidence-gated exported mechanism edge.
NODE09531	signaling_cascade	module20_24_export	Node participates in at least one evidence-gated exported mechanism edge.
NODE09532	receptor	register_ligand_receptor_layer	edge=M20B-E002930; evidence=M20B-EVID-002930
NODE09532	signaling_cascade	module20_24_export	Node participates in at least one evidence-gated exported mechanism edge.
NODE09533	signaling_cascade	module20_24_export	Node participates in at least one evidence-gated exported mechanism edge.
NODE09534	receptor	register_ligand_receptor_layer	edge=M20B-E002550; evidence=M20B-EVID-002550 || edge=M20B-E002553; evidence=M20B-EVID-002553 || edge=M20B-E002555; evidence=M20B-EVID-002555
NODE09534	signaling_cascade	module20_24_export	Node participates in at least one evidence-gated exported mechanism edge.
NODE09534	target_gene	register_target_gene_layer	edge=M22B-E006291; evidence=M22B-EVID-006464 || edge=M22B-E010551; evidence=M22B-EVID-010655 || edge=M22B-E010552; evidence=M22B-EVID-010655
NODE09535	receptor	register_ligand_receptor_layer	edge=M23B-E000920; evidence=M23B-EVID-001265
NODE09535	signaling_cascade	module20_24_export	Node participates in at least one evidence-gated exported mechanism edge.
NODE09536	signaling_cascade	module20_24_export	Node participates in at least one evidence-gated exported mechanism edge.
NODE09537	signaling_cascade	module20_24_export	Node participates in at least one evidence-gated exported mechanism edge.
NODE09538	signaling_cascade	module20_24_export	Node participates in at least one evidence-gated exported mechanism edge.
NODE09539	signaling_cascade	module20_24_export	Node participates in at least one evidence-gated exported mechanism edge.
NODE09540	signaling_cascade	module20_24_export	Node participates in at least one evidence-gated exported mechanism edge.
NODE09541	signaling_cascade	module20_24_export	Node participates in at least one evidence-gated exported mechanism edge.
NODE09542	signaling_cascade	module20_24_export	Node participates in at least one evidence-gated exported mechanism edge.
NODE09543	signaling_cascade	module20_24_export	Node participates in at least one evidence-gated exported mechanism edge.
NODE09544	ligand	register_ligand_receptor_layer	edge=M23B-E000689; evidence=M23B-EVID-000920 || edge=M23B-E000691; evidence=M23B-EVID-000923 || edge=M23B-E000693; evidence=M23B-EVID-000926
NODE09544	signaling_cascade	module20_24_export	Node participates in at least one evidence-gated exported mechanism edge.
NODE09545	signaling_cascade	module20_24_export	Node participates in at least one evidence-gated exported mechanism edge.
NODE09546	ligand	register_ligand_receptor_layer	edge=M20B-E001724; evidence=M20B-EVID-001724
NODE09546	signaling_cascade	module20_24_export	Node participates in at least one evidence-gated exported mechanism edge.
NODE09547	ligand	register_ligand_receptor_layer	edge=M23B-E000989; evidence=M23B-EVID-001334
NODE09547	signaling_cascade	module20_24_export	Node participates in at least one evidence-gated exported mechanism edge.
NODE09548	signaling_cascade	module20_24_export	Node participates in at least one evidence-gated exported mechanism edge.
NODE09549	signaling_cascade	module20_24_export	Node participates in at least one evidence-gated exported mechanism edge.
NODE09549	target_gene	register_target_gene_layer	edge=M22B-E009595; evidence=M22B-EVID-009768
NODE09550	signaling_cascade	module20_24_export	Node participates in at least one evidence-gated exported mechanism edge.
NODE09550	target_gene	register_target_gene_layer	edge=M22B-E006114; evidence=M22B-EVID-006287 || edge=M22B-E006431; evidence=M22B-EVID-006604 || edge=M22B-E006931; evidence=M22B-EVID-007104 || edge=M22B-E007316; evidence=M22B-EVID-007489 || edge=M22B-E007910; evidence=M22B-EVID-008083 || edge=M22B-E008268; evidence=M22B-EVID-008441 || edge=M22B-E008584; evidence=M22B-EVID-008757 || edge=M22B-E009055; evidence=M22B-EVID-009228 || edge=M22B-E009344; evidence=M22B-EVID-009517 || edge=M22B-E009453; evidence=M22B-EVID-009626 || edge=M22B-E009933; evidence=M22B-EVID-010106
NODE09551	signaling_cascade	module20_24_export	Node participates in at least one evidence-gated exported mechanism edge.
NODE09551	target_gene	register_target_gene_layer	edge=M22B-E009891; evidence=M22B-EVID-010064
NODE09552	signaling_cascade	module20_24_export	Node participates in at least one evidence-gated exported mechanism edge.
NODE09553	signaling_cascade	module20_24_export	Node participates in at least one evidence-gated exported mechanism edge.
NODE09553	target_gene	register_target_gene_layer	edge=M22B-E006292; evidence=M22B-EVID-006465
NODE09554	signaling_cascade	module20_24_export	Node participates in at least one evidence-gated exported mechanism edge.
NODE09555	signaling_cascade	module20_24_export	Node participates in at least one evidence-gated exported mechanism edge.
NODE09555	target_gene	register_target_gene_layer	edge=M22B-E006432; evidence=M22B-EVID-006605 || edge=M22B-E008585; evidence=M22B-EVID-008758
NODE09556	signaling_cascade	module20_24_export	Node participates in at least one evidence-gated exported mechanism edge.
NODE09556	target_gene	register_target_gene_layer	edge=M22B-E005959; evidence=M22B-EVID-006132 || edge=M22B-E006115; evidence=M22B-EVID-006288
NODE09556	transcription_factor	register_target_gene_layer	edge=M22B-E010368; evidence=M22B-EVID-010540 || edge=M22B-E010378; evidence=M22B-EVID-010550 || edge=M22B-E010395; evidence=M22B-EVID-010567
NODE09557	signaling_cascade	module20_24_export	Node participates in at least one evidence-gated exported mechanism edge.
NODE09557	transcription_factor	register_target_gene_layer	edge=M22B-E010189; evidence=M22B-EVID-010362
NODE09558	signaling_cascade	module20_24_export	Node participates in at least one evidence-gated exported mechanism edge.
NODE09558	target_gene	register_target_gene_layer	edge=M22B-E006932; evidence=M22B-EVID-007105
NODE09559	signaling_cascade	module20_24_export	Node participates in at least one evidence-gated exported mechanism edge.
NODE09559	target_gene	register_target_gene_layer	edge=M22B-E007560; evidence=M22B-EVID-007733
NODE09559	transcription_factor	register_target_gene_layer	edge=M22B-E010668; evidence=M22B-EVID-010761
NODE09560	signaling_cascade	module20_24_export	Node participates in at least one evidence-gated exported mechanism edge.
NODE09561	signaling_cascade	module20_24_export	Node participates in at least one evidence-gated exported mechanism edge.
NODE09561	target_gene	register_target_gene_layer	edge=M22B-E006293; evidence=M22B-EVID-006466 || edge=M22B-E006577; evidence=M22B-EVID-006750 || edge=M22B-E007561; evidence=M22B-EVID-007734 || edge=M22B-E008439; evidence=M22B-EVID-008612 || edge=M22B-E008731; evidence=M22B-EVID-008904
NODE09562	signaling_cascade	module20_24_export	Node participates in at least one evidence-gated exported mechanism edge.
NODE09563	signaling_cascade	module20_24_export	Node participates in at least one evidence-gated exported mechanism edge.
NODE09563	target_gene	register_target_gene_layer	edge=M22B-E009703; evidence=M22B-EVID-009876 || edge=M22B-E009768; evidence=M22B-EVID-009941
NODE09564	signaling_cascade	module20_24_export	Node participates in at least one evidence-gated exported mechanism edge.
NODE09565	signaling_cascade	module20_24_export	Node participates in at least one evidence-gated exported mechanism edge.
NODE09566	signaling_cascade	module20_24_export	Node participates in at least one evidence-gated exported mechanism edge.
NODE09566	target_gene	register_target_gene_layer	edge=M22B-E006433; evidence=M22B-EVID-006606 || edge=M22B-E008586; evidence=M22B-EVID-008759
NODE09567	signaling_cascade	module20_24_export	Node participates in at least one evidence-gated exported mechanism edge.
NODE09568	signaling_cascade	module20_24_export	Node participates in at least one evidence-gated exported mechanism edge.
NODE09569	ligand	register_ligand_receptor_layer	edge=M20B-E005012; evidence=M20B-EVID-005012
NODE09569	signaling_cascade	module20_24_export	Node participates in at least one evidence-gated exported mechanism edge.
NODE09570	signaling_cascade	module20_24_export	Node participates in at least one evidence-gated exported mechanism edge.
NODE09571	signaling_cascade	module20_24_export	Node participates in at least one evidence-gated exported mechanism edge.
NODE09572	signaling_cascade	module20_24_export	Node participates in at least one evidence-gated exported mechanism edge.
NODE09572	target_gene	register_target_gene_layer	edge=M22B-E005960; evidence=M22B-EVID-006133 || edge=M22B-E006578; evidence=M22B-EVID-006751 || edge=M22B-E007317; evidence=M22B-EVID-007490
NODE09573	signaling_cascade	module20_24_export	Node participates in at least one evidence-gated exported mechanism edge.
NODE09574	receptor	register_ligand_receptor_layer	edge=M20B-E005135; evidence=M20B-EVID-005135;M20B-EVID-005135-P2-FUNC;M20B-EVID-005135-P2-RELAY
NODE09574	signaling_cascade	module20_24_export	Node participates in at least one evidence-gated exported mechanism edge.
NODE09574	target_gene	register_target_gene_layer	edge=M22B-E010581; evidence=M22B-EVID-010677
NODE09575	receptor	register_ligand_receptor_layer	edge=M20B-E005136; evidence=M20B-EVID-005136;M20B-EVID-005136-P2-FUNC
NODE09575	signaling_cascade	module20_24_export	Node participates in at least one evidence-gated exported mechanism edge.
NODE09575	target_gene	register_target_gene_layer	edge=M22B-E006116; evidence=M22B-EVID-006289 || edge=M22B-E006434; evidence=M22B-EVID-006607 || edge=M22B-E006933; evidence=M22B-EVID-007106 || edge=M22B-E008269; evidence=M22B-EVID-008442 || edge=M22B-E008587; evidence=M22B-EVID-008760 || edge=M22B-E009056; evidence=M22B-EVID-009229 || edge=M22B-E010297; evidence=M22B-EVID-010469
NODE09576	signaling_cascade	module20_24_export	Node participates in at least one evidence-gated exported mechanism edge.
NODE09577	ligand	register_ligand_receptor_layer	edge=M20B-E005016; evidence=M20B-EVID-005016
NODE09577	signaling_cascade	module20_24_export	Node participates in at least one evidence-gated exported mechanism edge.
NODE09578	signaling_cascade	module20_24_export	Node participates in at least one evidence-gated exported mechanism edge.
NODE09579	signaling_cascade	module20_24_export	Node participates in at least one evidence-gated exported mechanism edge.
NODE09580	signaling_cascade	module20_24_export	Node participates in at least one evidence-gated exported mechanism edge.
NODE09581	signaling_cascade	module20_24_export	Node participates in at least one evidence-gated exported mechanism edge.
NODE09582	signaling_cascade	module20_24_export	Node participates in at least one evidence-gated exported mechanism edge.
NODE09583	signaling_cascade	module20_24_export	Node participates in at least one evidence-gated exported mechanism edge.
NODE09584	signaling_cascade	module20_24_export	Node participates in at least one evidence-gated exported mechanism edge.
NODE09585	signaling_cascade	module20_24_export	Node participates in at least one evidence-gated exported mechanism edge.
NODE09586	signaling_cascade	module20_24_export	Node participates in at least one evidence-gated exported mechanism edge.
NODE09587	signaling_cascade	module20_24_export	Node participates in at least one evidence-gated exported mechanism edge.
NODE09588	signaling_cascade	module20_24_export	Node participates in at least one evidence-gated exported mechanism edge.
NODE09589	signaling_cascade	module20_24_export	Node participates in at least one evidence-gated exported mechanism edge.
NODE09589	target_gene	register_target_gene_layer	edge=M22B-E007318; evidence=M22B-EVID-007491 || edge=M22B-E007911; evidence=M22B-EVID-008084 || edge=M22B-E009345; evidence=M22B-EVID-009518
NODE09590	signaling_cascade	module20_24_export	Node participates in at least one evidence-gated exported mechanism edge.
NODE09591	signaling_cascade	module20_24_export	Node participates in at least one evidence-gated exported mechanism edge.
NODE09592	signaling_cascade	module20_24_export	Node participates in at least one evidence-gated exported mechanism edge.
NODE09593	ligand	register_ligand_receptor_layer	edge=M20B-E005024; evidence=M20B-EVID-005024 || edge=M20B-E005025; evidence=M20B-EVID-005025 || edge=M20B-E005026; evidence=M20B-EVID-005026 || edge=M20B-E005027; evidence=M20B-EVID-005027 || edge=M20B-E005028; evidence=M20B-EVID-005028 || edge=M20B-E005029; evidence=M20B-EVID-005029 || edge=M20B-E005030; evidence=M20B-EVID-005030 || edge=M20B-E005032; evidence=M20B-EVID-005032 || edge=M20B-E005033; evidence=M20B-EVID-005033 || edge=M20B-E005034; evidence=M20B-EVID-005034 || edge=M20B-E005035; evidence=M20B-EVID-005035 || edge=M23B-E000699; evidence=M23B-EVID-000935 || edge=M23B-E000702; evidence=M23B-EVID-000938 || edge=M23B-E000705; evidence=M23B-EVID-000941
NODE09593	signaling_cascade	module20_24_export	Node participates in at least one evidence-gated exported mechanism edge.
NODE09593	target_gene	register_target_gene_layer	edge=M22B-E005961; evidence=M22B-EVID-006134 || edge=M22B-E006579; evidence=M22B-EVID-006752 || edge=M22B-E007319; evidence=M22B-EVID-007492 || edge=M22B-E008124; evidence=M22B-EVID-008297 || edge=M22B-E008732; evidence=M22B-EVID-008905 || edge=M22B-E009704; evidence=M22B-EVID-009877 || edge=M22B-E009982; evidence=M22B-EVID-010155
NODE09594	signaling_cascade	module20_24_export	Node participates in at least one evidence-gated exported mechanism edge.
NODE09595	signaling_cascade	module20_24_export	Node participates in at least one evidence-gated exported mechanism edge.
NODE09596	signaling_cascade	module20_24_export	Node participates in at least one evidence-gated exported mechanism edge.
NODE09596	target_gene	register_target_gene_layer	edge=M22B-E000240; evidence=M22B-EVID-000353
NODE09597	signaling_cascade	module20_24_export	Node participates in at least one evidence-gated exported mechanism edge.
NODE09598	ligand	register_ligand_receptor_layer	edge=M23B-E000696; evidence=M23B-EVID-000932
NODE09598	signaling_cascade	module20_24_export	Node participates in at least one evidence-gated exported mechanism edge.
NODE09599	signaling_cascade	module20_24_export	Node participates in at least one evidence-gated exported mechanism edge.
NODE09600	signaling_cascade	module20_24_export	Node participates in at least one evidence-gated exported mechanism edge.
NODE09601	ligand	register_ligand_receptor_layer	edge=M20B-E005039; evidence=M20B-EVID-005039 || edge=M20B-E005040; evidence=M20B-EVID-005040
NODE09601	signaling_cascade	module20_24_export	Node participates in at least one evidence-gated exported mechanism edge.
NODE09601	target_gene	register_target_gene_layer	edge=M22B-E006934; evidence=M22B-EVID-007107 || edge=M22B-E007959; evidence=M22B-EVID-008132 || edge=M22B-E009057; evidence=M22B-EVID-009230
NODE09602	signaling_cascade	module20_24_export	Node participates in at least one evidence-gated exported mechanism edge.
NODE09603	signaling_cascade	module20_24_export	Node participates in at least one evidence-gated exported mechanism edge.
NODE09604	signaling_cascade	module20_24_export	Node participates in at least one evidence-gated exported mechanism edge.
NODE09605	ligand	register_ligand_receptor_layer	edge=M20B-E005041; evidence=M20B-EVID-005041 || edge=M20B-E005043; evidence=M20B-EVID-005043 || edge=M20B-E005044; evidence=M20B-EVID-005044 || edge=M20B-E005048; evidence=M20B-EVID-005048 || edge=M20B-E005049; evidence=M20B-EVID-005049 || edge=M20B-E005050; evidence=M20B-EVID-005050 || edge=M23B-E000708; evidence=M23B-EVID-000944
NODE09605	signaling_cascade	module20_24_export	Node participates in at least one evidence-gated exported mechanism edge.
NODE09605	target_gene	register_target_gene_layer	edge=M22B-E006935; evidence=M22B-EVID-007108
NODE09606	signaling_cascade	module20_24_export	Node participates in at least one evidence-gated exported mechanism edge.
NODE09607	signaling_cascade	module20_24_export	Node participates in at least one evidence-gated exported mechanism edge.
NODE09608	signaling_cascade	module20_24_export	Node participates in at least one evidence-gated exported mechanism edge.
NODE09609	signaling_cascade	module20_24_export	Node participates in at least one evidence-gated exported mechanism edge.
NODE09610	signaling_cascade	module20_24_export	Node participates in at least one evidence-gated exported mechanism edge.
NODE09611	receptor	curated_role_hint	Module 21B TGF-beta-SMAD receptor-proximal relay.
NODE09611	signaling_cascade	module20_24_export	Node participates in at least one evidence-gated exported mechanism edge.
NODE09612	signaling_cascade	module20_24_export	Node participates in at least one evidence-gated exported mechanism edge.
NODE09613	signaling_cascade	module20_24_export	Node participates in at least one evidence-gated exported mechanism edge.
NODE09614	signaling_cascade	module20_24_export	Node participates in at least one evidence-gated exported mechanism edge.
NODE09615	signaling_cascade	module20_24_export	Node participates in at least one evidence-gated exported mechanism edge.
NODE09616	signaling_cascade	module20_24_export	Node participates in at least one evidence-gated exported mechanism edge.
NODE09617	receptor	register_ligand_receptor_layer	edge=M23B-E000702; evidence=M23B-EVID-000938 || edge=M23B-E000705; evidence=M23B-EVID-000941 || edge=M23B-E000708; evidence=M23B-EVID-000944
NODE09617	signaling_cascade	module20_24_export	Node participates in at least one evidence-gated exported mechanism edge.
NODE09618	signaling_cascade	module20_24_export	Node participates in at least one evidence-gated exported mechanism edge.
NODE09619	receptor	register_ligand_receptor_layer	edge=M20B-E000726; evidence=M20B-EVID-000726
NODE09619	signaling_cascade	module20_24_export	Node participates in at least one evidence-gated exported mechanism edge.
NODE09620	receptor	register_ligand_receptor_layer	edge=M20B-E005033; evidence=M20B-EVID-005033 || edge=M20B-E005039; evidence=M20B-EVID-005039 || edge=M20B-E005049; evidence=M20B-EVID-005049
NODE09620	signaling_cascade	module20_24_export	Node participates in at least one evidence-gated exported mechanism edge.
NODE09621	receptor	register_ligand_receptor_layer	edge=M20B-E001789; evidence=M20B-EVID-001789
NODE09621	signaling_cascade	module20_24_export	Node participates in at least one evidence-gated exported mechanism edge.
NODE09621	target_gene	register_target_gene_layer	edge=M22B-E005962; evidence=M22B-EVID-006135 || edge=M22B-E006117; evidence=M22B-EVID-006290 || edge=M22B-E007320; evidence=M22B-EVID-007493 || edge=M22B-E008125; evidence=M22B-EVID-008298 || edge=M22B-E008270; evidence=M22B-EVID-008443
NODE09622	signaling_cascade	module20_24_export	Node participates in at least one evidence-gated exported mechanism edge.
NODE09623	receptor	register_ligand_receptor_layer	edge=M20B-E005034; evidence=M20B-EVID-005034 || edge=M20B-E005040; evidence=M20B-EVID-005040 || edge=M20B-E005050; evidence=M20B-EVID-005050
NODE09623	signaling_cascade	module20_24_export	Node participates in at least one evidence-gated exported mechanism edge.
NODE09623	target_gene	register_target_gene_layer	edge=M22B-E006294; evidence=M22B-EVID-006467
NODE09624	signaling_cascade	module20_24_export	Node participates in at least one evidence-gated exported mechanism edge.
NODE09625	signaling_cascade	module20_24_export	Node participates in at least one evidence-gated exported mechanism edge.
NODE09626	signaling_cascade	module20_24_export	Node participates in at least one evidence-gated exported mechanism edge.
NODE09627	signaling_cascade	module20_24_export	Node participates in at least one evidence-gated exported mechanism edge.
NODE09628	signaling_cascade	module20_24_export	Node participates in at least one evidence-gated exported mechanism edge.
NODE09629	signaling_cascade	module20_24_export	Node participates in at least one evidence-gated exported mechanism edge.
NODE09629	target_gene	register_target_gene_layer	edge=M22B-E009769; evidence=M22B-EVID-009942 || edge=M22B-E009892; evidence=M22B-EVID-010065
NODE09630	ligand	register_ligand_receptor_layer	edge=M20B-E005051; evidence=M20B-EVID-005051;M20B-EVID-005051-P2-DIRECT;M20B-EVID-005051-P2-FUNC;M20B-EVID-005051-P2-RELAY || edge=M20B-E005052; evidence=M20B-EVID-005052;M20B-EVID-005052-P2-DIRECT;M20B-EVID-005052-P2-FUNC;M20B-EVID-005052-P2-RELAY || edge=M20B-E005053; evidence=M20B-EVID-005053;M20B-EVID-005053-P2-DIRECT;M20B-EVID-005053-P2-FUNC;M20B-EVID-005053-P2-RELAY || edge=M20B-E005055; evidence=M20B-EVID-005055;M20B-EVID-005055-P2-DIRECT;M20B-EVID-005055-P2-FUNC;M20B-EVID-005055-P2-RELAY || edge=M23B-E000711; evidence=M23B-EVID-000947
NODE09630	signaling_cascade	module20_24_export	Node participates in at least one evidence-gated exported mechanism edge.
NODE09631	signaling_cascade	module20_24_export	Node participates in at least one evidence-gated exported mechanism edge.
NODE09632	signaling_cascade	module20_24_export	Node participates in at least one evidence-gated exported mechanism edge.
NODE09633	signaling_cascade	module20_24_export	Node participates in at least one evidence-gated exported mechanism edge.
NODE09634	ligand	register_ligand_receptor_layer	edge=M23B-E000994; evidence=M23B-EVID-001339
NODE09634	signaling_cascade	module20_24_export	Node participates in at least one evidence-gated exported mechanism edge.
NODE09635	signaling_cascade	module20_24_export	Node participates in at least one evidence-gated exported mechanism edge.
NODE09635	target_gene	register_target_gene_layer	edge=M22B-E007321; evidence=M22B-EVID-007494
NODE09636	signaling_cascade	module20_24_export	Node participates in at least one evidence-gated exported mechanism edge.
NODE09636	target_gene	register_target_gene_layer	edge=M22B-E005963; evidence=M22B-EVID-006136 || edge=M22B-E007562; evidence=M22B-EVID-007735 || edge=M22B-E008126; evidence=M22B-EVID-008299
NODE09637	signaling_cascade	module20_24_export	Node participates in at least one evidence-gated exported mechanism edge.
NODE09638	signaling_cascade	module20_24_export	Node participates in at least one evidence-gated exported mechanism edge.
NODE09639	signaling_cascade	module20_24_export	Node participates in at least one evidence-gated exported mechanism edge.
NODE09640	receptor	register_ligand_receptor_layer	edge=M20B-E003372; evidence=M20B-EVID-003372
NODE09640	signaling_cascade	module20_24_export	Node participates in at least one evidence-gated exported mechanism edge.
NODE09640	target_gene	register_target_gene_layer	edge=M22B-E006599; evidence=M22B-EVID-006772 || edge=M22B-E007322; evidence=M22B-EVID-007495 || edge=M22B-E008749; evidence=M22B-EVID-008922
NODE09641	signaling_cascade	module20_24_export	Node participates in at least one evidence-gated exported mechanism edge.
NODE09642	ligand	register_ligand_receptor_layer	edge=M20B-E002238; evidence=M20B-EVID-002238 || edge=M20B-E002239; evidence=M20B-EVID-002239 || edge=M20B-E002240; evidence=M20B-EVID-002240 || edge=M20B-E002241; evidence=M20B-EVID-002241 || edge=M20B-E002242; evidence=M20B-EVID-002242 || edge=M20B-E002243; evidence=M20B-EVID-002243 || edge=M20B-E005058; evidence=M20B-EVID-005058 || edge=M20B-E005059; evidence=M20B-EVID-005059;M20B-EVID-005059-005060-005067-P2-DIRECT;M20B-EVID-005059-005060-005067-P2-RELAY;M20B-EVID-005059-P2-FUNC || edge=M20B-E005060; evidence=M20B-EVID-005059-005060-005067-P2-DIRECT;M20B-EVID-005059-005060-005067-P2-RELAY;M20B-EVID-005060;M20B-EVID-005060-P2-FUNC || edge=M20B-E005061; evidence=M20B-EVID-005061;M20B-EVID-005061-P2-DIRECT;M20B-EVID-005061-P2-FUNC;M20B-EVID-005061-P2-RELAY || edge=M20B-E005063; evidence=M20B-EVID-005063 || edge=M23B-E000713; evidence=M23B-EVID-000115;M23B-EVID-000950 || edge=M23B-E000715; evidence=M23B-EVID-000953 || edge=M23B-E000723; evidence=M23B-EVID-000965 || edge=M23B-E001017; evidence=M23B-EVID-000117
NODE09642	signaling_cascade	module20_24_export	Node participates in at least one evidence-gated exported mechanism edge.
NODE09642	target_gene	register_target_gene_layer	edge=M22B-E005964; evidence=M22B-EVID-006137 || edge=M22B-E006118; evidence=M22B-EVID-006291 || edge=M22B-E006936; evidence=M22B-EVID-007109 || edge=M22B-E007912; evidence=M22B-EVID-008085
NODE09643	ligand	register_ligand_receptor_layer	edge=M23B-E000446; evidence=M23B-EVID-000625
NODE09643	signaling_cascade	module20_24_export	Node participates in at least one evidence-gated exported mechanism edge.
NODE09644	signaling_cascade	module20_24_export	Node participates in at least one evidence-gated exported mechanism edge.
NODE09645	ligand	register_ligand_receptor_layer	edge=M23B-E000720; evidence=M23B-EVID-000962
NODE09645	signaling_cascade	module20_24_export	Node participates in at least one evidence-gated exported mechanism edge.
NODE09646	signaling_cascade	module20_24_export	Node participates in at least one evidence-gated exported mechanism edge.
NODE09647	ligand	register_ligand_receptor_layer	edge=M23B-E000718; evidence=M23B-EVID-000959
NODE09647	signaling_cascade	module20_24_export	Node participates in at least one evidence-gated exported mechanism edge.
NODE09648	signaling_cascade	module20_24_export	Node participates in at least one evidence-gated exported mechanism edge.
NODE09649	signaling_cascade	module20_24_export	Node participates in at least one evidence-gated exported mechanism edge.
NODE09650	signaling_cascade	module20_24_export	Node participates in at least one evidence-gated exported mechanism edge.
NODE09651	signaling_cascade	module20_24_export	Node participates in at least one evidence-gated exported mechanism edge.
NODE09652	ligand	register_ligand_receptor_layer	edge=M20B-E002244; evidence=M20B-EVID-002244 || edge=M20B-E002245; evidence=M20B-EVID-002245 || edge=M20B-E002247; evidence=M20B-EVID-002247 || edge=M20B-E002382; evidence=M20B-EVID-002382 || edge=M20B-E005067; evidence=M20B-EVID-005059-005060-005067-P2-DIRECT;M20B-EVID-005059-005060-005067-P2-RELAY;M20B-EVID-005067;M20B-EVID-005067-P2-FUNC || edge=M20B-E005068; evidence=M20B-EVID-005068;M20B-EVID-005068-P2-DIRECT;M20B-EVID-005068-P2-FUNC;M20B-EVID-005068-P2-RELAY || edge=M23B-E000728; evidence=M23B-EVID-000123;M23B-EVID-000977 || edge=M23B-E000732; evidence=M23B-EVID-000983 || edge=M23B-E000734; evidence=M23B-EVID-000986
NODE09652	signaling_cascade	module20_24_export	Node participates in at least one evidence-gated exported mechanism edge.
NODE09653	ligand	register_ligand_receptor_layer	edge=M23B-E000730; evidence=M23B-EVID-000980
NODE09653	signaling_cascade	module20_24_export	Node participates in at least one evidence-gated exported mechanism edge.
NODE09654	signaling_cascade	module20_24_export	Node participates in at least one evidence-gated exported mechanism edge.
NODE09655	signaling_cascade	module20_24_export	Node participates in at least one evidence-gated exported mechanism edge.
NODE09656	signaling_cascade	module20_24_export	Node participates in at least one evidence-gated exported mechanism edge.
NODE09657	ligand	register_ligand_receptor_layer	edge=M20B-E002252; evidence=M20B-EVID-002252 || edge=M20B-E002254; evidence=M20B-EVID-002254 || edge=M23B-E000738; evidence=M23B-EVID-000992
NODE09657	signaling_cascade	module20_24_export	Node participates in at least one evidence-gated exported mechanism edge.
NODE09657	target_gene	register_target_gene_layer	edge=M22B-E006937; evidence=M22B-EVID-007110 || edge=M22B-E009058; evidence=M22B-EVID-009231
NODE09658	signaling_cascade	module20_24_export	Node participates in at least one evidence-gated exported mechanism edge.
NODE09659	signaling_cascade	module20_24_export	Node participates in at least one evidence-gated exported mechanism edge.
NODE09660	ligand	register_ligand_receptor_layer	edge=M20B-E005070; evidence=M20B-EVID-005070;M20B-EVID-005070-P2-DIRECT;M20B-EVID-005070-P2-FUNC;M20B-EVID-005070-P2-FUNC-287;M20B-EVID-005070-P2-RELAY;M20B-EVID-005070-P2-RELAY-287
NODE09660	signaling_cascade	module20_24_export	Node participates in at least one evidence-gated exported mechanism edge.
NODE09661	signaling_cascade	module20_24_export	Node participates in at least one evidence-gated exported mechanism edge.
NODE09662	signaling_cascade	module20_24_export	Node participates in at least one evidence-gated exported mechanism edge.
NODE09662	target_gene	register_target_gene_layer	edge=M22B-E009893; evidence=M22B-EVID-010066
NODE09662	transcription_factor	register_target_gene_layer	edge=M22B-E000481; evidence=M22B-EVID-000117
NODE09663	signaling_cascade	module20_24_export	Node participates in at least one evidence-gated exported mechanism edge.
NODE09664	signaling_cascade	module20_24_export	Node participates in at least one evidence-gated exported mechanism edge.
NODE09664	target_gene	register_target_gene_layer	edge=M22B-E006938; evidence=M22B-EVID-007111 || edge=M22B-E009059; evidence=M22B-EVID-009232
NODE09665	signaling_cascade	module20_24_export	Node participates in at least one evidence-gated exported mechanism edge.
NODE09665	transcription_factor	register_target_gene_layer	edge=M22B-E009967; evidence=M22B-EVID-010140 || edge=M22B-E009968; evidence=M22B-EVID-010141 || edge=M22B-E009969; evidence=M22B-EVID-010142 || edge=M22B-E009970; evidence=M22B-EVID-010143 || edge=M22B-E009971; evidence=M22B-EVID-010144 || edge=M22B-E009972; evidence=M22B-EVID-010145
NODE09666	signaling_cascade	module20_24_export	Node participates in at least one evidence-gated exported mechanism edge.
NODE09667	signaling_cascade	module20_24_export	Node participates in at least one evidence-gated exported mechanism edge.
NODE09668	signaling_cascade	module20_24_export	Node participates in at least one evidence-gated exported mechanism edge.
NODE09669	signaling_cascade	module20_24_export	Node participates in at least one evidence-gated exported mechanism edge.
NODE09670	signaling_cascade	module20_24_export	Node participates in at least one evidence-gated exported mechanism edge.
NODE09671	signaling_cascade	module20_24_export	Node participates in at least one evidence-gated exported mechanism edge.
NODE09672	signaling_cascade	module20_24_export	Node participates in at least one evidence-gated exported mechanism edge.
NODE09673	signaling_cascade	module20_24_export	Node participates in at least one evidence-gated exported mechanism edge.
NODE09674	signaling_cascade	module20_24_export	Node participates in at least one evidence-gated exported mechanism edge.
NODE09674	target_gene	register_target_gene_layer	edge=M22B-E006295; evidence=M22B-EVID-006468 || edge=M22B-E008440; evidence=M22B-EVID-008613
NODE09675	ligand	register_ligand_receptor_layer	edge=M20B-E005071; evidence=M20B-EVID-005071;M20B-EVID-005071-P2-DIRECT-288;M20B-EVID-005071-P2-FUNC-288;M20B-EVID-005071-P2-RELAY-288 || edge=M20B-E005072; evidence=M20B-EVID-005072;M20B-EVID-005072-P2-DIRECT-288;M20B-EVID-005072-P2-FUNC-288;M20B-EVID-005072-P2-RELAY-288 || edge=M20B-E005073; evidence=M20B-EVID-005073;M20B-EVID-005073-P2-DIRECT-288;M20B-EVID-005073-P2-FUNC-288;M20B-EVID-005073-P2-RELAY-288 || edge=M23B-E000194; evidence=M23B-EVID-000278;M23B-EVID-PROMO-20260826-010 || edge=M23B-E000578; evidence=M23B-EVID-000792 || edge=M23B-E000740; evidence=M23B-EVID-000995 || edge=M23B-E000742; evidence=M23B-EVID-000998 || edge=M23B-E000744; evidence=M23B-EVID-001001
NODE09675	signaling_cascade	module20_24_export	Node participates in at least one evidence-gated exported mechanism edge.
NODE09676	signaling_cascade	module20_24_export	Node participates in at least one evidence-gated exported mechanism edge.
NODE09677	signaling_cascade	module20_24_export	Node participates in at least one evidence-gated exported mechanism edge.
NODE09678	signaling_cascade	module20_24_export	Node participates in at least one evidence-gated exported mechanism edge.
NODE09679	signaling_cascade	module20_24_export	Node participates in at least one evidence-gated exported mechanism edge.
NODE09680	signaling_cascade	module20_24_export	Node participates in at least one evidence-gated exported mechanism edge.
NODE09681	signaling_cascade	module20_24_export	Node participates in at least one evidence-gated exported mechanism edge.
NODE09682	signaling_cascade	module20_24_export	Node participates in at least one evidence-gated exported mechanism edge.
NODE09682	target_gene	register_target_gene_layer	edge=M22B-E009596; evidence=M22B-EVID-009769
NODE09683	signaling_cascade	module20_24_export	Node participates in at least one evidence-gated exported mechanism edge.
NODE09684	signaling_cascade	module20_24_export	Node participates in at least one evidence-gated exported mechanism edge.
NODE09685	signaling_cascade	module20_24_export	Node participates in at least one evidence-gated exported mechanism edge.
NODE09686	signaling_cascade	module20_24_export	Node participates in at least one evidence-gated exported mechanism edge.
NODE09687	receptor	register_ligand_receptor_layer	edge=M20B-E002551; evidence=M20B-EVID-002551;M20B-EVID-005287-P2-RELAY;M20B-EVID-005288-P2-FUNC || edge=M20B-E002554; evidence=M20B-EVID-002554 || edge=M20B-E002556; evidence=M20B-EVID-002556
NODE09687	signaling_cascade	module20_24_export	Node participates in at least one evidence-gated exported mechanism edge.
NODE09688	signaling_cascade	module20_24_export	Node participates in at least one evidence-gated exported mechanism edge.
NODE09689	signaling_cascade	module20_24_export	Node participates in at least one evidence-gated exported mechanism edge.
NODE09690	signaling_cascade	module20_24_export	Node participates in at least one evidence-gated exported mechanism edge.
NODE09690	target_gene	register_target_gene_layer	edge=M22B-E010371; evidence=M22B-EVID-010543
NODE09691	receptor	register_ligand_receptor_layer	edge=M23B-E000903; evidence=M23B-EVID-001214
NODE09691	signaling_cascade	module20_24_export	Node participates in at least one evidence-gated exported mechanism edge.
NODE09692	signaling_cascade	module20_24_export	Node participates in at least one evidence-gated exported mechanism edge.
NODE09693	signaling_cascade	module20_24_export	Node participates in at least one evidence-gated exported mechanism edge.
NODE09694	signaling_cascade	module20_24_export	Node participates in at least one evidence-gated exported mechanism edge.
NODE09694	target_gene	register_target_gene_layer	edge=M22B-E010593; evidence=M22B-EVID-010689
NODE09695	signaling_cascade	module20_24_export	Node participates in at least one evidence-gated exported mechanism edge.
NODE09696	signaling_cascade	module20_24_export	Node participates in at least one evidence-gated exported mechanism edge.
NODE09697	signaling_cascade	module20_24_export	Node participates in at least one evidence-gated exported mechanism edge.
NODE09698	ligand	register_ligand_receptor_layer	edge=M20B-E005074; evidence=M20B-EVID-005074;M20B-EVID-005074-P2-DIRECT-289;M20B-EVID-005074-P2-FUNC-289;M20B-EVID-005074-P2-RELAY-289 || edge=M23B-E000017; evidence=M23B-EVID-000018 || edge=M23B-E000747; evidence=M23B-EVID-001004
NODE09698	signaling_cascade	module20_24_export	Node participates in at least one evidence-gated exported mechanism edge.
NODE09698	target_gene	register_target_gene_layer	edge=M22B-E006119; evidence=M22B-EVID-006292 || edge=M22B-E006435; evidence=M22B-EVID-006608 || edge=M22B-E007323; evidence=M22B-EVID-007496 || edge=M22B-E007563; evidence=M22B-EVID-007736 || edge=M22B-E008271; evidence=M22B-EVID-008444 || edge=M22B-E008588; evidence=M22B-EVID-008761
NODE09699	signaling_cascade	module20_24_export	Node participates in at least one evidence-gated exported mechanism edge.
NODE09700	signaling_cascade	module20_24_export	Node participates in at least one evidence-gated exported mechanism edge.
NODE09701	ligand	register_ligand_receptor_layer	edge=M20B-E005077; evidence=M20B-EVID-005077 || edge=M20B-E005078; evidence=M20B-EVID-005078 || edge=M23B-E000997; evidence=M23B-EVID-001342 || edge=M23B-E001000; evidence=M23B-EVID-001345
NODE09701	signaling_cascade	module20_24_export	Node participates in at least one evidence-gated exported mechanism edge.
NODE09701	target_gene	register_target_gene_layer	edge=M22B-E005965; evidence=M22B-EVID-006138 || edge=M22B-E006580; evidence=M22B-EVID-006753 || edge=M22B-E007324; evidence=M22B-EVID-007497 || edge=M22B-E009415; evidence=M22B-EVID-009588
NODE09702	signaling_cascade	module20_24_export	Node participates in at least one evidence-gated exported mechanism edge.
NODE09703	signaling_cascade	module20_24_export	Node participates in at least one evidence-gated exported mechanism edge.
NODE09704	signaling_cascade	module20_24_export	Node participates in at least one evidence-gated exported mechanism edge.
NODE09705	ligand	register_ligand_receptor_layer	edge=M20B-E005079; evidence=M20B-EVID-005079;M20B-EVID-005079-P2-DIRECT;M20B-EVID-005079-P2-FUNC || edge=M20B-E005082; evidence=M20B-EVID-005082 || edge=M23B-E001002; evidence=M23B-EVID-001347
NODE09705	signaling_cascade	module20_24_export	Node participates in at least one evidence-gated exported mechanism edge.
NODE09705	target_gene	register_target_gene_layer	edge=M22B-E005966; evidence=M22B-EVID-006139 || edge=M22B-E008127; evidence=M22B-EVID-008300 || edge=M22B-E009597; evidence=M22B-EVID-009770
NODE09706	signaling_cascade	module20_24_export	Node participates in at least one evidence-gated exported mechanism edge.
NODE09707	signaling_cascade	module20_24_export	Node participates in at least one evidence-gated exported mechanism edge.
NODE09708	signaling_cascade	module20_24_export	Node participates in at least one evidence-gated exported mechanism edge.
NODE09708	target_gene	register_target_gene_layer	edge=M22B-E007325; evidence=M22B-EVID-007498
NODE09709	signaling_cascade	module20_24_export	Node participates in at least one evidence-gated exported mechanism edge.
NODE09710	signaling_cascade	module20_24_export	Node participates in at least one evidence-gated exported mechanism edge.
NODE09711	signaling_cascade	module20_24_export	Node participates in at least one evidence-gated exported mechanism edge.
NODE09712	signaling_cascade	module20_24_export	Node participates in at least one evidence-gated exported mechanism edge.
NODE09713	signaling_cascade	module20_24_export	Node participates in at least one evidence-gated exported mechanism edge.
NODE09714	signaling_cascade	module20_24_export	Node participates in at least one evidence-gated exported mechanism edge.
NODE09715	signaling_cascade	module20_24_export	Node participates in at least one evidence-gated exported mechanism edge.
NODE09715	target_gene	register_target_gene_layer	edge=M22B-E009598; evidence=M22B-EVID-009771 || edge=M22B-E009667; evidence=M22B-EVID-009840
NODE09716	signaling_cascade	module20_24_export	Node participates in at least one evidence-gated exported mechanism edge.
NODE09717	signaling_cascade	module20_24_export	Node participates in at least one evidence-gated exported mechanism edge.
NODE09718	signaling_cascade	module20_24_export	Node participates in at least one evidence-gated exported mechanism edge.
NODE09719	signaling_cascade	module20_24_export	Node participates in at least one evidence-gated exported mechanism edge.
NODE09720	signaling_cascade	module20_24_export	Node participates in at least one evidence-gated exported mechanism edge.
NODE09721	ligand	register_ligand_receptor_layer	edge=M23B-E000268; evidence=M23B-EVID-000393;M23B-EVID-000394 || edge=M23B-E000750; evidence=M23B-EVID-001007
NODE09721	signaling_cascade	module20_24_export	Node participates in at least one evidence-gated exported mechanism edge.
NODE09722	signaling_cascade	module20_24_export	Node participates in at least one evidence-gated exported mechanism edge.
NODE09723	signaling_cascade	module20_24_export	Node participates in at least one evidence-gated exported mechanism edge.
NODE09723	target_gene	register_target_gene_layer	edge=M22B-E010641; evidence=M22B-EVID-010737
NODE09724	signaling_cascade	module20_24_export	Node participates in at least one evidence-gated exported mechanism edge.
NODE09725	receptor	register_ligand_receptor_layer	edge=M20B-E004794; evidence=M20B-EVID-004794;M20B-EVID-004794-P2-FUNC;M20B-EVID-004794-P2-RELAY || edge=M20B-E004900; evidence=M20B-EVID-004900;M20B-EVID-004900-P2-DIRECT;M20B-EVID-004900-P2-FUNC;M20B-EVID-004900-P2-RELAY || edge=M20B-E005191; evidence=M20B-EVID-005191 || edge=M24B-E000125; evidence=M24B-EVID-000167
NODE09725	signaling_cascade	module20_24_export	Node participates in at least one evidence-gated exported mechanism edge.
NODE09725	target_gene	register_target_gene_layer	edge=M22B-E006436; evidence=M22B-EVID-006609 || edge=M22B-E009599; evidence=M22B-EVID-009772
NODE09726	signaling_cascade	module20_24_export	Node participates in at least one evidence-gated exported mechanism edge.
NODE09727	signaling_cascade	module20_24_export	Node participates in at least one evidence-gated exported mechanism edge.
NODE09728	signaling_cascade	module20_24_export	Node participates in at least one evidence-gated exported mechanism edge.
NODE09729	signaling_cascade	module20_24_export	Node participates in at least one evidence-gated exported mechanism edge.
NODE09730	signaling_cascade	module20_24_export	Node participates in at least one evidence-gated exported mechanism edge.
NODE09731	signaling_cascade	module20_24_export	Node participates in at least one evidence-gated exported mechanism edge.
NODE09732	signaling_cascade	module20_24_export	Node participates in at least one evidence-gated exported mechanism edge.
NODE09733	signaling_cascade	module20_24_export	Node participates in at least one evidence-gated exported mechanism edge.
NODE09734	signaling_cascade	module20_24_export	Node participates in at least one evidence-gated exported mechanism edge.
NODE09735	signaling_cascade	module20_24_export	Node participates in at least one evidence-gated exported mechanism edge.
NODE09736	signaling_cascade	module20_24_export	Node participates in at least one evidence-gated exported mechanism edge.
NODE09737	signaling_cascade	module20_24_export	Node participates in at least one evidence-gated exported mechanism edge.
NODE09738	receptor	register_ligand_receptor_layer	edge=M23B-E001008; evidence=M23B-EVID-001353
NODE09738	signaling_cascade	module20_24_export	Node participates in at least one evidence-gated exported mechanism edge.
NODE09739	signaling_cascade	module20_24_export	Node participates in at least one evidence-gated exported mechanism edge.
NODE09739	target_gene	register_target_gene_layer	edge=M22B-E005752; evidence=M22B-EVID-005925
NODE09740	signaling_cascade	module20_24_export	Node participates in at least one evidence-gated exported mechanism edge.
NODE09741	receptor	register_ligand_receptor_layer	edge=M20B-E003232; evidence=M20B-EVID-003232 || edge=M20B-E003826; evidence=M20B-EVID-003826;M20B-EVID-003826-P2-CAUTION;M20B-EVID-003826-P2-FUNC;M20B-EVID-003826-P2-RELAY || edge=M20B-E004764; evidence=M20B-EVID-004764;M20B-EVID-004764-P2-FUNC;M20B-EVID-004764-P2-RELAY || edge=M20B-E004904; evidence=M20B-EVID-004904;M20B-EVID-004904-P2-DIRECT;M20B-EVID-004904-P2-FUNC || edge=M23B-E001087; evidence=M23B-EVID-EXPAND23A-012 || edge=M23B-E001097; evidence=M23B-EVID-EXPAND23A-022 || edge=M23B-E001122; evidence=M23B-EVID-EXPAND23A-047 || edge=M24B-E000126; evidence=M24B-EVID-000168;M24B-EVID-PROMO-20260826-022
NODE09741	signaling_cascade	module20_24_export	Node participates in at least one evidence-gated exported mechanism edge.
NODE09741	target_gene	register_target_gene_layer	edge=M22B-E006437; evidence=M22B-EVID-006610 || edge=M22B-E008589; evidence=M22B-EVID-008762 || edge=M22B-E009690; evidence=M22B-EVID-009863
NODE09742	receptor	register_ligand_receptor_layer	edge=M23B-E001101; evidence=M23B-EVID-EXPAND23A-026
NODE09742	signaling_cascade	module20_24_export	Node participates in at least one evidence-gated exported mechanism edge.
NODE09743	signaling_cascade	module20_24_export	Node participates in at least one evidence-gated exported mechanism edge.
NODE09744	signaling_cascade	module20_24_export	Node participates in at least one evidence-gated exported mechanism edge.
NODE09745	signaling_cascade	module20_24_export	Node participates in at least one evidence-gated exported mechanism edge.
NODE09746	signaling_cascade	module20_24_export	Node participates in at least one evidence-gated exported mechanism edge.
NODE09747	signaling_cascade	module20_24_export	Node participates in at least one evidence-gated exported mechanism edge.
NODE09748	signaling_cascade	module20_24_export	Node participates in at least one evidence-gated exported mechanism edge.
NODE09749	signaling_cascade	module20_24_export	Node participates in at least one evidence-gated exported mechanism edge.
NODE09750	signaling_cascade	module20_24_export	Node participates in at least one evidence-gated exported mechanism edge.
NODE09751	signaling_cascade	module20_24_export	Node participates in at least one evidence-gated exported mechanism edge.
NODE09752	signaling_cascade	module20_24_export	Node participates in at least one evidence-gated exported mechanism edge.
NODE09753	receptor	register_ligand_receptor_layer	edge=M23B-E001094; evidence=M23B-EVID-EXPAND23A-019
NODE09753	signaling_cascade	module20_24_export	Node participates in at least one evidence-gated exported mechanism edge.
NODE09754	signaling_cascade	module20_24_export	Node participates in at least one evidence-gated exported mechanism edge.
NODE09755	signaling_cascade	module20_24_export	Node participates in at least one evidence-gated exported mechanism edge.
NODE09756	signaling_cascade	module20_24_export	Node participates in at least one evidence-gated exported mechanism edge.
NODE09757	signaling_cascade	module20_24_export	Node participates in at least one evidence-gated exported mechanism edge.
NODE09758	signaling_cascade	module20_24_export	Node participates in at least one evidence-gated exported mechanism edge.
NODE09759	signaling_cascade	module20_24_export	Node participates in at least one evidence-gated exported mechanism edge.
NODE09760	signaling_cascade	module20_24_export	Node participates in at least one evidence-gated exported mechanism edge.
NODE09761	signaling_cascade	module20_24_export	Node participates in at least one evidence-gated exported mechanism edge.
NODE09762	signaling_cascade	module20_24_export	Node participates in at least one evidence-gated exported mechanism edge.
NODE09763	signaling_cascade	module20_24_export	Node participates in at least one evidence-gated exported mechanism edge.
NODE09764	signaling_cascade	module20_24_export	Node participates in at least one evidence-gated exported mechanism edge.
NODE09765	signaling_cascade	module20_24_export	Node participates in at least one evidence-gated exported mechanism edge.
NODE09766	receptor	register_ligand_receptor_layer	edge=M24B-E000103; evidence=M24B-EVID-000145;M24B-EVID-PROMO-20260826-013
NODE09766	signaling_cascade	module20_24_export	Node participates in at least one evidence-gated exported mechanism edge.
NODE09767	receptor	register_ligand_receptor_layer	edge=M24B-E000077; evidence=M24B-EVID-000113
NODE09767	signaling_cascade	module20_24_export	Node participates in at least one evidence-gated exported mechanism edge.
NODE09768	signaling_cascade	module20_24_export	Node participates in at least one evidence-gated exported mechanism edge.
NODE09769	signaling_cascade	module20_24_export	Node participates in at least one evidence-gated exported mechanism edge.
NODE09770	signaling_cascade	module20_24_export	Node participates in at least one evidence-gated exported mechanism edge.
NODE09771	signaling_cascade	module20_24_export	Node participates in at least one evidence-gated exported mechanism edge.
NODE09772	signaling_cascade	module20_24_export	Node participates in at least one evidence-gated exported mechanism edge.
NODE09773	signaling_cascade	module20_24_export	Node participates in at least one evidence-gated exported mechanism edge.
NODE09774	signaling_cascade	module20_24_export	Node participates in at least one evidence-gated exported mechanism edge.
NODE09775	signaling_cascade	module20_24_export	Node participates in at least one evidence-gated exported mechanism edge.
NODE09775	target_gene	register_target_gene_layer	edge=M22B-E006296; evidence=M22B-EVID-006469
NODE09776	signaling_cascade	module20_24_export	Node participates in at least one evidence-gated exported mechanism edge.
NODE09776	target_gene	register_target_gene_layer	edge=M22B-E006438; evidence=M22B-EVID-006611
NODE09777	signaling_cascade	module20_24_export	Node participates in at least one evidence-gated exported mechanism edge.
NODE09778	signaling_cascade	module20_24_export	Node participates in at least one evidence-gated exported mechanism edge.
NODE09779	signaling_cascade	module20_24_export	Node participates in at least one evidence-gated exported mechanism edge.
NODE09780	signaling_cascade	module20_24_export	Node participates in at least one evidence-gated exported mechanism edge.
NODE09781	signaling_cascade	module20_24_export	Node participates in at least one evidence-gated exported mechanism edge.
NODE09782	signaling_cascade	module20_24_export	Node participates in at least one evidence-gated exported mechanism edge.
NODE09783	signaling_cascade	module20_24_export	Node participates in at least one evidence-gated exported mechanism edge.
NODE09784	signaling_cascade	module20_24_export	Node participates in at least one evidence-gated exported mechanism edge.
NODE09785	signaling_cascade	module20_24_export	Node participates in at least one evidence-gated exported mechanism edge.
NODE09786	signaling_cascade	module20_24_export	Node participates in at least one evidence-gated exported mechanism edge.
NODE09787	signaling_cascade	module20_24_export	Node participates in at least one evidence-gated exported mechanism edge.
NODE09788	signaling_cascade	module20_24_export	Node participates in at least one evidence-gated exported mechanism edge.
NODE09789	signaling_cascade	module20_24_export	Node participates in at least one evidence-gated exported mechanism edge.
NODE09790	signaling_cascade	module20_24_export	Node participates in at least one evidence-gated exported mechanism edge.
NODE09791	signaling_cascade	module20_24_export	Node participates in at least one evidence-gated exported mechanism edge.
NODE09792	signaling_cascade	module20_24_export	Node participates in at least one evidence-gated exported mechanism edge.
NODE09793	signaling_cascade	module20_24_export	Node participates in at least one evidence-gated exported mechanism edge.
NODE09794	signaling_cascade	module20_24_export	Node participates in at least one evidence-gated exported mechanism edge.
NODE09795	signaling_cascade	module20_24_export	Node participates in at least one evidence-gated exported mechanism edge.
NODE09796	signaling_cascade	module20_24_export	Node participates in at least one evidence-gated exported mechanism edge.
NODE09797	signaling_cascade	module20_24_export	Node participates in at least one evidence-gated exported mechanism edge.
NODE09797	target_gene	register_target_gene_layer	edge=M22B-E010257; evidence=M22B-EVID-010430
NODE09798	signaling_cascade	module20_24_export	Node participates in at least one evidence-gated exported mechanism edge.
NODE09799	signaling_cascade	module20_24_export	Node participates in at least one evidence-gated exported mechanism edge.
NODE09800	signaling_cascade	module20_24_export	Node participates in at least one evidence-gated exported mechanism edge.
NODE09801	signaling_cascade	module20_24_export	Node participates in at least one evidence-gated exported mechanism edge.
NODE09802	signaling_cascade	module20_24_export	Node participates in at least one evidence-gated exported mechanism edge.
NODE09803	signaling_cascade	module20_24_export	Node participates in at least one evidence-gated exported mechanism edge.
NODE09804	signaling_cascade	module20_24_export	Node participates in at least one evidence-gated exported mechanism edge.
NODE09804	target_gene	register_target_gene_layer	edge=M22B-E009381; evidence=M22B-EVID-009554
NODE09805	signaling_cascade	module20_24_export	Node participates in at least one evidence-gated exported mechanism edge.
NODE09806	signaling_cascade	module20_24_export	Node participates in at least one evidence-gated exported mechanism edge.
NODE09807	signaling_cascade	module20_24_export	Node participates in at least one evidence-gated exported mechanism edge.
NODE09808	signaling_cascade	module20_24_export	Node participates in at least one evidence-gated exported mechanism edge.
NODE09809	signaling_cascade	module20_24_export	Node participates in at least one evidence-gated exported mechanism edge.
NODE09809	target_gene	register_target_gene_layer	edge=M22B-E010023; evidence=M22B-EVID-010196
NODE09810	signaling_cascade	module20_24_export	Node participates in at least one evidence-gated exported mechanism edge.
NODE09811	signaling_cascade	module20_24_export	Node participates in at least one evidence-gated exported mechanism edge.
NODE09812	signaling_cascade	module20_24_export	Node participates in at least one evidence-gated exported mechanism edge.
NODE09813	signaling_cascade	module20_24_export	Node participates in at least one evidence-gated exported mechanism edge.
NODE09813	target_gene	register_target_gene_layer	edge=M22B-E005967; evidence=M22B-EVID-006140 || edge=M22B-E007326; evidence=M22B-EVID-007499 || edge=M22B-E008128; evidence=M22B-EVID-008301
NODE09814	signaling_cascade	module20_24_export	Node participates in at least one evidence-gated exported mechanism edge.
NODE09814	target_gene	register_target_gene_layer	edge=M22B-E009922; evidence=M22B-EVID-010095
NODE09815	signaling_cascade	module20_24_export	Node participates in at least one evidence-gated exported mechanism edge.
NODE09816	ligand	register_ligand_receptor_layer	edge=M20B-E002257; evidence=M20B-EVID-002257 || edge=M20B-E002258; evidence=M20B-EVID-002258 || edge=M20B-E002259; evidence=M20B-EVID-002259 || edge=M20B-E002260; evidence=M20B-EVID-002260 || edge=M20B-E002262; evidence=M20B-EVID-002262 || edge=M20B-E005086; evidence=M20B-EVID-005086 || edge=M20B-E005087; evidence=M20B-EVID-005087 || edge=M20B-E005090; evidence=M20B-EVID-005090 || edge=M20B-E005092; evidence=M20B-EVID-005092;M20B-EVID-005092-P2-DIRECT || edge=M23B-E000078; evidence=M23B-EVID-000140;M23B-EVID-PROMO-20260826-005 || edge=M23B-E000752; evidence=M23B-EVID-001010 || edge=M23B-E000754; evidence=M23B-EVID-001013 || edge=M23B-E000757; evidence=M23B-EVID-001016 || edge=M23B-E000761; evidence=M23B-EVID-001025 || edge=M23B-E000763; evidence=M23B-EVID-001028
NODE09816	signaling_cascade	module20_24_export	Node participates in at least one evidence-gated exported mechanism edge.
NODE09816	target_gene	register_target_gene_layer	edge=M22B-E006120; evidence=M22B-EVID-006293 || edge=M22B-E006581; evidence=M22B-EVID-006754 || edge=M22B-E008272; evidence=M22B-EVID-008445 || edge=M22B-E008733; evidence=M22B-EVID-008906 || edge=M22B-E009600; evidence=M22B-EVID-009773
NODE09817	signaling_cascade	module20_24_export	Node participates in at least one evidence-gated exported mechanism edge.
NODE09818	signaling_cascade	module20_24_export	Node participates in at least one evidence-gated exported mechanism edge.
NODE09819	signaling_cascade	module20_24_export	Node participates in at least one evidence-gated exported mechanism edge.
NODE09820	signaling_cascade	module20_24_export	Node participates in at least one evidence-gated exported mechanism edge.
NODE09821	signaling_cascade	module20_24_export	Node participates in at least one evidence-gated exported mechanism edge.
NODE09822	signaling_cascade	module20_24_export	Node participates in at least one evidence-gated exported mechanism edge.
NODE09823	ligand	register_ligand_receptor_layer	edge=M23B-E001004; evidence=M23B-EVID-001349
NODE09823	signaling_cascade	module20_24_export	Node participates in at least one evidence-gated exported mechanism edge.
NODE09824	ligand	register_ligand_receptor_layer	edge=M23B-E000076; evidence=M23B-EVID-000138
NODE09824	signaling_cascade	module20_24_export	Node participates in at least one evidence-gated exported mechanism edge.
NODE09825	ligand	register_ligand_receptor_layer	edge=M23B-E000075; evidence=M23B-EVID-000137
NODE09825	signaling_cascade	module20_24_export	Node participates in at least one evidence-gated exported mechanism edge.
NODE09826	ligand	register_ligand_receptor_layer	edge=M23B-E000074; evidence=M23B-EVID-000136;M23B-EVID-PROMO-20260826-004
NODE09826	signaling_cascade	module20_24_export	Node participates in at least one evidence-gated exported mechanism edge.
NODE09827	signaling_cascade	module20_24_export	Node participates in at least one evidence-gated exported mechanism edge.
NODE09828	ligand	register_ligand_receptor_layer	edge=M23B-E001087; evidence=M23B-EVID-EXPAND23A-012
NODE09828	signaling_cascade	module20_24_export	Node participates in at least one evidence-gated exported mechanism edge.
NODE09829	ligand	register_ligand_receptor_layer	edge=M21B-E000110; evidence=M21B-EVID-000053 || edge=M21B-E000111; evidence=M21B-EVID-000054
NODE09829	signaling_cascade	module20_24_export	Node participates in at least one evidence-gated exported mechanism edge.
NODE09829	target_gene	register_target_gene_layer	edge=M22B-E005793; evidence=M22B-EVID-005966 || edge=M22B-E005835; evidence=M22B-EVID-006008 || edge=M22B-E005968; evidence=M22B-EVID-006141 || edge=M22B-E006121; evidence=M22B-EVID-006294 || edge=M22B-E006582; evidence=M22B-EVID-006755 || edge=M22B-E007960; evidence=M22B-EVID-008133 || edge=M22B-E007999; evidence=M22B-EVID-008172 || edge=M22B-E008129; evidence=M22B-EVID-008302 || edge=M22B-E008273; evidence=M22B-EVID-008446 || edge=M22B-E008734; evidence=M22B-EVID-008907 || edge=M22B-E009730; evidence=M22B-EVID-009903 || edge=M22B-E009957; evidence=M22B-EVID-010130 || edge=M22B-E009993; evidence=M22B-EVID-010166 || edge=M22B-E010095; evidence=M22B-EVID-010268
NODE09830	signaling_cascade	module20_24_export	Node participates in at least one evidence-gated exported mechanism edge.
NODE09831	signaling_cascade	module20_24_export	Node participates in at least one evidence-gated exported mechanism edge.
NODE09832	signaling_cascade	module20_24_export	Node participates in at least one evidence-gated exported mechanism edge.
NODE09833	signaling_cascade	module20_24_export	Node participates in at least one evidence-gated exported mechanism edge.
NODE09834	signaling_cascade	module20_24_export	Node participates in at least one evidence-gated exported mechanism edge.
NODE09835	signaling_cascade	module20_24_export	Node participates in at least one evidence-gated exported mechanism edge.
NODE09836	signaling_cascade	module20_24_export	Node participates in at least one evidence-gated exported mechanism edge.
NODE09837	signaling_cascade	module20_24_export	Node participates in at least one evidence-gated exported mechanism edge.
NODE09838	signaling_cascade	module20_24_export	Node participates in at least one evidence-gated exported mechanism edge.
NODE09839	signaling_cascade	module20_24_export	Node participates in at least one evidence-gated exported mechanism edge.
NODE09840	signaling_cascade	module20_24_export	Node participates in at least one evidence-gated exported mechanism edge.
NODE09841	signaling_cascade	module20_24_export	Node participates in at least one evidence-gated exported mechanism edge.
NODE09842	signaling_cascade	module20_24_export	Node participates in at least one evidence-gated exported mechanism edge.
NODE09842	target_gene	register_target_gene_layer	edge=M22B-E006983; evidence=M22B-EVID-007156 || edge=M22B-E009097; evidence=M22B-EVID-009270 || edge=M22B-E010090; evidence=M22B-EVID-010263
NODE09843	signaling_cascade	module20_24_export	Node participates in at least one evidence-gated exported mechanism edge.
NODE09844	signaling_cascade	module20_24_export	Node participates in at least one evidence-gated exported mechanism edge.
NODE09844	target_gene	register_target_gene_layer	edge=M22B-E005836; evidence=M22B-EVID-006009 || edge=M22B-E006220; evidence=M22B-EVID-006393 || edge=M22B-E008000; evidence=M22B-EVID-008173 || edge=M22B-E008369; evidence=M22B-EVID-008542
NODE09845	signaling_cascade	module20_24_export	Node participates in at least one evidence-gated exported mechanism edge.
NODE09845	target_gene	register_target_gene_layer	edge=M22B-E007913; evidence=M22B-EVID-008086
NODE09846	signaling_cascade	module20_24_export	Node participates in at least one evidence-gated exported mechanism edge.
NODE09847	signaling_cascade	module20_24_export	Node participates in at least one evidence-gated exported mechanism edge.
NODE09848	receptor	register_ligand_receptor_layer	edge=M21B-E000110; evidence=M21B-EVID-000053
NODE09848	signaling_cascade	module20_24_export	Node participates in at least one evidence-gated exported mechanism edge.
NODE09849	signaling_cascade	module20_24_export	Node participates in at least one evidence-gated exported mechanism edge.
NODE09850	signaling_cascade	module20_24_export	Node participates in at least one evidence-gated exported mechanism edge.
NODE09851	receptor	register_ligand_receptor_layer	edge=M21B-E000111; evidence=M21B-EVID-000054
NODE09851	signaling_cascade	module20_24_export	Node participates in at least one evidence-gated exported mechanism edge.
NODE09852	signaling_cascade	module20_24_export	Node participates in at least one evidence-gated exported mechanism edge.
NODE09853	signaling_cascade	module20_24_export	Node participates in at least one evidence-gated exported mechanism edge.
NODE09854	signaling_cascade	module20_24_export	Node participates in at least one evidence-gated exported mechanism edge.
NODE09855	signaling_cascade	module20_24_export	Node participates in at least one evidence-gated exported mechanism edge.
NODE09855	target_gene	register_target_gene_layer	edge=M22B-E006122; evidence=M22B-EVID-006295 || edge=M22B-E006583; evidence=M22B-EVID-006756 || edge=M22B-E007914; evidence=M22B-EVID-008087
NODE09856	signaling_cascade	module20_24_export	Node participates in at least one evidence-gated exported mechanism edge.
NODE09856	target_gene	register_target_gene_layer	edge=M22B-E006123; evidence=M22B-EVID-006296 || edge=M22B-E007327; evidence=M22B-EVID-007500 || edge=M22B-E007915; evidence=M22B-EVID-008088 || edge=M22B-E008274; evidence=M22B-EVID-008447 || edge=M22B-E008735; evidence=M22B-EVID-008908 || edge=M22B-E009346; evidence=M22B-EVID-009519 || edge=M22B-E009506; evidence=M22B-EVID-009679
NODE09857	signaling_cascade	module20_24_export	Node participates in at least one evidence-gated exported mechanism edge.
NODE09858	signaling_cascade	module20_24_export	Node participates in at least one evidence-gated exported mechanism edge.
NODE09858	target_gene	register_target_gene_layer	edge=M22B-E007916; evidence=M22B-EVID-008089
NODE09859	signaling_cascade	module20_24_export	Node participates in at least one evidence-gated exported mechanism edge.
NODE09859	target_gene	register_target_gene_layer	edge=M22B-E007917; evidence=M22B-EVID-008090
NODE09860	receptor	register_ligand_receptor_layer	edge=M20B-E005107; evidence=M20B-EVID-005107;M20B-EVID-005107-P2-DIRECT-294;M20B-EVID-005107-P2-FUNC-294;M20B-EVID-005107-P2-RELAY-294
NODE09860	signaling_cascade	module20_24_export	Node participates in at least one evidence-gated exported mechanism edge.
NODE09860	target_gene	register_target_gene_layer	edge=M22B-E010298; evidence=M22B-EVID-010470
NODE09861	signaling_cascade	module20_24_export	Node participates in at least one evidence-gated exported mechanism edge.
NODE09861	target_gene	register_target_gene_layer	edge=M22B-E010284; evidence=M22B-EVID-010457
NODE09862	signaling_cascade	module20_24_export	Node participates in at least one evidence-gated exported mechanism edge.
NODE09863	signaling_cascade	module20_24_export	Node participates in at least one evidence-gated exported mechanism edge.
NODE09863	target_gene	register_target_gene_layer	edge=M22B-E010584; evidence=M22B-EVID-010680
NODE09864	signaling_cascade	module20_24_export	Node participates in at least one evidence-gated exported mechanism edge.
NODE09865	signaling_cascade	module20_24_export	Node participates in at least one evidence-gated exported mechanism edge.
NODE09865	target_gene	register_target_gene_layer	edge=M22B-E007564; evidence=M22B-EVID-007737 || edge=M22B-E010288; evidence=M22B-EVID-010461 || edge=M22B-E010289; evidence=M22B-EVID-010462
NODE09866	signaling_cascade	module20_24_export	Node participates in at least one evidence-gated exported mechanism edge.
NODE09866	target_gene	register_target_gene_layer	edge=M22B-E009454; evidence=M22B-EVID-009627
NODE09867	signaling_cascade	module20_24_export	Node participates in at least one evidence-gated exported mechanism edge.
NODE09868	receptor	register_ligand_receptor_layer	edge=M20B-E001923; evidence=M20B-EVID-001923
NODE09868	signaling_cascade	module20_24_export	Node participates in at least one evidence-gated exported mechanism edge.
NODE09869	signaling_cascade	module20_24_export	Node participates in at least one evidence-gated exported mechanism edge.
NODE09870	signaling_cascade	module20_24_export	Node participates in at least one evidence-gated exported mechanism edge.
NODE09871	signaling_cascade	module20_24_export	Node participates in at least one evidence-gated exported mechanism edge.
NODE09871	target_gene	register_target_gene_layer	edge=M22B-E006124; evidence=M22B-EVID-006297 || edge=M22B-E006939; evidence=M22B-EVID-007112 || edge=M22B-E007328; evidence=M22B-EVID-007501 || edge=M22B-E007565; evidence=M22B-EVID-007738 || edge=M22B-E008275; evidence=M22B-EVID-008448 || edge=M22B-E009060; evidence=M22B-EVID-009233
NODE09872	signaling_cascade	module20_24_export	Node participates in at least one evidence-gated exported mechanism edge.
NODE09872	target_gene	register_target_gene_layer	edge=M22B-E010099; evidence=M22B-EVID-010272
NODE09873	ligand	register_ligand_receptor_layer	edge=M20B-E005107; evidence=M20B-EVID-005107;M20B-EVID-005107-P2-DIRECT-294;M20B-EVID-005107-P2-FUNC-294;M20B-EVID-005107-P2-RELAY-294
NODE09873	signaling_cascade	module20_24_export	Node participates in at least one evidence-gated exported mechanism edge.
NODE09873	target_gene	register_target_gene_layer	edge=M22B-E006477; evidence=M22B-EVID-006650 || edge=M22B-E008632; evidence=M22B-EVID-008805 || edge=M22B-E009375; evidence=M22B-EVID-009548
NODE09874	signaling_cascade	module20_24_export	Node participates in at least one evidence-gated exported mechanism edge.
NODE09874	target_gene	register_target_gene_layer	edge=M22B-E007566; evidence=M22B-EVID-007739 || edge=M22B-E009894; evidence=M22B-EVID-010067
NODE09875	signaling_cascade	module20_24_export	Node participates in at least one evidence-gated exported mechanism edge.
NODE09876	signaling_cascade	module20_24_export	Node participates in at least one evidence-gated exported mechanism edge.
NODE09877	ligand	register_ligand_receptor_layer	edge=M20B-E005111; evidence=M20B-EVID-005111;M20B-EVID-005111-P2-DIRECT;M20B-EVID-005111-P2-DIRECT-296;M20B-EVID-005111-P2-FUNC;M20B-EVID-005111-P2-FUNC-296;M20B-EVID-005111-P2-RELAY-296
NODE09877	signaling_cascade	module20_24_export	Node participates in at least one evidence-gated exported mechanism edge.
NODE09878	signaling_cascade	module20_24_export	Node participates in at least one evidence-gated exported mechanism edge.
NODE09878	target_gene	register_target_gene_layer	edge=M22B-E007567; evidence=M22B-EVID-007740
NODE09879	signaling_cascade	module20_24_export	Node participates in at least one evidence-gated exported mechanism edge.
NODE09879	target_gene	register_target_gene_layer	edge=M22B-E006125; evidence=M22B-EVID-006298 || edge=M22B-E007329; evidence=M22B-EVID-007502 || edge=M22B-E008276; evidence=M22B-EVID-008449
NODE09880	signaling_cascade	module20_24_export	Node participates in at least one evidence-gated exported mechanism edge.
NODE09881	signaling_cascade	module20_24_export	Node participates in at least one evidence-gated exported mechanism edge.
NODE09881	target_gene	register_target_gene_layer	edge=M22B-E006984; evidence=M22B-EVID-007157
NODE09882	ligand	register_ligand_receptor_layer	edge=M20B-E002264; evidence=M20B-EVID-002264
NODE09882	signaling_cascade	module20_24_export	Node participates in at least one evidence-gated exported mechanism edge.
NODE09883	signaling_cascade	module20_24_export	Node participates in at least one evidence-gated exported mechanism edge.
NODE09883	target_gene	register_target_gene_layer	edge=M22B-E007330; evidence=M22B-EVID-007503
NODE09884	signaling_cascade	module20_24_export	Node participates in at least one evidence-gated exported mechanism edge.
NODE09885	signaling_cascade	module20_24_export	Node participates in at least one evidence-gated exported mechanism edge.
NODE09886	ligand	register_ligand_receptor_layer	edge=M23B-E001126; evidence=M23B-EVID-EXPAND23A-051 || edge=M23B-E001135; evidence=M23B-EVID-EXPAND23A-060 || edge=M23B-E001136; evidence=M23B-EVID-EXPAND23A-061 || edge=M23B-E001139; evidence=M23B-EVID-EXPAND23A-064
NODE09886	signaling_cascade	module20_24_export	Node participates in at least one evidence-gated exported mechanism edge.
NODE09887	signaling_cascade	module20_24_export	Node participates in at least one evidence-gated exported mechanism edge.
NODE09888	signaling_cascade	module20_24_export	Node participates in at least one evidence-gated exported mechanism edge.
NODE09889	ligand	register_ligand_receptor_layer	edge=M23B-E001122; evidence=M23B-EVID-EXPAND23A-047
NODE09889	signaling_cascade	module20_24_export	Node participates in at least one evidence-gated exported mechanism edge.
NODE09890	ligand	register_ligand_receptor_layer	edge=M23B-E001137; evidence=M23B-EVID-EXPAND23A-062 || edge=M23B-E001138; evidence=M23B-EVID-EXPAND23A-063
NODE09890	signaling_cascade	module20_24_export	Node participates in at least one evidence-gated exported mechanism edge.
NODE09891	ligand	register_ligand_receptor_layer	edge=M23B-E001128; evidence=M23B-EVID-EXPAND23A-053
NODE09891	signaling_cascade	module20_24_export	Node participates in at least one evidence-gated exported mechanism edge.
NODE09892	ligand	register_ligand_receptor_layer	edge=M23B-E001131; evidence=M23B-EVID-EXPAND23A-056 || edge=M23B-E001132; evidence=M23B-EVID-EXPAND23A-057 || edge=M23B-E001133; evidence=M23B-EVID-EXPAND23A-058 || edge=M23B-E001134; evidence=M23B-EVID-EXPAND23A-059
NODE09892	signaling_cascade	module20_24_export	Node participates in at least one evidence-gated exported mechanism edge.
NODE09893	signaling_cascade	module20_24_export	Node participates in at least one evidence-gated exported mechanism edge.
NODE09894	signaling_cascade	module20_24_export	Node participates in at least one evidence-gated exported mechanism edge.
NODE09895	signaling_cascade	module20_24_export	Node participates in at least one evidence-gated exported mechanism edge.
NODE09896	signaling_cascade	module20_24_export	Node participates in at least one evidence-gated exported mechanism edge.
NODE09896	target_gene	register_target_gene_layer	edge=M22B-E010083; evidence=M22B-EVID-010256
NODE09897	signaling_cascade	module20_24_export	Node participates in at least one evidence-gated exported mechanism edge.
NODE09898	signaling_cascade	module20_24_export	Node participates in at least one evidence-gated exported mechanism edge.
NODE09899	ligand	register_ligand_receptor_layer	edge=M20B-E002278; evidence=M20B-EVID-002278
NODE09899	signaling_cascade	module20_24_export	Node participates in at least one evidence-gated exported mechanism edge.
NODE09900	ligand	register_ligand_receptor_layer	edge=M23B-E000081; evidence=M23B-EVID-000143
NODE09900	signaling_cascade	module20_24_export	Node participates in at least one evidence-gated exported mechanism edge.
NODE09901	signaling_cascade	module20_24_export	Node participates in at least one evidence-gated exported mechanism edge.
NODE09901	target_gene	register_target_gene_layer	edge=M22B-E005969; evidence=M22B-EVID-006142 || edge=M22B-E008130; evidence=M22B-EVID-008303
NODE09902	signaling_cascade	module20_24_export	Node participates in at least one evidence-gated exported mechanism edge.
NODE09903	signaling_cascade	module20_24_export	Node participates in at least one evidence-gated exported mechanism edge.
NODE09903	target_gene	register_target_gene_layer	edge=M22B-E006126; evidence=M22B-EVID-006299 || edge=M22B-E008277; evidence=M22B-EVID-008450
NODE09904	signaling_cascade	module20_24_export	Node participates in at least one evidence-gated exported mechanism edge.
NODE09904	target_gene	register_target_gene_layer	edge=M22B-E006940; evidence=M22B-EVID-007113 || edge=M22B-E009061; evidence=M22B-EVID-009234
NODE09905	signaling_cascade	module20_24_export	Node participates in at least one evidence-gated exported mechanism edge.
NODE09906	signaling_cascade	module20_24_export	Node participates in at least one evidence-gated exported mechanism edge.
NODE09907	signaling_cascade	module20_24_export	Node participates in at least one evidence-gated exported mechanism edge.
NODE09908	signaling_cascade	module20_24_export	Node participates in at least one evidence-gated exported mechanism edge.
NODE09908	target_gene	register_target_gene_layer	edge=M22B-E005837; evidence=M22B-EVID-006010 || edge=M22B-E006941; evidence=M22B-EVID-007114 || edge=M22B-E008001; evidence=M22B-EVID-008174 || edge=M22B-E009062; evidence=M22B-EVID-009235
NODE09909	signaling_cascade	module20_24_export	Node participates in at least one evidence-gated exported mechanism edge.
NODE09910	signaling_cascade	module20_24_export	Node participates in at least one evidence-gated exported mechanism edge.
NODE09910	transcription_factor	register_target_gene_layer	edge=M22B-E010419; evidence=M22B-EVID-010591
NODE09911	signaling_cascade	module20_24_export	Node participates in at least one evidence-gated exported mechanism edge.
NODE09912	signaling_cascade	module20_24_export	Node participates in at least one evidence-gated exported mechanism edge.
NODE09912	target_gene	register_target_gene_layer	edge=M22B-E005970; evidence=M22B-EVID-006143 || edge=M22B-E006127; evidence=M22B-EVID-006300 || edge=M22B-E006439; evidence=M22B-EVID-006612 || edge=M22B-E006478; evidence=M22B-EVID-006651 || edge=M22B-E006584; evidence=M22B-EVID-006757 || edge=M22B-E006942; evidence=M22B-EVID-007115 || edge=M22B-E007568; evidence=M22B-EVID-007741 || edge=M22B-E008131; evidence=M22B-EVID-008304 || edge=M22B-E008278; evidence=M22B-EVID-008451 || edge=M22B-E008590; evidence=M22B-EVID-008763 || edge=M22B-E008633; evidence=M22B-EVID-008806 || edge=M22B-E008736; evidence=M22B-EVID-008909 || edge=M22B-E009063; evidence=M22B-EVID-009236
NODE09912	transcription_factor	register_target_gene_layer	edge=M22B-E005739; evidence=M22B-EVID-005912 || edge=M22B-E005740; evidence=M22B-EVID-005913 || edge=M22B-E005741; evidence=M22B-EVID-005914 || edge=M22B-E005742; evidence=M22B-EVID-005915 || edge=M22B-E005743; evidence=M22B-EVID-005916 || edge=M22B-E007661; evidence=M22B-EVID-007834 || edge=M22B-E007662; evidence=M22B-EVID-007835 || edge=M22B-E007663; evidence=M22B-EVID-007836 || edge=M22B-E007664; evidence=M22B-EVID-007837 || edge=M22B-E007665; evidence=M22B-EVID-007838 || edge=M22B-E007666; evidence=M22B-EVID-007839 || edge=M22B-E007667; evidence=M22B-EVID-007840 || edge=M22B-E007668; evidence=M22B-EVID-007841 || edge=M22B-E007669; evidence=M22B-EVID-007842 || edge=M22B-E007670; evidence=M22B-EVID-007843 || edge=M22B-E007671; evidence=M22B-EVID-007844 || edge=M22B-E007672; evidence=M22B-EVID-007845 || edge=M22B-E007673; evidence=M22B-EVID-007846 || edge=M22B-E007674; evidence=M22B-EVID-007847 || edge=M22B-E007675; evidence=M22B-EVID-007848 || edge=M22B-E007676; evidence=M22B-EVID-007849 || edge=M22B-E007677; evidence=M22B-EVID-007850 || edge=M22B-E007678; evidence=M22B-EVID-007851 || edge=M22B-E007679; evidence=M22B-EVID-007852 || edge=M22B-E007680; evidence=M22B-EVID-007853 || edge=M22B-E007681; evidence=M22B-EVID-007854 || edge=M22B-E007682; evidence=M22B-EVID-007855 || edge=M22B-E007683; evidence=M22B-EVID-007856 || edge=M22B-E007684; evidence=M22B-EVID-007857 || edge=M22B-E007685; evidence=M22B-EVID-007858 || edge=M22B-E007686; evidence=M22B-EVID-007859 || edge=M22B-E007687; evidence=M22B-EVID-007860 || edge=M22B-E007688; evidence=M22B-EVID-007861 || edge=M22B-E007689; evidence=M22B-EVID-007862 || edge=M22B-E007690; evidence=M22B-EVID-007863 || edge=M22B-E007691; evidence=M22B-EVID-007864 || edge=M22B-E007692; evidence=M22B-EVID-007865 || edge=M22B-E007693; evidence=M22B-EVID-007866 || edge=M22B-E007694; evidence=M22B-EVID-007867 || edge=M22B-E007695; evidence=M22B-EVID-007868 || edge=M22B-E007696; evidence=M22B-EVID-007869 || edge=M22B-E007697; evidence=M22B-EVID-007870 || edge=M22B-E007698; evidence=M22B-EVID-007871 || edge=M22B-E007699; evidence=M22B-EVID-007872 || edge=M22B-E007700; evidence=M22B-EVID-007873 || edge=M22B-E007701; evidence=M22B-EVID-007874 || edge=M22B-E007702; evidence=M22B-EVID-007875 || edge=M22B-E007703; evidence=M22B-EVID-007876 || edge=M22B-E007704; evidence=M22B-EVID-007877 || edge=M22B-E007705; evidence=M22B-EVID-007878 || edge=M22B-E007706; evidence=M22B-EVID-007879 || edge=M22B-E007707; evidence=M22B-EVID-007880 || edge=M22B-E007708; evidence=M22B-EVID-007881 || edge=M22B-E007709; evidence=M22B-EVID-007882 || edge=M22B-E007710; evidence=M22B-EVID-007883 || edge=M22B-E007711; evidence=M22B-EVID-007884 || edge=M22B-E007712; evidence=M22B-EVID-007885 || edge=M22B-E007713; evidence=M22B-EVID-007886 || edge=M22B-E007714; evidence=M22B-EVID-007887 || edge=M22B-E007715; evidence=M22B-EVID-007888 || edge=M22B-E007716; evidence=M22B-EVID-007889 || edge=M22B-E007717; evidence=M22B-EVID-007890 || edge=M22B-E007718; evidence=M22B-EVID-007891 || edge=M22B-E007719; evidence=M22B-EVID-007892 || edge=M22B-E007720; evidence=M22B-EVID-007893 || edge=M22B-E007721; evidence=M22B-EVID-007894 || edge=M22B-E007722; evidence=M22B-EVID-007895 || edge=M22B-E007723; evidence=M22B-EVID-007896 || edge=M22B-E007724; evidence=M22B-EVID-007897 || edge=M22B-E007725; evidence=M22B-EVID-007898 || edge=M22B-E007726; evidence=M22B-EVID-007899 || edge=M22B-E007727; evidence=M22B-EVID-007900 || edge=M22B-E007728; evidence=M22B-EVID-007901 || edge=M22B-E007729; evidence=M22B-EVID-007902 || edge=M22B-E007730; evidence=M22B-EVID-007903 || edge=M22B-E007731; evidence=M22B-EVID-007904 || edge=M22B-E007732; evidence=M22B-EVID-007905 || edge=M22B-E007733; evidence=M22B-EVID-007906 || edge=M22B-E007734; evidence=M22B-EVID-007907 || edge=M22B-E007735; evidence=M22B-EVID-007908 || edge=M22B-E007736; evidence=M22B-EVID-007909 || edge=M22B-E007737; evidence=M22B-EVID-007910 || edge=M22B-E007738; evidence=M22B-EVID-007911 || edge=M22B-E007739; evidence=M22B-EVID-007912 || edge=M22B-E007740; evidence=M22B-EVID-007913 || edge=M22B-E007741; evidence=M22B-EVID-007914 || edge=M22B-E007742; evidence=M22B-EVID-007915 || edge=M22B-E007743; evidence=M22B-EVID-007916 || edge=M22B-E007744; evidence=M22B-EVID-007917 || edge=M22B-E007745; evidence=M22B-EVID-007918 || edge=M22B-E007746; evidence=M22B-EVID-007919 || edge=M22B-E007747; evidence=M22B-EVID-007920 || edge=M22B-E007748; evidence=M22B-EVID-007921 || edge=M22B-E007749; evidence=M22B-EVID-007922 || edge=M22B-E007750; evidence=M22B-EVID-007923 || edge=M22B-E007751; evidence=M22B-EVID-007924 || edge=M22B-E007752; evidence=M22B-EVID-007925 || edge=M22B-E007753; evidence=M22B-EVID-007926 || edge=M22B-E007754; evidence=M22B-EVID-007927 || edge=M22B-E007755; evidence=M22B-EVID-007928 || edge=M22B-E007756; evidence=M22B-EVID-007929 || edge=M22B-E007757; evidence=M22B-EVID-007930 || edge=M22B-E007758; evidence=M22B-EVID-007931 || edge=M22B-E007759; evidence=M22B-EVID-007932 || edge=M22B-E007760; evidence=M22B-EVID-007933 || edge=M22B-E007761; evidence=M22B-EVID-007934 || edge=M22B-E007762; evidence=M22B-EVID-007935 || edge=M22B-E007763; evidence=M22B-EVID-007936 || edge=M22B-E007764; evidence=M22B-EVID-007937 || edge=M22B-E007765; evidence=M22B-EVID-007938 || edge=M22B-E007766; evidence=M22B-EVID-007939 || edge=M22B-E007767; evidence=M22B-EVID-007940 || edge=M22B-E007768; evidence=M22B-EVID-007941 || edge=M22B-E007769; evidence=M22B-EVID-007942 || edge=M22B-E007770; evidence=M22B-EVID-007943 || edge=M22B-E007771; evidence=M22B-EVID-007944 || edge=M22B-E007772; evidence=M22B-EVID-007945 || edge=M22B-E007773; evidence=M22B-EVID-007946 || edge=M22B-E007774; evidence=M22B-EVID-007947 || edge=M22B-E007775; evidence=M22B-EVID-007948 || edge=M22B-E007776; evidence=M22B-EVID-007949 || edge=M22B-E007777; evidence=M22B-EVID-007950 || edge=M22B-E007778; evidence=M22B-EVID-007951 || edge=M22B-E007779; evidence=M22B-EVID-007952 || edge=M22B-E007780; evidence=M22B-EVID-007953 || edge=M22B-E007781; evidence=M22B-EVID-007954 || edge=M22B-E007782; evidence=M22B-EVID-007955 || edge=M22B-E007783; evidence=M22B-EVID-007956 || edge=M22B-E007784; evidence=M22B-EVID-007957 || edge=M22B-E007785; evidence=M22B-EVID-007958 || edge=M22B-E007786; evidence=M22B-EVID-007959 || edge=M22B-E007787; evidence=M22B-EVID-007960 || edge=M22B-E007788; evidence=M22B-EVID-007961 || edge=M22B-E007789; evidence=M22B-EVID-007962 || edge=M22B-E007790; evidence=M22B-EVID-007963 || edge=M22B-E007791; evidence=M22B-EVID-007964 || edge=M22B-E007792; evidence=M22B-EVID-007965 || edge=M22B-E007793; evidence=M22B-EVID-007966 || edge=M22B-E007794; evidence=M22B-EVID-007967 || edge=M22B-E007795; evidence=M22B-EVID-007968 || edge=M22B-E007796; evidence=M22B-EVID-007969 || edge=M22B-E007797; evidence=M22B-EVID-007970 || edge=M22B-E007798; evidence=M22B-EVID-007971 || edge=M22B-E007799; evidence=M22B-EVID-007972 || edge=M22B-E007800; evidence=M22B-EVID-007973 || edge=M22B-E007801; evidence=M22B-EVID-007974 || edge=M22B-E007802; evidence=M22B-EVID-007975 || edge=M22B-E007803; evidence=M22B-EVID-007976 || edge=M22B-E007804; evidence=M22B-EVID-007977 || edge=M22B-E007805; evidence=M22B-EVID-007978 || edge=M22B-E007806; evidence=M22B-EVID-007979 || edge=M22B-E007807; evidence=M22B-EVID-007980 || edge=M22B-E007808; evidence=M22B-EVID-007981 || edge=M22B-E007809; evidence=M22B-EVID-007982 || edge=M22B-E007810; evidence=M22B-EVID-007983 || edge=M22B-E007811; evidence=M22B-EVID-007984 || edge=M22B-E007812; evidence=M22B-EVID-007985 || edge=M22B-E007813; evidence=M22B-EVID-007986 || edge=M22B-E007814; evidence=M22B-EVID-007987 || edge=M22B-E007815; evidence=M22B-EVID-007988 || edge=M22B-E007816; evidence=M22B-EVID-007989 || edge=M22B-E007817; evidence=M22B-EVID-007990 || edge=M22B-E007818; evidence=M22B-EVID-007991 || edge=M22B-E007819; evidence=M22B-EVID-007992 || edge=M22B-E007820; evidence=M22B-EVID-007993 || edge=M22B-E007821; evidence=M22B-EVID-007994 || edge=M22B-E007822; evidence=M22B-EVID-007995 || edge=M22B-E007823; evidence=M22B-EVID-007996 || edge=M22B-E007824; evidence=M22B-EVID-007997 || edge=M22B-E007825; evidence=M22B-EVID-007998 || edge=M22B-E007826; evidence=M22B-EVID-007999 || edge=M22B-E007827; evidence=M22B-EVID-008000 || edge=M22B-E007828; evidence=M22B-EVID-008001 || edge=M22B-E007829; evidence=M22B-EVID-008002 || edge=M22B-E007830; evidence=M22B-EVID-008003 || edge=M22B-E007831; evidence=M22B-EVID-008004 || edge=M22B-E007832; evidence=M22B-EVID-008005 || edge=M22B-E007833; evidence=M22B-EVID-008006 || edge=M22B-E007834; evidence=M22B-EVID-008007 || edge=M22B-E007835; evidence=M22B-EVID-008008 || edge=M22B-E007836; evidence=M22B-EVID-008009 || edge=M22B-E007837; evidence=M22B-EVID-008010 || edge=M22B-E007838; evidence=M22B-EVID-008011 || edge=M22B-E007839; evidence=M22B-EVID-008012 || edge=M22B-E007840; evidence=M22B-EVID-008013 || edge=M22B-E007841; evidence=M22B-EVID-008014 || edge=M22B-E007842; evidence=M22B-EVID-008015 || edge=M22B-E007843; evidence=M22B-EVID-008016 || edge=M22B-E007844; evidence=M22B-EVID-008017 || edge=M22B-E007845; evidence=M22B-EVID-008018 || edge=M22B-E007846; evidence=M22B-EVID-008019 || edge=M22B-E007847; evidence=M22B-EVID-008020 || edge=M22B-E007848; evidence=M22B-EVID-008021 || edge=M22B-E007849; evidence=M22B-EVID-008022 || edge=M22B-E007850; evidence=M22B-EVID-008023 || edge=M22B-E007851; evidence=M22B-EVID-008024 || edge=M22B-E007852; evidence=M22B-EVID-008025 || edge=M22B-E007853; evidence=M22B-EVID-008026 || edge=M22B-E007854; evidence=M22B-EVID-008027 || edge=M22B-E007855; evidence=M22B-EVID-008028 || edge=M22B-E007856; evidence=M22B-EVID-008029 || edge=M22B-E007857; evidence=M22B-EVID-008030 || edge=M22B-E007858; evidence=M22B-EVID-008031 || edge=M22B-E007859; evidence=M22B-EVID-008032 || edge=M22B-E007860; evidence=M22B-EVID-008033 || edge=M22B-E007861; evidence=M22B-EVID-008034 || edge=M22B-E007862; evidence=M22B-EVID-008035 || edge=M22B-E007863; evidence=M22B-EVID-008036 || edge=M22B-E007864; evidence=M22B-EVID-008037 || edge=M22B-E007865; evidence=M22B-EVID-008038 || edge=M22B-E007866; evidence=M22B-EVID-008039 || edge=M22B-E007867; evidence=M22B-EVID-008040 || edge=M22B-E007868; evidence=M22B-EVID-008041 || edge=M22B-E007869; evidence=M22B-EVID-008042 || edge=M22B-E007870; evidence=M22B-EVID-008043 || edge=M22B-E007871; evidence=M22B-EVID-008044 || edge=M22B-E007872; evidence=M22B-EVID-008045 || edge=M22B-E007873; evidence=M22B-EVID-008046 || edge=M22B-E007874; evidence=M22B-EVID-008047 || edge=M22B-E007875; evidence=M22B-EVID-008048 || edge=M22B-E007876; evidence=M22B-EVID-008049 || edge=M22B-E007877; evidence=M22B-EVID-008050 || edge=M22B-E007878; evidence=M22B-EVID-008051 || edge=M22B-E007879; evidence=M22B-EVID-008052 || edge=M22B-E007880; evidence=M22B-EVID-008053 || edge=M22B-E007881; evidence=M22B-EVID-008054 || edge=M22B-E007882; evidence=M22B-EVID-008055 || edge=M22B-E007883; evidence=M22B-EVID-008056 || edge=M22B-E007884; evidence=M22B-EVID-008057 || edge=M22B-E007885; evidence=M22B-EVID-008058 || edge=M22B-E007886; evidence=M22B-EVID-008059 || edge=M22B-E007887; evidence=M22B-EVID-008060 || edge=M22B-E007888; evidence=M22B-EVID-008061 || edge=M22B-E007889; evidence=M22B-EVID-008062 || edge=M22B-E007890; evidence=M22B-EVID-008063 || edge=M22B-E007891; evidence=M22B-EVID-008064 || edge=M22B-E007892; evidence=M22B-EVID-008065 || edge=M22B-E007893; evidence=M22B-EVID-008066 || edge=M22B-E007894; evidence=M22B-EVID-008067 || edge=M22B-E007895; evidence=M22B-EVID-008068 || edge=M22B-E007896; evidence=M22B-EVID-008069 || edge=M22B-E007897; evidence=M22B-EVID-008070 || edge=M22B-E007898; evidence=M22B-EVID-008071 || edge=M22B-E007899; evidence=M22B-EVID-008072 || edge=M22B-E007900; evidence=M22B-EVID-008073 || edge=M22B-E007901; evidence=M22B-EVID-008074 || edge=M22B-E007902; evidence=M22B-EVID-008075 || edge=M22B-E007903; evidence=M22B-EVID-008076 || edge=M22B-E007904; evidence=M22B-EVID-008077 || edge=M22B-E007905; evidence=M22B-EVID-008078 || edge=M22B-E007906; evidence=M22B-EVID-008079 || edge=M22B-E007907; evidence=M22B-EVID-008080 || edge=M22B-E007908; evidence=M22B-EVID-008081 || edge=M22B-E007909; evidence=M22B-EVID-008082 || edge=M22B-E007910; evidence=M22B-EVID-008083 || edge=M22B-E007911; evidence=M22B-EVID-008084 || edge=M22B-E007912; evidence=M22B-EVID-008085 || edge=M22B-E007913; evidence=M22B-EVID-008086 || edge=M22B-E007914; evidence=M22B-EVID-008087 || edge=M22B-E007915; evidence=M22B-EVID-008088 || edge=M22B-E007916; evidence=M22B-EVID-008089 || edge=M22B-E007917; evidence=M22B-EVID-008090 || edge=M22B-E007918; evidence=M22B-EVID-008091 || edge=M22B-E007919; evidence=M22B-EVID-008092 || edge=M22B-E007920; evidence=M22B-EVID-008093 || edge=M22B-E007921; evidence=M22B-EVID-008094 || edge=M22B-E007922; evidence=M22B-EVID-008095 || edge=M22B-E007923; evidence=M22B-EVID-008096 || edge=M22B-E007924; evidence=M22B-EVID-008097 || edge=M22B-E007925; evidence=M22B-EVID-008098 || edge=M22B-E007926; evidence=M22B-EVID-008099 || edge=M22B-E007927; evidence=M22B-EVID-008100 || edge=M22B-E007928; evidence=M22B-EVID-008101 || edge=M22B-E007929; evidence=M22B-EVID-008102 || edge=M22B-E007930; evidence=M22B-EVID-008103 || edge=M22B-E007931; evidence=M22B-EVID-008104 || edge=M22B-E007932; evidence=M22B-EVID-008105 || edge=M22B-E007933; evidence=M22B-EVID-008106 || edge=M22B-E007934; evidence=M22B-EVID-008107 || edge=M22B-E007935; evidence=M22B-EVID-008108 || edge=M22B-E007936; evidence=M22B-EVID-008109 || edge=M22B-E007937; evidence=M22B-EVID-008110 || edge=M22B-E007938; evidence=M22B-EVID-008111 || edge=M22B-E009099; evidence=M22B-EVID-009272 || edge=M22B-E009100; evidence=M22B-EVID-009273 || edge=M22B-E009101; evidence=M22B-EVID-009274 || edge=M22B-E009102; evidence=M22B-EVID-009275 || edge=M22B-E009103; evidence=M22B-EVID-009276 || edge=M22B-E009104; evidence=M22B-EVID-009277 || edge=M22B-E009105; evidence=M22B-EVID-009278 || edge=M22B-E009106; evidence=M22B-EVID-009279 || edge=M22B-E009107; evidence=M22B-EVID-009280 || edge=M22B-E009108; evidence=M22B-EVID-009281 || edge=M22B-E009109; evidence=M22B-EVID-009282 || edge=M22B-E009110; evidence=M22B-EVID-009283 || edge=M22B-E009111; evidence=M22B-EVID-009284 || edge=M22B-E009112; evidence=M22B-EVID-009285 || edge=M22B-E009113; evidence=M22B-EVID-009286 || edge=M22B-E009114; evidence=M22B-EVID-009287 || edge=M22B-E009115; evidence=M22B-EVID-009288 || edge=M22B-E009116; evidence=M22B-EVID-009289 || edge=M22B-E009117; evidence=M22B-EVID-009290 || edge=M22B-E009118; evidence=M22B-EVID-009291 || edge=M22B-E009119; evidence=M22B-EVID-009292 || edge=M22B-E009120; evidence=M22B-EVID-009293 || edge=M22B-E009121; evidence=M22B-EVID-009294 || edge=M22B-E009122; evidence=M22B-EVID-009295 || edge=M22B-E009123; evidence=M22B-EVID-009296 || edge=M22B-E009124; evidence=M22B-EVID-009297 || edge=M22B-E009125; evidence=M22B-EVID-009298 || edge=M22B-E009126; evidence=M22B-EVID-009299 || edge=M22B-E009127; evidence=M22B-EVID-009300 || edge=M22B-E009128; evidence=M22B-EVID-009301 || edge=M22B-E009129; evidence=M22B-EVID-009302 || edge=M22B-E009130; evidence=M22B-EVID-009303 || edge=M22B-E009131; evidence=M22B-EVID-009304 || edge=M22B-E009132; evidence=M22B-EVID-009305 || edge=M22B-E009133; evidence=M22B-EVID-009306 || edge=M22B-E009134; evidence=M22B-EVID-009307 || edge=M22B-E009135; evidence=M22B-EVID-009308 || edge=M22B-E009136; evidence=M22B-EVID-009309 || edge=M22B-E009137; evidence=M22B-EVID-009310 || edge=M22B-E009138; evidence=M22B-EVID-009311 || edge=M22B-E009139; evidence=M22B-EVID-009312 || edge=M22B-E009140; evidence=M22B-EVID-009313 || edge=M22B-E009141; evidence=M22B-EVID-009314 || edge=M22B-E009142; evidence=M22B-EVID-009315 || edge=M22B-E009143; evidence=M22B-EVID-009316 || edge=M22B-E009144; evidence=M22B-EVID-009317 || edge=M22B-E009145; evidence=M22B-EVID-009318 || edge=M22B-E009146; evidence=M22B-EVID-009319 || edge=M22B-E009147; evidence=M22B-EVID-009320 || edge=M22B-E009148; evidence=M22B-EVID-009321 || edge=M22B-E009149; evidence=M22B-EVID-009322 || edge=M22B-E009150; evidence=M22B-EVID-009323 || edge=M22B-E009151; evidence=M22B-EVID-009324 || edge=M22B-E009152; evidence=M22B-EVID-009325 || edge=M22B-E009153; evidence=M22B-EVID-009326 || edge=M22B-E009154; evidence=M22B-EVID-009327 || edge=M22B-E009155; evidence=M22B-EVID-009328 || edge=M22B-E009156; evidence=M22B-EVID-009329 || edge=M22B-E009157; evidence=M22B-EVID-009330 || edge=M22B-E009158; evidence=M22B-EVID-009331 || edge=M22B-E009159; evidence=M22B-EVID-009332 || edge=M22B-E009160; evidence=M22B-EVID-009333 || edge=M22B-E009161; evidence=M22B-EVID-009334 || edge=M22B-E009162; evidence=M22B-EVID-009335 || edge=M22B-E009163; evidence=M22B-EVID-009336 || edge=M22B-E009164; evidence=M22B-EVID-009337 || edge=M22B-E009165; evidence=M22B-EVID-009338 || edge=M22B-E009166; evidence=M22B-EVID-009339 || edge=M22B-E009167; evidence=M22B-EVID-009340 || edge=M22B-E009168; evidence=M22B-EVID-009341 || edge=M22B-E009169; evidence=M22B-EVID-009342 || edge=M22B-E009170; evidence=M22B-EVID-009343 || edge=M22B-E009171; evidence=M22B-EVID-009344 || edge=M22B-E009172; evidence=M22B-EVID-009345 || edge=M22B-E009173; evidence=M22B-EVID-009346 || edge=M22B-E009174; evidence=M22B-EVID-009347 || edge=M22B-E009175; evidence=M22B-EVID-009348 || edge=M22B-E009176; evidence=M22B-EVID-009349 || edge=M22B-E009177; evidence=M22B-EVID-009350 || edge=M22B-E009178; evidence=M22B-EVID-009351 || edge=M22B-E009179; evidence=M22B-EVID-009352 || edge=M22B-E009180; evidence=M22B-EVID-009353 || edge=M22B-E009181; evidence=M22B-EVID-009354 || edge=M22B-E009182; evidence=M22B-EVID-009355 || edge=M22B-E009183; evidence=M22B-EVID-009356 || edge=M22B-E009184; evidence=M22B-EVID-009357 || edge=M22B-E009185; evidence=M22B-EVID-009358 || edge=M22B-E009186; evidence=M22B-EVID-009359 || edge=M22B-E009187; evidence=M22B-EVID-009360 || edge=M22B-E009188; evidence=M22B-EVID-009361 || edge=M22B-E009189; evidence=M22B-EVID-009362 || edge=M22B-E009190; evidence=M22B-EVID-009363 || edge=M22B-E009191; evidence=M22B-EVID-009364 || edge=M22B-E009192; evidence=M22B-EVID-009365 || edge=M22B-E009193; evidence=M22B-EVID-009366 || edge=M22B-E009194; evidence=M22B-EVID-009367 || edge=M22B-E009195; evidence=M22B-EVID-009368 || edge=M22B-E009196; evidence=M22B-EVID-009369 || edge=M22B-E009197; evidence=M22B-EVID-009370 || edge=M22B-E009198; evidence=M22B-EVID-009371 || edge=M22B-E009199; evidence=M22B-EVID-009372 || edge=M22B-E009200; evidence=M22B-EVID-009373 || edge=M22B-E009201; evidence=M22B-EVID-009374 || edge=M22B-E009202; evidence=M22B-EVID-009375 || edge=M22B-E009203; evidence=M22B-EVID-009376 || edge=M22B-E009204; evidence=M22B-EVID-009377 || edge=M22B-E009205; evidence=M22B-EVID-009378 || edge=M22B-E009206; evidence=M22B-EVID-009379 || edge=M22B-E009207; evidence=M22B-EVID-009380 || edge=M22B-E009208; evidence=M22B-EVID-009381 || edge=M22B-E009209; evidence=M22B-EVID-009382 || edge=M22B-E009210; evidence=M22B-EVID-009383 || edge=M22B-E009211; evidence=M22B-EVID-009384 || edge=M22B-E009212; evidence=M22B-EVID-009385 || edge=M22B-E009213; evidence=M22B-EVID-009386 || edge=M22B-E009214; evidence=M22B-EVID-009387 || edge=M22B-E009215; evidence=M22B-EVID-009388 || edge=M22B-E009216; evidence=M22B-EVID-009389 || edge=M22B-E009217; evidence=M22B-EVID-009390 || edge=M22B-E009218; evidence=M22B-EVID-009391 || edge=M22B-E009219; evidence=M22B-EVID-009392 || edge=M22B-E009220; evidence=M22B-EVID-009393 || edge=M22B-E009221; evidence=M22B-EVID-009394 || edge=M22B-E009222; evidence=M22B-EVID-009395 || edge=M22B-E009223; evidence=M22B-EVID-009396 || edge=M22B-E009224; evidence=M22B-EVID-009397 || edge=M22B-E009225; evidence=M22B-EVID-009398 || edge=M22B-E009226; evidence=M22B-EVID-009399 || edge=M22B-E009227; evidence=M22B-EVID-009400 || edge=M22B-E009228; evidence=M22B-EVID-009401 || edge=M22B-E009229; evidence=M22B-EVID-009402 || edge=M22B-E009230; evidence=M22B-EVID-009403 || edge=M22B-E009231; evidence=M22B-EVID-009404 || edge=M22B-E009232; evidence=M22B-EVID-009405 || edge=M22B-E009233; evidence=M22B-EVID-009406 || edge=M22B-E009234; evidence=M22B-EVID-009407 || edge=M22B-E009235; evidence=M22B-EVID-009408 || edge=M22B-E009236; evidence=M22B-EVID-009409 || edge=M22B-E009237; evidence=M22B-EVID-009410 || edge=M22B-E009238; evidence=M22B-EVID-009411 || edge=M22B-E009239; evidence=M22B-EVID-009412 || edge=M22B-E009240; evidence=M22B-EVID-009413 || edge=M22B-E009241; evidence=M22B-EVID-009414 || edge=M22B-E009242; evidence=M22B-EVID-009415 || edge=M22B-E009243; evidence=M22B-EVID-009416 || edge=M22B-E009244; evidence=M22B-EVID-009417 || edge=M22B-E009245; evidence=M22B-EVID-009418 || edge=M22B-E009246; evidence=M22B-EVID-009419 || edge=M22B-E009247; evidence=M22B-EVID-009420 || edge=M22B-E009248; evidence=M22B-EVID-009421 || edge=M22B-E009249; evidence=M22B-EVID-009422 || edge=M22B-E009250; evidence=M22B-EVID-009423 || edge=M22B-E009251; evidence=M22B-EVID-009424 || edge=M22B-E009252; evidence=M22B-EVID-009425 || edge=M22B-E009253; evidence=M22B-EVID-009426 || edge=M22B-E009254; evidence=M22B-EVID-009427 || edge=M22B-E009255; evidence=M22B-EVID-009428 || edge=M22B-E009256; evidence=M22B-EVID-009429 || edge=M22B-E009257; evidence=M22B-EVID-009430 || edge=M22B-E009258; evidence=M22B-EVID-009431 || edge=M22B-E009259; evidence=M22B-EVID-009432 || edge=M22B-E009260; evidence=M22B-EVID-009433 || edge=M22B-E009261; evidence=M22B-EVID-009434 || edge=M22B-E009262; evidence=M22B-EVID-009435 || edge=M22B-E009263; evidence=M22B-EVID-009436 || edge=M22B-E009264; evidence=M22B-EVID-009437 || edge=M22B-E009265; evidence=M22B-EVID-009438 || edge=M22B-E009266; evidence=M22B-EVID-009439 || edge=M22B-E009267; evidence=M22B-EVID-009440 || edge=M22B-E009268; evidence=M22B-EVID-009441 || edge=M22B-E009269; evidence=M22B-EVID-009442 || edge=M22B-E009270; evidence=M22B-EVID-009443 || edge=M22B-E009271; evidence=M22B-EVID-009444 || edge=M22B-E009272; evidence=M22B-EVID-009445 || edge=M22B-E009273; evidence=M22B-EVID-009446 || edge=M22B-E009274; evidence=M22B-EVID-009447 || edge=M22B-E009275; evidence=M22B-EVID-009448 || edge=M22B-E009276; evidence=M22B-EVID-009449 || edge=M22B-E009277; evidence=M22B-EVID-009450 || edge=M22B-E009278; evidence=M22B-EVID-009451 || edge=M22B-E009279; evidence=M22B-EVID-009452 || edge=M22B-E009280; evidence=M22B-EVID-009453 || edge=M22B-E009281; evidence=M22B-EVID-009454 || edge=M22B-E009282; evidence=M22B-EVID-009455 || edge=M22B-E009283; evidence=M22B-EVID-009456 || edge=M22B-E009284; evidence=M22B-EVID-009457 || edge=M22B-E009285; evidence=M22B-EVID-009458 || edge=M22B-E009286; evidence=M22B-EVID-009459 || edge=M22B-E009287; evidence=M22B-EVID-009460 || edge=M22B-E009288; evidence=M22B-EVID-009461 || edge=M22B-E009289; evidence=M22B-EVID-009462 || edge=M22B-E009290; evidence=M22B-EVID-009463 || edge=M22B-E009291; evidence=M22B-EVID-009464 || edge=M22B-E009292; evidence=M22B-EVID-009465 || edge=M22B-E009293; evidence=M22B-EVID-009466 || edge=M22B-E009294; evidence=M22B-EVID-009467 || edge=M22B-E009295; evidence=M22B-EVID-009468 || edge=M22B-E009296; evidence=M22B-EVID-009469 || edge=M22B-E009297; evidence=M22B-EVID-009470 || edge=M22B-E009298; evidence=M22B-EVID-009471 || edge=M22B-E009299; evidence=M22B-EVID-009472 || edge=M22B-E009300; evidence=M22B-EVID-009473 || edge=M22B-E009301; evidence=M22B-EVID-009474 || edge=M22B-E009302; evidence=M22B-EVID-009475 || edge=M22B-E009303; evidence=M22B-EVID-009476 || edge=M22B-E009304; evidence=M22B-EVID-009477 || edge=M22B-E009305; evidence=M22B-EVID-009478 || edge=M22B-E009306; evidence=M22B-EVID-009479 || edge=M22B-E009307; evidence=M22B-EVID-009480 || edge=M22B-E009308; evidence=M22B-EVID-009481 || edge=M22B-E009309; evidence=M22B-EVID-009482 || edge=M22B-E009310; evidence=M22B-EVID-009483 || edge=M22B-E009311; evidence=M22B-EVID-009484 || edge=M22B-E009312; evidence=M22B-EVID-009485 || edge=M22B-E009313; evidence=M22B-EVID-009486 || edge=M22B-E009314; evidence=M22B-EVID-009487 || edge=M22B-E009315; evidence=M22B-EVID-009488 || edge=M22B-E009316; evidence=M22B-EVID-009489 || edge=M22B-E009317; evidence=M22B-EVID-009490 || edge=M22B-E009318; evidence=M22B-EVID-009491 || edge=M22B-E009319; evidence=M22B-EVID-009492 || edge=M22B-E009320; evidence=M22B-EVID-009493 || edge=M22B-E009321; evidence=M22B-EVID-009494 || edge=M22B-E009322; evidence=M22B-EVID-009495 || edge=M22B-E009323; evidence=M22B-EVID-009496 || edge=M22B-E009324; evidence=M22B-EVID-009497 || edge=M22B-E009325; evidence=M22B-EVID-009498 || edge=M22B-E009326; evidence=M22B-EVID-009499 || edge=M22B-E009327; evidence=M22B-EVID-009500 || edge=M22B-E009328; evidence=M22B-EVID-009501 || edge=M22B-E009329; evidence=M22B-EVID-009502 || edge=M22B-E009330; evidence=M22B-EVID-009503 || edge=M22B-E009331; evidence=M22B-EVID-009504 || edge=M22B-E009332; evidence=M22B-EVID-009505 || edge=M22B-E009333; evidence=M22B-EVID-009506 || edge=M22B-E009334; evidence=M22B-EVID-009507 || edge=M22B-E009335; evidence=M22B-EVID-009508 || edge=M22B-E009336; evidence=M22B-EVID-009509 || edge=M22B-E009337; evidence=M22B-EVID-009510 || edge=M22B-E009338; evidence=M22B-EVID-009511 || edge=M22B-E009339; evidence=M22B-EVID-009512 || edge=M22B-E009340; evidence=M22B-EVID-009513 || edge=M22B-E009341; evidence=M22B-EVID-009514 || edge=M22B-E009342; evidence=M22B-EVID-009515 || edge=M22B-E009343; evidence=M22B-EVID-009516 || edge=M22B-E009344; evidence=M22B-EVID-009517 || edge=M22B-E009345; evidence=M22B-EVID-009518 || edge=M22B-E009346; evidence=M22B-EVID-009519 || edge=M22B-E009347; evidence=M22B-EVID-009520 || edge=M22B-E009348; evidence=M22B-EVID-009521 || edge=M22B-E009349; evidence=M22B-EVID-009522 || edge=M22B-E009350; evidence=M22B-EVID-009523 || edge=M22B-E009351; evidence=M22B-EVID-009524 || edge=M22B-E009352; evidence=M22B-EVID-009525 || edge=M22B-E009353; evidence=M22B-EVID-009526 || edge=M22B-E009354; evidence=M22B-EVID-009527 || edge=M22B-E009355; evidence=M22B-EVID-009528 || edge=M22B-E009356; evidence=M22B-EVID-009529 || edge=M22B-E009357; evidence=M22B-EVID-009530 || edge=M22B-E009358; evidence=M22B-EVID-009531 || edge=M22B-E009359; evidence=M22B-EVID-009532 || edge=M22B-E009607; evidence=M22B-EVID-009780 || edge=M22B-E009608; evidence=M22B-EVID-009781 || edge=M22B-E009609; evidence=M22B-EVID-009782 || edge=M22B-E009610; evidence=M22B-EVID-009783 || edge=M22B-E009611; evidence=M22B-EVID-009784 || edge=M22B-E009612; evidence=M22B-EVID-009785 || edge=M22B-E009613; evidence=M22B-EVID-009786 || edge=M22B-E009614; evidence=M22B-EVID-009787 || edge=M22B-E009615; evidence=M22B-EVID-009788 || edge=M22B-E009616; evidence=M22B-EVID-009789 || edge=M22B-E009617; evidence=M22B-EVID-009790 || edge=M22B-E009618; evidence=M22B-EVID-009791 || edge=M22B-E009619; evidence=M22B-EVID-009792 || edge=M22B-E009620; evidence=M22B-EVID-009793 || edge=M22B-E010129; evidence=M22B-EVID-010302 || edge=M22B-E010265; evidence=M22B-EVID-010438 || edge=M22B-E010413; evidence=M22B-EVID-010585 || edge=M22B-E010420; evidence=M22B-EVID-010592
NODE09913	signaling_cascade	module20_24_export	Node participates in at least one evidence-gated exported mechanism edge.
NODE09914	signaling_cascade	module20_24_export	Node participates in at least one evidence-gated exported mechanism edge.
NODE09915	signaling_cascade	module20_24_export	Node participates in at least one evidence-gated exported mechanism edge.
NODE09916	signaling_cascade	module20_24_export	Node participates in at least one evidence-gated exported mechanism edge.
NODE09917	signaling_cascade	module20_24_export	Node participates in at least one evidence-gated exported mechanism edge.
NODE09918	signaling_cascade	module20_24_export	Node participates in at least one evidence-gated exported mechanism edge.
NODE09919	signaling_cascade	module20_24_export	Node participates in at least one evidence-gated exported mechanism edge.
NODE09920	signaling_cascade	module20_24_export	Node participates in at least one evidence-gated exported mechanism edge.
NODE09921	signaling_cascade	module20_24_export	Node participates in at least one evidence-gated exported mechanism edge.
NODE09922	signaling_cascade	module20_24_export	Node participates in at least one evidence-gated exported mechanism edge.
NODE09923	signaling_cascade	module20_24_export	Node participates in at least one evidence-gated exported mechanism edge.
NODE09924	signaling_cascade	module20_24_export	Node participates in at least one evidence-gated exported mechanism edge.
NODE09924	target_gene	register_target_gene_layer	edge=M22B-E007918; evidence=M22B-EVID-008091
NODE09925	signaling_cascade	module20_24_export	Node participates in at least one evidence-gated exported mechanism edge.
NODE09926	signaling_cascade	module20_24_export	Node participates in at least one evidence-gated exported mechanism edge.
NODE09927	signaling_cascade	module20_24_export	Node participates in at least one evidence-gated exported mechanism edge.
NODE09928	signaling_cascade	module20_24_export	Node participates in at least one evidence-gated exported mechanism edge.
NODE09929	signaling_cascade	module20_24_export	Node participates in at least one evidence-gated exported mechanism edge.
NODE09929	target_gene	register_target_gene_layer	edge=M22B-E007919; evidence=M22B-EVID-008092
NODE09930	signaling_cascade	module20_24_export	Node participates in at least one evidence-gated exported mechanism edge.
NODE09931	signaling_cascade	module20_24_export	Node participates in at least one evidence-gated exported mechanism edge.
NODE09931	target_gene	register_target_gene_layer	edge=M22B-E007920; evidence=M22B-EVID-008093
NODE09932	signaling_cascade	module20_24_export	Node participates in at least one evidence-gated exported mechanism edge.
NODE09932	target_gene	register_target_gene_layer	edge=M22B-E007921; evidence=M22B-EVID-008094
NODE09933	signaling_cascade	module20_24_export	Node participates in at least one evidence-gated exported mechanism edge.
NODE09933	target_gene	register_target_gene_layer	edge=M22B-E007922; evidence=M22B-EVID-008095 || edge=M22B-E009347; evidence=M22B-EVID-009520
NODE09933	transcription_factor	register_target_gene_layer	edge=M22B-E010264; evidence=M22B-EVID-010437 || edge=M22B-E010348; evidence=M22B-EVID-010520
NODE09934	signaling_cascade	module20_24_export	Node participates in at least one evidence-gated exported mechanism edge.
NODE09934	target_gene	register_target_gene_layer	edge=M22B-E005971; evidence=M22B-EVID-006144 || edge=M22B-E007923; evidence=M22B-EVID-008096 || edge=M22B-E008132; evidence=M22B-EVID-008305 || edge=M22B-E009348; evidence=M22B-EVID-009521 || edge=M22B-E009507; evidence=M22B-EVID-009680
NODE09935	signaling_cascade	module20_24_export	Node participates in at least one evidence-gated exported mechanism edge.
NODE09936	signaling_cascade	module20_24_export	Node participates in at least one evidence-gated exported mechanism edge.
NODE09937	signaling_cascade	module20_24_export	Node participates in at least one evidence-gated exported mechanism edge.
NODE09938	signaling_cascade	module20_24_export	Node participates in at least one evidence-gated exported mechanism edge.
NODE09939	signaling_cascade	module20_24_export	Node participates in at least one evidence-gated exported mechanism edge.
NODE09939	target_gene	register_target_gene_layer	edge=M22B-E007331; evidence=M22B-EVID-007504
NODE09940	signaling_cascade	module20_24_export	Node participates in at least one evidence-gated exported mechanism edge.
NODE09940	target_gene	register_target_gene_layer	edge=M22B-E006943; evidence=M22B-EVID-007116
NODE09941	signaling_cascade	module20_24_export	Node participates in at least one evidence-gated exported mechanism edge.
NODE09941	target_gene	register_target_gene_layer	edge=M22B-E007332; evidence=M22B-EVID-007505
NODE09942	signaling_cascade	module20_24_export	Node participates in at least one evidence-gated exported mechanism edge.
NODE09942	target_gene	register_target_gene_layer	edge=M22B-E005972; evidence=M22B-EVID-006145 || edge=M22B-E008133; evidence=M22B-EVID-008306
NODE09943	signaling_cascade	module20_24_export	Node participates in at least one evidence-gated exported mechanism edge.
NODE09944	signaling_cascade	module20_24_export	Node participates in at least one evidence-gated exported mechanism edge.
NODE09944	target_gene	register_target_gene_layer	edge=M22B-E009705; evidence=M22B-EVID-009878
NODE09945	signaling_cascade	module20_24_export	Node participates in at least one evidence-gated exported mechanism edge.
NODE09946	signaling_cascade	module20_24_export	Node participates in at least one evidence-gated exported mechanism edge.
NODE09946	target_gene	register_target_gene_layer	edge=M22B-E009895; evidence=M22B-EVID-010068
NODE09947	signaling_cascade	module20_24_export	Node participates in at least one evidence-gated exported mechanism edge.
NODE09947	target_gene	register_target_gene_layer	edge=M22B-E006128; evidence=M22B-EVID-006301
NODE09948	signaling_cascade	module20_24_export	Node participates in at least one evidence-gated exported mechanism edge.
NODE09949	signaling_cascade	module20_24_export	Node participates in at least one evidence-gated exported mechanism edge.
NODE09950	signaling_cascade	module20_24_export	Node participates in at least one evidence-gated exported mechanism edge.
NODE09951	signaling_cascade	module20_24_export	Node participates in at least one evidence-gated exported mechanism edge.
NODE09952	signaling_cascade	module20_24_export	Node participates in at least one evidence-gated exported mechanism edge.
NODE09952	target_gene	register_target_gene_layer	edge=M22B-E006985; evidence=M22B-EVID-007158 || edge=M22B-E009098; evidence=M22B-EVID-009271
NODE09953	signaling_cascade	module20_24_export	Node participates in at least one evidence-gated exported mechanism edge.
NODE09954	signaling_cascade	module20_24_export	Node participates in at least one evidence-gated exported mechanism edge.
NODE09955	signaling_cascade	module20_24_export	Node participates in at least one evidence-gated exported mechanism edge.
NODE09956	signaling_cascade	module20_24_export	Node participates in at least one evidence-gated exported mechanism edge.
NODE09957	signaling_cascade	module20_24_export	Node participates in at least one evidence-gated exported mechanism edge.
NODE09958	signaling_cascade	module20_24_export	Node participates in at least one evidence-gated exported mechanism edge.
NODE09959	signaling_cascade	module20_24_export	Node participates in at least one evidence-gated exported mechanism edge.
NODE09960	signaling_cascade	module20_24_export	Node participates in at least one evidence-gated exported mechanism edge.
NODE09961	signaling_cascade	module20_24_export	Node participates in at least one evidence-gated exported mechanism edge.
NODE09962	signaling_cascade	module20_24_export	Node participates in at least one evidence-gated exported mechanism edge.
NODE09962	target_gene	register_target_gene_layer	edge=M22B-E007924; evidence=M22B-EVID-008097 || edge=M22B-E009349; evidence=M22B-EVID-009522
NODE09963	signaling_cascade	module20_24_export	Node participates in at least one evidence-gated exported mechanism edge.
NODE09964	signaling_cascade	module20_24_export	Node participates in at least one evidence-gated exported mechanism edge.
NODE09965	signaling_cascade	module20_24_export	Node participates in at least one evidence-gated exported mechanism edge.
NODE09966	signaling_cascade	module20_24_export	Node participates in at least one evidence-gated exported mechanism edge.
NODE09967	signaling_cascade	module20_24_export	Node participates in at least one evidence-gated exported mechanism edge.
NODE09968	signaling_cascade	module20_24_export	Node participates in at least one evidence-gated exported mechanism edge.
NODE09969	signaling_cascade	module20_24_export	Node participates in at least one evidence-gated exported mechanism edge.
NODE09970	signaling_cascade	module20_24_export	Node participates in at least one evidence-gated exported mechanism edge.
NODE09971	signaling_cascade	module20_24_export	Node participates in at least one evidence-gated exported mechanism edge.
NODE09972	signaling_cascade	module20_24_export	Node participates in at least one evidence-gated exported mechanism edge.
NODE09973	signaling_cascade	module20_24_export	Node participates in at least one evidence-gated exported mechanism edge.
NODE09974	signaling_cascade	module20_24_export	Node participates in at least one evidence-gated exported mechanism edge.
NODE09975	signaling_cascade	module20_24_export	Node participates in at least one evidence-gated exported mechanism edge.
NODE09975	target_gene	register_target_gene_layer	edge=M22B-E006944; evidence=M22B-EVID-007117 || edge=M22B-E009064; evidence=M22B-EVID-009237
NODE09976	signaling_cascade	module20_24_export	Node participates in at least one evidence-gated exported mechanism edge.
NODE09977	signaling_cascade	module20_24_export	Node participates in at least one evidence-gated exported mechanism edge.
NODE09978	signaling_cascade	module20_24_export	Node participates in at least one evidence-gated exported mechanism edge.
NODE09978	target_gene	register_target_gene_layer	edge=M22B-E006129; evidence=M22B-EVID-006302
NODE09979	signaling_cascade	module20_24_export	Node participates in at least one evidence-gated exported mechanism edge.
NODE09980	signaling_cascade	module20_24_export	Node participates in at least one evidence-gated exported mechanism edge.
NODE09981	signaling_cascade	module20_24_export	Node participates in at least one evidence-gated exported mechanism edge.
NODE09982	signaling_cascade	module20_24_export	Node participates in at least one evidence-gated exported mechanism edge.
NODE09983	receptor	register_ligand_receptor_layer	edge=M20B-E004502; evidence=M20B-EVID-004502;M20B-EVID-004502-P2-DIRECT;M20B-EVID-004502-P2-FUNC;M20B-EVID-004502-P2-RELAY
NODE09983	signaling_cascade	module20_24_export	Node participates in at least one evidence-gated exported mechanism edge.
NODE09984	signaling_cascade	module20_24_export	Node participates in at least one evidence-gated exported mechanism edge.
NODE09985	receptor	register_ligand_receptor_layer	edge=M20B-E002612; evidence=M20B-EVID-002612 || edge=M20B-E002631; evidence=M20B-EVID-002631 || edge=M24B-E000003; evidence=M24B-EVID-000002;M24B-EVID-000049
NODE09985	signaling_cascade	module20_24_export	Node participates in at least one evidence-gated exported mechanism edge.
NODE09985	target_gene	register_target_gene_layer	edge=M22B-E010594; evidence=M22B-EVID-010690
NODE09986	signaling_cascade	module20_24_export	Node participates in at least one evidence-gated exported mechanism edge.
NODE09987	signaling_cascade	module20_24_export	Node participates in at least one evidence-gated exported mechanism edge.
NODE09988	signaling_cascade	module20_24_export	Node participates in at least one evidence-gated exported mechanism edge.
NODE09989	ligand	register_ligand_receptor_layer	edge=M20B-E005135; evidence=M20B-EVID-005135;M20B-EVID-005135-P2-FUNC;M20B-EVID-005135-P2-RELAY || edge=M20B-E005136; evidence=M20B-EVID-005136;M20B-EVID-005136-P2-FUNC
NODE09989	signaling_cascade	module20_24_export	Node participates in at least one evidence-gated exported mechanism edge.
NODE09990	ligand	register_ligand_receptor_layer	edge=M20B-E005137; evidence=M20B-EVID-005137
NODE09990	signaling_cascade	module20_24_export	Node participates in at least one evidence-gated exported mechanism edge.
NODE09991	receptor	register_ligand_receptor_layer	edge=M20B-E005137; evidence=M20B-EVID-005137
NODE09991	signaling_cascade	module20_24_export	Node participates in at least one evidence-gated exported mechanism edge.
NODE09992	signaling_cascade	module20_24_export	Node participates in at least one evidence-gated exported mechanism edge.
NODE09993	signaling_cascade	module20_24_export	Node participates in at least one evidence-gated exported mechanism edge.
NODE09994	signaling_cascade	module20_24_export	Node participates in at least one evidence-gated exported mechanism edge.
NODE09995	signaling_cascade	module20_24_export	Node participates in at least one evidence-gated exported mechanism edge.
NODE09996	signaling_cascade	module20_24_export	Node participates in at least one evidence-gated exported mechanism edge.
NODE09997	signaling_cascade	module20_24_export	Node participates in at least one evidence-gated exported mechanism edge.
NODE09997	target_gene	register_target_gene_layer	edge=M22B-E007925; evidence=M22B-EVID-008098 || edge=M22B-E009350; evidence=M22B-EVID-009523
NODE09998	signaling_cascade	module20_24_export	Node participates in at least one evidence-gated exported mechanism edge.
NODE09998	target_gene	register_target_gene_layer	edge=M22B-E006945; evidence=M22B-EVID-007118 || edge=M22B-E009065; evidence=M22B-EVID-009238
NODE09999	signaling_cascade	module20_24_export	Node participates in at least one evidence-gated exported mechanism edge.
NODE10000	signaling_cascade	module20_24_export	Node participates in at least one evidence-gated exported mechanism edge.
NODE10001	signaling_cascade	module20_24_export	Node participates in at least one evidence-gated exported mechanism edge.
NODE10002	signaling_cascade	module20_24_export	Node participates in at least one evidence-gated exported mechanism edge.
NODE10003	signaling_cascade	module20_24_export	Node participates in at least one evidence-gated exported mechanism edge.
NODE10004	signaling_cascade	module20_24_export	Node participates in at least one evidence-gated exported mechanism edge.
NODE10005	signaling_cascade	module20_24_export	Node participates in at least one evidence-gated exported mechanism edge.
NODE10006	signaling_cascade	module20_24_export	Node participates in at least one evidence-gated exported mechanism edge.
NODE10006	target_gene	register_target_gene_layer	edge=M22B-E007926; evidence=M22B-EVID-008099
NODE10007	signaling_cascade	module20_24_export	Node participates in at least one evidence-gated exported mechanism edge.
NODE10007	target_gene	register_target_gene_layer	edge=M22B-E007569; evidence=M22B-EVID-007742
NODE10008	signaling_cascade	module20_24_export	Node participates in at least one evidence-gated exported mechanism edge.
NODE10009	signaling_cascade	module20_24_export	Node participates in at least one evidence-gated exported mechanism edge.
NODE10010	signaling_cascade	module20_24_export	Node participates in at least one evidence-gated exported mechanism edge.
NODE10011	signaling_cascade	module20_24_export	Node participates in at least one evidence-gated exported mechanism edge.
NODE10012	signaling_cascade	module20_24_export	Node participates in at least one evidence-gated exported mechanism edge.
NODE10013	signaling_cascade	module20_24_export	Node participates in at least one evidence-gated exported mechanism edge.
NODE10014	signaling_cascade	module20_24_export	Node participates in at least one evidence-gated exported mechanism edge.
NODE10015	signaling_cascade	module20_24_export	Node participates in at least one evidence-gated exported mechanism edge.
NODE10016	signaling_cascade	module20_24_export	Node participates in at least one evidence-gated exported mechanism edge.
NODE10017	signaling_cascade	module20_24_export	Node participates in at least one evidence-gated exported mechanism edge.
NODE10018	signaling_cascade	module20_24_export	Node participates in at least one evidence-gated exported mechanism edge.
NODE10019	signaling_cascade	module20_24_export	Node participates in at least one evidence-gated exported mechanism edge.
NODE10020	signaling_cascade	module20_24_export	Node participates in at least one evidence-gated exported mechanism edge.
NODE10021	signaling_cascade	module20_24_export	Node participates in at least one evidence-gated exported mechanism edge.
NODE10022	signaling_cascade	module20_24_export	Node participates in at least one evidence-gated exported mechanism edge.
NODE10023	signaling_cascade	module20_24_export	Node participates in at least one evidence-gated exported mechanism edge.
NODE10024	signaling_cascade	module20_24_export	Node participates in at least one evidence-gated exported mechanism edge.
NODE10025	signaling_cascade	module20_24_export	Node participates in at least one evidence-gated exported mechanism edge.
NODE10026	signaling_cascade	module20_24_export	Node participates in at least one evidence-gated exported mechanism edge.
NODE10026	target_gene	register_target_gene_layer	edge=M22B-E009668; evidence=M22B-EVID-009841 || edge=M22B-E009770; evidence=M22B-EVID-009943 || edge=M22B-E009794; evidence=M22B-EVID-009967 || edge=M22B-E009911; evidence=M22B-EVID-010084
NODE10027	signaling_cascade	module20_24_export	Node participates in at least one evidence-gated exported mechanism edge.
NODE10027	target_gene	register_target_gene_layer	edge=M22B-E009351; evidence=M22B-EVID-009524
NODE10028	signaling_cascade	module20_24_export	Node participates in at least one evidence-gated exported mechanism edge.
NODE10028	transcription_factor	register_target_gene_layer	edge=M22B-E010181; evidence=M22B-EVID-010354
NODE10029	signaling_cascade	module20_24_export	Node participates in at least one evidence-gated exported mechanism edge.
NODE10029	target_gene	register_target_gene_layer	edge=M22B-E009669; evidence=M22B-EVID-009842
NODE10030	signaling_cascade	module20_24_export	Node participates in at least one evidence-gated exported mechanism edge.
NODE10031	signaling_cascade	module20_24_export	Node participates in at least one evidence-gated exported mechanism edge.
NODE10032	signaling_cascade	module20_24_export	Node participates in at least one evidence-gated exported mechanism edge.
NODE10033	signaling_cascade	module20_24_export	Node participates in at least one evidence-gated exported mechanism edge.
NODE10034	signaling_cascade	module20_24_export	Node participates in at least one evidence-gated exported mechanism edge.
NODE10035	signaling_cascade	module20_24_export	Node participates in at least one evidence-gated exported mechanism edge.
NODE10036	signaling_cascade	module20_24_export	Node participates in at least one evidence-gated exported mechanism edge.
NODE10037	signaling_cascade	module20_24_export	Node participates in at least one evidence-gated exported mechanism edge.
NODE10037	target_gene	register_target_gene_layer	edge=M22B-E010374; evidence=M22B-EVID-010546 || edge=M22B-E010375; evidence=M22B-EVID-010547
NODE10038	signaling_cascade	module20_24_export	Node participates in at least one evidence-gated exported mechanism edge.
NODE10039	signaling_cascade	module20_24_export	Node participates in at least one evidence-gated exported mechanism edge.
NODE10040	signaling_cascade	module20_24_export	Node participates in at least one evidence-gated exported mechanism edge.
NODE10041	signaling_cascade	module20_24_export	Node participates in at least one evidence-gated exported mechanism edge.
NODE10042	signaling_cascade	module20_24_export	Node participates in at least one evidence-gated exported mechanism edge.
NODE10043	signaling_cascade	module20_24_export	Node participates in at least one evidence-gated exported mechanism edge.
NODE10044	signaling_cascade	module20_24_export	Node participates in at least one evidence-gated exported mechanism edge.
NODE10045	signaling_cascade	module20_24_export	Node participates in at least one evidence-gated exported mechanism edge.
NODE10046	signaling_cascade	module20_24_export	Node participates in at least one evidence-gated exported mechanism edge.
NODE10047	signaling_cascade	module20_24_export	Node participates in at least one evidence-gated exported mechanism edge.
NODE10048	signaling_cascade	module20_24_export	Node participates in at least one evidence-gated exported mechanism edge.
NODE10049	signaling_cascade	module20_24_export	Node participates in at least one evidence-gated exported mechanism edge.
NODE10050	signaling_cascade	module20_24_export	Node participates in at least one evidence-gated exported mechanism edge.
NODE10051	signaling_cascade	module20_24_export	Node participates in at least one evidence-gated exported mechanism edge.
NODE10052	signaling_cascade	module20_24_export	Node participates in at least one evidence-gated exported mechanism edge.
NODE10053	signaling_cascade	module20_24_export	Node participates in at least one evidence-gated exported mechanism edge.
NODE10054	signaling_cascade	module20_24_export	Node participates in at least one evidence-gated exported mechanism edge.
NODE10055	signaling_cascade	module20_24_export	Node participates in at least one evidence-gated exported mechanism edge.
NODE10055	target_gene	register_target_gene_layer	edge=M22B-E006946; evidence=M22B-EVID-007119 || edge=M22B-E007927; evidence=M22B-EVID-008100
NODE10056	signaling_cascade	module20_24_export	Node participates in at least one evidence-gated exported mechanism edge.
NODE10057	signaling_cascade	module20_24_export	Node participates in at least one evidence-gated exported mechanism edge.
NODE10058	signaling_cascade	module20_24_export	Node participates in at least one evidence-gated exported mechanism edge.
NODE10058	target_gene	register_target_gene_layer	edge=M22B-E010084; evidence=M22B-EVID-010257
NODE10059	signaling_cascade	module20_24_export	Node participates in at least one evidence-gated exported mechanism edge.
NODE10060	signaling_cascade	module20_24_export	Node participates in at least one evidence-gated exported mechanism edge.
NODE10061	signaling_cascade	module20_24_export	Node participates in at least one evidence-gated exported mechanism edge.
NODE10062	signaling_cascade	module20_24_export	Node participates in at least one evidence-gated exported mechanism edge.
NODE10063	signaling_cascade	module20_24_export	Node participates in at least one evidence-gated exported mechanism edge.
NODE10064	signaling_cascade	module20_24_export	Node participates in at least one evidence-gated exported mechanism edge.
NODE10065	signaling_cascade	module20_24_export	Node participates in at least one evidence-gated exported mechanism edge.
NODE10066	signaling_cascade	module20_24_export	Node participates in at least one evidence-gated exported mechanism edge.
NODE10067	receptor	register_ligand_receptor_layer	edge=M20B-E003717; evidence=M20B-EVID-003717 || edge=M20B-E003718; evidence=M20B-EVID-003718
NODE10067	signaling_cascade	module20_24_export	Node participates in at least one evidence-gated exported mechanism edge.
NODE10067	target_gene	register_target_gene_layer	edge=M22B-E010542; evidence=M22B-EVID-010651 || edge=M22B-E010543; evidence=M22B-EVID-010651 || edge=M22B-E010689; evidence=M22B-EVID-010782
NODE10068	signaling_cascade	module20_24_export	Node participates in at least one evidence-gated exported mechanism edge.
NODE10069	signaling_cascade	module20_24_export	Node participates in at least one evidence-gated exported mechanism edge.
NODE10069	target_gene	register_target_gene_layer	edge=M22B-E009781; evidence=M22B-EVID-009954
NODE10070	signaling_cascade	module20_24_export	Node participates in at least one evidence-gated exported mechanism edge.
NODE10071	ligand	register_ligand_receptor_layer	edge=M20B-E005163; evidence=M20B-EVID-005163
NODE10071	signaling_cascade	module20_24_export	Node participates in at least one evidence-gated exported mechanism edge.
NODE10072	signaling_cascade	module20_24_export	Node participates in at least one evidence-gated exported mechanism edge.
NODE10073	signaling_cascade	module20_24_export	Node participates in at least one evidence-gated exported mechanism edge.
NODE10074	signaling_cascade	module20_24_export	Node participates in at least one evidence-gated exported mechanism edge.
NODE10075	signaling_cascade	module20_24_export	Node participates in at least one evidence-gated exported mechanism edge.
NODE10076	signaling_cascade	module20_24_export	Node participates in at least one evidence-gated exported mechanism edge.
NODE10077	signaling_cascade	module20_24_export	Node participates in at least one evidence-gated exported mechanism edge.
NODE10078	signaling_cascade	module20_24_export	Node participates in at least one evidence-gated exported mechanism edge.
NODE10079	signaling_cascade	module20_24_export	Node participates in at least one evidence-gated exported mechanism edge.
NODE10080	signaling_cascade	module20_24_export	Node participates in at least one evidence-gated exported mechanism edge.
NODE10081	signaling_cascade	module20_24_export	Node participates in at least one evidence-gated exported mechanism edge.
NODE10082	signaling_cascade	module20_24_export	Node participates in at least one evidence-gated exported mechanism edge.
NODE10083	signaling_cascade	module20_24_export	Node participates in at least one evidence-gated exported mechanism edge.
NODE10084	signaling_cascade	module20_24_export	Node participates in at least one evidence-gated exported mechanism edge.
NODE10085	signaling_cascade	module20_24_export	Node participates in at least one evidence-gated exported mechanism edge.
NODE10086	signaling_cascade	module20_24_export	Node participates in at least one evidence-gated exported mechanism edge.
NODE10087	signaling_cascade	module20_24_export	Node participates in at least one evidence-gated exported mechanism edge.
NODE10087	target_gene	register_target_gene_layer	edge=M22B-E010683; evidence=M22B-EVID-010776
NODE10088	signaling_cascade	module20_24_export	Node participates in at least one evidence-gated exported mechanism edge.
NODE10089	signaling_cascade	module20_24_export	Node participates in at least one evidence-gated exported mechanism edge.
NODE10090	signaling_cascade	module20_24_export	Node participates in at least one evidence-gated exported mechanism edge.
NODE10091	signaling_cascade	module20_24_export	Node participates in at least one evidence-gated exported mechanism edge.
NODE10092	signaling_cascade	module20_24_export	Node participates in at least one evidence-gated exported mechanism edge.
NODE10092	target_gene	register_target_gene_layer	edge=M22B-E006130; evidence=M22B-EVID-006303 || edge=M22B-E008279; evidence=M22B-EVID-008452
NODE10093	signaling_cascade	module20_24_export	Node participates in at least one evidence-gated exported mechanism edge.
NODE10094	signaling_cascade	module20_24_export	Node participates in at least one evidence-gated exported mechanism edge.
NODE10095	signaling_cascade	module20_24_export	Node participates in at least one evidence-gated exported mechanism edge.
NODE10096	signaling_cascade	module20_24_export	Node participates in at least one evidence-gated exported mechanism edge.
NODE10096	target_gene	register_target_gene_layer	edge=M22B-E006440; evidence=M22B-EVID-006613 || edge=M22B-E008591; evidence=M22B-EVID-008764
NODE10097	signaling_cascade	module20_24_export	Node participates in at least one evidence-gated exported mechanism edge.
NODE10097	target_gene	register_target_gene_layer	edge=M22B-E006947; evidence=M22B-EVID-007120 || edge=M22B-E009066; evidence=M22B-EVID-009239
NODE10098	signaling_cascade	module20_24_export	Node participates in at least one evidence-gated exported mechanism edge.
NODE10099	signaling_cascade	module20_24_export	Node participates in at least one evidence-gated exported mechanism edge.
NODE10100	ligand	register_ligand_receptor_layer	edge=M23B-E000127; evidence=M23B-EVID-000195
NODE10100	signaling_cascade	module20_24_export	Node participates in at least one evidence-gated exported mechanism edge.
NODE10101	signaling_cascade	module20_24_export	Node participates in at least one evidence-gated exported mechanism edge.
NODE10102	signaling_cascade	module20_24_export	Node participates in at least one evidence-gated exported mechanism edge.
NODE10103	signaling_cascade	module20_24_export	Node participates in at least one evidence-gated exported mechanism edge.
NODE10103	target_gene	register_target_gene_layer	edge=M22B-E006441; evidence=M22B-EVID-006614 || edge=M22B-E008592; evidence=M22B-EVID-008765 || edge=M22B-E009934; evidence=M22B-EVID-010107 || edge=M22B-E009980; evidence=M22B-EVID-010153
NODE10104	signaling_cascade	module20_24_export	Node participates in at least one evidence-gated exported mechanism edge.
NODE10105	signaling_cascade	module20_24_export	Node participates in at least one evidence-gated exported mechanism edge.
NODE10106	signaling_cascade	module20_24_export	Node participates in at least one evidence-gated exported mechanism edge.
NODE10106	target_gene	register_target_gene_layer	edge=M22B-E009896; evidence=M22B-EVID-010069
NODE10107	signaling_cascade	module20_24_export	Node participates in at least one evidence-gated exported mechanism edge.
NODE10107	target_gene	register_target_gene_layer	edge=M22B-E006585; evidence=M22B-EVID-006758 || edge=M22B-E006948; evidence=M22B-EVID-007121 || edge=M22B-E008737; evidence=M22B-EVID-008910 || edge=M22B-E009067; evidence=M22B-EVID-009240
NODE10108	signaling_cascade	module20_24_export	Node participates in at least one evidence-gated exported mechanism edge.
NODE10109	signaling_cascade	module20_24_export	Node participates in at least one evidence-gated exported mechanism edge.
NODE10110	signaling_cascade	module20_24_export	Node participates in at least one evidence-gated exported mechanism edge.
NODE10111	signaling_cascade	module20_24_export	Node participates in at least one evidence-gated exported mechanism edge.
NODE10112	signaling_cascade	module20_24_export	Node participates in at least one evidence-gated exported mechanism edge.
NODE10113	signaling_cascade	module20_24_export	Node participates in at least one evidence-gated exported mechanism edge.
NODE10113	target_gene	register_target_gene_layer	edge=M22B-E006949; evidence=M22B-EVID-007122 || edge=M22B-E007333; evidence=M22B-EVID-007506 || edge=M22B-E007928; evidence=M22B-EVID-008101 || edge=M22B-E009068; evidence=M22B-EVID-009241 || edge=M22B-E009352; evidence=M22B-EVID-009525
NODE10114	receptor	register_ligand_receptor_layer	edge=M23B-E001137; evidence=M23B-EVID-EXPAND23A-062
NODE10114	signaling_cascade	module20_24_export	Node participates in at least one evidence-gated exported mechanism edge.
NODE10115	signaling_cascade	module20_24_export	Node participates in at least one evidence-gated exported mechanism edge.
NODE10116	signaling_cascade	module20_24_export	Node participates in at least one evidence-gated exported mechanism edge.
NODE10117	signaling_cascade	module20_24_export	Node participates in at least one evidence-gated exported mechanism edge.
NODE10118	receptor	register_ligand_receptor_layer	edge=M20B-E003526; evidence=M20B-EVID-003526;M20B-EVID-005319-P2-RELAY;M20B-EVID-005322-P2-FUNC || edge=M20B-E004597; evidence=M20B-EVID-004597;M20B-EVID-004597-P2-DIRECT;M20B-EVID-004597-P2-FUNC;M20B-EVID-004597-P2-RELAY
NODE10118	signaling_cascade	module20_24_export	Node participates in at least one evidence-gated exported mechanism edge.
NODE10118	target_gene	register_target_gene_layer	edge=M22B-E010638; evidence=M22B-EVID-010734
NODE10119	signaling_cascade	module20_24_export	Node participates in at least one evidence-gated exported mechanism edge.
NODE10120	signaling_cascade	module20_24_export	Node participates in at least one evidence-gated exported mechanism edge.
NODE10121	signaling_cascade	module20_24_export	Node participates in at least one evidence-gated exported mechanism edge.
NODE10122	signaling_cascade	module20_24_export	Node participates in at least one evidence-gated exported mechanism edge.
NODE10122	target_gene	register_target_gene_layer	edge=M22B-E007929; evidence=M22B-EVID-008102 || edge=M22B-E009353; evidence=M22B-EVID-009526
NODE10123	signaling_cascade	module20_24_export	Node participates in at least one evidence-gated exported mechanism edge.
NODE10124	signaling_cascade	module20_24_export	Node participates in at least one evidence-gated exported mechanism edge.
NODE10125	signaling_cascade	module20_24_export	Node participates in at least one evidence-gated exported mechanism edge.
NODE10125	target_gene	register_target_gene_layer	edge=M22B-E006950; evidence=M22B-EVID-007123 || edge=M22B-E009069; evidence=M22B-EVID-009242
NODE10126	signaling_cascade	module20_24_export	Node participates in at least one evidence-gated exported mechanism edge.
NODE10127	signaling_cascade	module20_24_export	Node participates in at least one evidence-gated exported mechanism edge.
NODE10128	signaling_cascade	module20_24_export	Node participates in at least one evidence-gated exported mechanism edge.
NODE10128	target_gene	register_target_gene_layer	edge=M22B-E005973; evidence=M22B-EVID-006146 || edge=M22B-E007334; evidence=M22B-EVID-007507 || edge=M22B-E008134; evidence=M22B-EVID-008307
NODE10129	signaling_cascade	module20_24_export	Node participates in at least one evidence-gated exported mechanism edge.
NODE10129	target_gene	register_target_gene_layer	edge=M22B-E006951; evidence=M22B-EVID-007124 || edge=M22B-E009070; evidence=M22B-EVID-009243
NODE10130	signaling_cascade	module20_24_export	Node participates in at least one evidence-gated exported mechanism edge.
NODE10130	target_gene	register_target_gene_layer	edge=M22B-E005974; evidence=M22B-EVID-006147 || edge=M22B-E008135; evidence=M22B-EVID-008308
NODE10131	signaling_cascade	module20_24_export	Node participates in at least one evidence-gated exported mechanism edge.
NODE10132	signaling_cascade	module20_24_export	Node participates in at least one evidence-gated exported mechanism edge.
NODE10133	signaling_cascade	module20_24_export	Node participates in at least one evidence-gated exported mechanism edge.
NODE10134	signaling_cascade	module20_24_export	Node participates in at least one evidence-gated exported mechanism edge.
NODE10135	signaling_cascade	module20_24_export	Node participates in at least one evidence-gated exported mechanism edge.
NODE10136	signaling_cascade	module20_24_export	Node participates in at least one evidence-gated exported mechanism edge.
NODE10136	target_gene	register_target_gene_layer	edge=M22B-E006221; evidence=M22B-EVID-006394 || edge=M22B-E008370; evidence=M22B-EVID-008543
NODE10137	signaling_cascade	module20_24_export	Node participates in at least one evidence-gated exported mechanism edge.
NODE10138	signaling_cascade	module20_24_export	Node participates in at least one evidence-gated exported mechanism edge.
NODE10138	target_gene	register_target_gene_layer	edge=M22B-E007570; evidence=M22B-EVID-007743
NODE10139	signaling_cascade	module20_24_export	Node participates in at least one evidence-gated exported mechanism edge.
NODE10140	signaling_cascade	module20_24_export	Node participates in at least one evidence-gated exported mechanism edge.
NODE10141	signaling_cascade	module20_24_export	Node participates in at least one evidence-gated exported mechanism edge.
NODE10142	signaling_cascade	module20_24_export	Node participates in at least one evidence-gated exported mechanism edge.
NODE10143	signaling_cascade	module20_24_export	Node participates in at least one evidence-gated exported mechanism edge.
NODE10144	ligand	register_ligand_receptor_layer	edge=M20B-E005169; evidence=M20B-EVID-005169 || edge=M20B-E005170; evidence=M20B-EVID-005170
NODE10144	signaling_cascade	module20_24_export	Node participates in at least one evidence-gated exported mechanism edge.
NODE10145	signaling_cascade	module20_24_export	Node participates in at least one evidence-gated exported mechanism edge.
NODE10146	signaling_cascade	module20_24_export	Node participates in at least one evidence-gated exported mechanism edge.
NODE10147	signaling_cascade	module20_24_export	Node participates in at least one evidence-gated exported mechanism edge.
NODE10148	signaling_cascade	module20_24_export	Node participates in at least one evidence-gated exported mechanism edge.
NODE10149	ligand	register_ligand_receptor_layer	edge=M20B-E005172; evidence=M20B-EVID-005172
NODE10149	signaling_cascade	module20_24_export	Node participates in at least one evidence-gated exported mechanism edge.
NODE10150	signaling_cascade	module20_24_export	Node participates in at least one evidence-gated exported mechanism edge.
NODE10151	signaling_cascade	module20_24_export	Node participates in at least one evidence-gated exported mechanism edge.
NODE10152	ligand	register_ligand_receptor_layer	edge=M20B-E005175; evidence=M20B-EVID-005175
NODE10152	signaling_cascade	module20_24_export	Node participates in at least one evidence-gated exported mechanism edge.
NODE10153	signaling_cascade	module20_24_export	Node participates in at least one evidence-gated exported mechanism edge.
NODE10154	signaling_cascade	module20_24_export	Node participates in at least one evidence-gated exported mechanism edge.
NODE10154	target_gene	register_target_gene_layer	edge=M22B-E006952; evidence=M22B-EVID-007125 || edge=M22B-E009071; evidence=M22B-EVID-009244 || edge=M22B-E009644; evidence=M22B-EVID-009817
NODE10155	signaling_cascade	module20_24_export	Node participates in at least one evidence-gated exported mechanism edge.
NODE10155	target_gene	register_target_gene_layer	edge=M22B-E006953; evidence=M22B-EVID-007126 || edge=M22B-E009072; evidence=M22B-EVID-009245 || edge=M22B-E009897; evidence=M22B-EVID-010070
NODE10156	signaling_cascade	module20_24_export	Node participates in at least one evidence-gated exported mechanism edge.
NODE10157	ligand	register_ligand_receptor_layer	edge=M24B-E000061; evidence=M24B-EVID-000082;M24B-EVID-PROMO-20260826-007
NODE10157	signaling_cascade	module20_24_export	Node participates in at least one evidence-gated exported mechanism edge.
NODE10158	signaling_cascade	module20_24_export	Node participates in at least one evidence-gated exported mechanism edge.
NODE10159	ligand	register_ligand_receptor_layer	edge=M24B-E000063; evidence=M24B-EVID-000084;M24B-EVID-PROMO-20260826-008
NODE10159	signaling_cascade	module20_24_export	Node participates in at least one evidence-gated exported mechanism edge.
NODE10160	ligand	register_ligand_receptor_layer	edge=M24B-E000060; evidence=M24B-EVID-000081;M24B-EVID-PROMO-20260826-006
NODE10160	signaling_cascade	module20_24_export	Node participates in at least one evidence-gated exported mechanism edge.
NODE10161	signaling_cascade	module20_24_export	Node participates in at least one evidence-gated exported mechanism edge.
NODE10162	signaling_cascade	module20_24_export	Node participates in at least one evidence-gated exported mechanism edge.
NODE10162	target_gene	register_target_gene_layer	edge=M22B-E009601; evidence=M22B-EVID-009774
NODE10163	signaling_cascade	module20_24_export	Node participates in at least one evidence-gated exported mechanism edge.
NODE10163	target_gene	register_target_gene_layer	edge=M22B-E007335; evidence=M22B-EVID-007508
NODE10164	signaling_cascade	module20_24_export	Node participates in at least one evidence-gated exported mechanism edge.
NODE10164	target_gene	register_target_gene_layer	edge=M22B-E010078; evidence=M22B-EVID-010251
NODE10165	signaling_cascade	module20_24_export	Node participates in at least one evidence-gated exported mechanism edge.
NODE10165	target_gene	register_target_gene_layer	edge=M22B-E007336; evidence=M22B-EVID-007509
NODE10166	signaling_cascade	module20_24_export	Node participates in at least one evidence-gated exported mechanism edge.
NODE10166	target_gene	register_target_gene_layer	edge=M22B-E007337; evidence=M22B-EVID-007510
NODE10167	signaling_cascade	module20_24_export	Node participates in at least one evidence-gated exported mechanism edge.
NODE10167	target_gene	register_target_gene_layer	edge=M22B-E006586; evidence=M22B-EVID-006759
NODE10168	signaling_cascade	module20_24_export	Node participates in at least one evidence-gated exported mechanism edge.
NODE10168	target_gene	register_target_gene_layer	edge=M22B-E007930; evidence=M22B-EVID-008103 || edge=M22B-E009354; evidence=M22B-EVID-009527
NODE10169	signaling_cascade	module20_24_export	Node participates in at least one evidence-gated exported mechanism edge.
NODE10169	target_gene	register_target_gene_layer	edge=M22B-E009619; evidence=M22B-EVID-009792
NODE10170	signaling_cascade	module20_24_export	Node participates in at least one evidence-gated exported mechanism edge.
NODE10171	signaling_cascade	module20_24_export	Node participates in at least one evidence-gated exported mechanism edge.
NODE10172	signaling_cascade	module20_24_export	Node participates in at least one evidence-gated exported mechanism edge.
NODE10173	signaling_cascade	module20_24_export	Node participates in at least one evidence-gated exported mechanism edge.
NODE10174	signaling_cascade	module20_24_export	Node participates in at least one evidence-gated exported mechanism edge.
NODE10175	signaling_cascade	module20_24_export	Node participates in at least one evidence-gated exported mechanism edge.
NODE10176	signaling_cascade	module20_24_export	Node participates in at least one evidence-gated exported mechanism edge.
NODE10177	signaling_cascade	module20_24_export	Node participates in at least one evidence-gated exported mechanism edge.
NODE10178	signaling_cascade	module20_24_export	Node participates in at least one evidence-gated exported mechanism edge.
NODE10179	signaling_cascade	module20_24_export	Node participates in at least one evidence-gated exported mechanism edge.
NODE10180	signaling_cascade	module20_24_export	Node participates in at least one evidence-gated exported mechanism edge.
NODE10181	receptor	register_ligand_receptor_layer	edge=M20B-E002234; evidence=M20B-EVID-002234
NODE10181	signaling_cascade	module20_24_export	Node participates in at least one evidence-gated exported mechanism edge.
NODE10181	target_gene	register_target_gene_layer	edge=M22B-E010415; evidence=M22B-EVID-010587
NODE10182	signaling_cascade	module20_24_export	Node participates in at least one evidence-gated exported mechanism edge.
NODE10183	receptor	register_ligand_receptor_layer	edge=M20B-E000478; evidence=M20B-EVID-000478 || edge=M20B-E002235; evidence=M20B-EVID-002235 || edge=M20B-E002380; evidence=M20B-EVID-002380 || edge=M23B-E000531; evidence=M23B-EVID-000723
NODE10183	signaling_cascade	module20_24_export	Node participates in at least one evidence-gated exported mechanism edge.
NODE10183	target_gene	register_target_gene_layer	edge=M22B-E010416; evidence=M22B-EVID-010588 || edge=M22B-E010417; evidence=M22B-EVID-010589
NODE10184	signaling_cascade	module20_24_export	Node participates in at least one evidence-gated exported mechanism edge.
NODE10185	signaling_cascade	module20_24_export	Node participates in at least one evidence-gated exported mechanism edge.
NODE10186	receptor	register_ligand_receptor_layer	edge=M20B-E002236; evidence=M20B-EVID-002236;M20B-EVID-PROMO-20260826-041 || edge=M20B-E003713; evidence=M20B-EVID-003713
NODE10186	signaling_cascade	module20_24_export	Node participates in at least one evidence-gated exported mechanism edge.
NODE10187	signaling_cascade	module20_24_export	Node participates in at least one evidence-gated exported mechanism edge.
NODE10188	signaling_cascade	module20_24_export	Node participates in at least one evidence-gated exported mechanism edge.
NODE10189	receptor	register_ligand_receptor_layer	edge=M20B-E000472; evidence=M20B-EVID-000472 || edge=M20B-E002381; evidence=M20B-EVID-002381 || edge=M20B-E003714; evidence=M20B-EVID-003714 || edge=M20B-E004411; evidence=M20B-EVID-004411 || edge=M23B-E000527; evidence=M23B-EVID-000717
NODE10189	signaling_cascade	module20_24_export	Node participates in at least one evidence-gated exported mechanism edge.
NODE10189	target_gene	register_target_gene_layer	edge=M22B-E010413; evidence=M22B-EVID-010585
NODE10190	signaling_cascade	module20_24_export	Node participates in at least one evidence-gated exported mechanism edge.
NODE10191	signaling_cascade	module20_24_export	Node participates in at least one evidence-gated exported mechanism edge.
NODE10192	signaling_cascade	module20_24_export	Node participates in at least one evidence-gated exported mechanism edge.
NODE10193	signaling_cascade	module20_24_export	Node participates in at least one evidence-gated exported mechanism edge.
NODE10194	signaling_cascade	module20_24_export	Node participates in at least one evidence-gated exported mechanism edge.
NODE10195	signaling_cascade	module20_24_export	Node participates in at least one evidence-gated exported mechanism edge.
NODE10195	target_gene	register_target_gene_layer	edge=M22B-E007338; evidence=M22B-EVID-007511
NODE10196	signaling_cascade	module20_24_export	Node participates in at least one evidence-gated exported mechanism edge.
NODE10197	signaling_cascade	module20_24_export	Node participates in at least one evidence-gated exported mechanism edge.
NODE10198	signaling_cascade	module20_24_export	Node participates in at least one evidence-gated exported mechanism edge.
NODE10199	signaling_cascade	module20_24_export	Node participates in at least one evidence-gated exported mechanism edge.
NODE10200	signaling_cascade	module20_24_export	Node participates in at least one evidence-gated exported mechanism edge.
NODE10200	target_gene	register_target_gene_layer	edge=M22B-E007571; evidence=M22B-EVID-007744
NODE10201	signaling_cascade	module20_24_export	Node participates in at least one evidence-gated exported mechanism edge.
NODE10202	signaling_cascade	module20_24_export	Node participates in at least one evidence-gated exported mechanism edge.
NODE10203	signaling_cascade	module20_24_export	Node participates in at least one evidence-gated exported mechanism edge.
NODE10204	signaling_cascade	module20_24_export	Node participates in at least one evidence-gated exported mechanism edge.
NODE10205	signaling_cascade	module20_24_export	Node participates in at least one evidence-gated exported mechanism edge.
NODE10206	signaling_cascade	module20_24_export	Node participates in at least one evidence-gated exported mechanism edge.
NODE10207	signaling_cascade	module20_24_export	Node participates in at least one evidence-gated exported mechanism edge.
NODE10207	target_gene	register_target_gene_layer	edge=M22B-E006954; evidence=M22B-EVID-007127 || edge=M22B-E009073; evidence=M22B-EVID-009246
NODE10208	signaling_cascade	module20_24_export	Node participates in at least one evidence-gated exported mechanism edge.
NODE10209	signaling_cascade	module20_24_export	Node participates in at least one evidence-gated exported mechanism edge.
NODE10210	signaling_cascade	module20_24_export	Node participates in at least one evidence-gated exported mechanism edge.
NODE10211	signaling_cascade	module20_24_export	Node participates in at least one evidence-gated exported mechanism edge.
NODE10212	signaling_cascade	module20_24_export	Node participates in at least one evidence-gated exported mechanism edge.
NODE10212	transcription_factor	register_target_gene_layer	edge=M22B-E010175; evidence=M22B-EVID-010348 || edge=M22B-E010427; evidence=M22B-EVID-010597 || edge=M22B-E010440; evidence=M22B-EVID-010608 || edge=M22B-E010519; evidence=M22B-EVID-010634
NODE10213	signaling_cascade	module20_24_export	Node participates in at least one evidence-gated exported mechanism edge.
NODE10214	signaling_cascade	module20_24_export	Node participates in at least one evidence-gated exported mechanism edge.
NODE10214	transcription_factor	register_target_gene_layer	edge=M22B-E010418; evidence=M22B-EVID-010590 || edge=M22B-E010441; evidence=M22B-EVID-010608 || edge=M22B-E010520; evidence=M22B-EVID-010634 || edge=M22B-E010523; evidence=M22B-EVID-010637
NODE10215	signaling_cascade	module20_24_export	Node participates in at least one evidence-gated exported mechanism edge.
NODE10216	signaling_cascade	module20_24_export	Node participates in at least one evidence-gated exported mechanism edge.
NODE10217	signaling_cascade	module20_24_export	Node participates in at least one evidence-gated exported mechanism edge.
NODE10218	signaling_cascade	module20_24_export	Node participates in at least one evidence-gated exported mechanism edge.
NODE10219	signaling_cascade	module20_24_export	Node participates in at least one evidence-gated exported mechanism edge.
NODE10220	signaling_cascade	module20_24_export	Node participates in at least one evidence-gated exported mechanism edge.
NODE10221	signaling_cascade	module20_24_export	Node participates in at least one evidence-gated exported mechanism edge.
NODE10222	signaling_cascade	module20_24_export	Node participates in at least one evidence-gated exported mechanism edge.
NODE10223	signaling_cascade	module20_24_export	Node participates in at least one evidence-gated exported mechanism edge.
NODE10224	signaling_cascade	module20_24_export	Node participates in at least one evidence-gated exported mechanism edge.
NODE10225	signaling_cascade	module20_24_export	Node participates in at least one evidence-gated exported mechanism edge.
NODE10226	signaling_cascade	module20_24_export	Node participates in at least one evidence-gated exported mechanism edge.
NODE10227	signaling_cascade	module20_24_export	Node participates in at least one evidence-gated exported mechanism edge.
NODE10228	signaling_cascade	module20_24_export	Node participates in at least one evidence-gated exported mechanism edge.
NODE10229	signaling_cascade	module20_24_export	Node participates in at least one evidence-gated exported mechanism edge.
NODE10230	signaling_cascade	module20_24_export	Node participates in at least one evidence-gated exported mechanism edge.
NODE10231	signaling_cascade	module20_24_export	Node participates in at least one evidence-gated exported mechanism edge.
NODE10232	signaling_cascade	module20_24_export	Node participates in at least one evidence-gated exported mechanism edge.
NODE10233	signaling_cascade	module20_24_export	Node participates in at least one evidence-gated exported mechanism edge.
NODE10234	signaling_cascade	module20_24_export	Node participates in at least one evidence-gated exported mechanism edge.
NODE10235	signaling_cascade	module20_24_export	Node participates in at least one evidence-gated exported mechanism edge.
NODE10236	signaling_cascade	module20_24_export	Node participates in at least one evidence-gated exported mechanism edge.
NODE10237	signaling_cascade	module20_24_export	Node participates in at least one evidence-gated exported mechanism edge.
NODE10238	signaling_cascade	module20_24_export	Node participates in at least one evidence-gated exported mechanism edge.
NODE10239	signaling_cascade	module20_24_export	Node participates in at least one evidence-gated exported mechanism edge.
NODE10240	signaling_cascade	module20_24_export	Node participates in at least one evidence-gated exported mechanism edge.
NODE10241	signaling_cascade	module20_24_export	Node participates in at least one evidence-gated exported mechanism edge.
NODE10242	signaling_cascade	module20_24_export	Node participates in at least one evidence-gated exported mechanism edge.
NODE10243	signaling_cascade	module20_24_export	Node participates in at least one evidence-gated exported mechanism edge.
NODE10244	signaling_cascade	module20_24_export	Node participates in at least one evidence-gated exported mechanism edge.
NODE10245	signaling_cascade	module20_24_export	Node participates in at least one evidence-gated exported mechanism edge.
NODE10245	target_gene	register_target_gene_layer	edge=M22B-E006297; evidence=M22B-EVID-006470 || edge=M22B-E008441; evidence=M22B-EVID-008614
NODE10246	signaling_cascade	module20_24_export	Node participates in at least one evidence-gated exported mechanism edge.
NODE10247	signaling_cascade	module20_24_export	Node participates in at least one evidence-gated exported mechanism edge.
NODE10247	target_gene	register_target_gene_layer	edge=M22B-E007339; evidence=M22B-EVID-007512 || edge=M22B-E007931; evidence=M22B-EVID-008104
NODE10248	ligand	register_ligand_receptor_layer	edge=M20B-E005177; evidence=M20B-EVID-005177;M20B-EVID-005177-P2-DIRECT;M20B-EVID-005177-P2-FUNC;M20B-EVID-005177-P2-RELAY
NODE10248	signaling_cascade	module20_24_export	Node participates in at least one evidence-gated exported mechanism edge.
NODE10249	signaling_cascade	module20_24_export	Node participates in at least one evidence-gated exported mechanism edge.
NODE10250	ligand	register_ligand_receptor_layer	edge=M20B-E005178; evidence=M20B-EVID-005178;M20B-EVID-005178-P2-FUNC || edge=M20B-E005179; evidence=M20B-EVID-005179;M20B-EVID-005179-P2-DIRECT
NODE10250	signaling_cascade	module20_24_export	Node participates in at least one evidence-gated exported mechanism edge.
NODE10251	signaling_cascade	module20_24_export	Node participates in at least one evidence-gated exported mechanism edge.
NODE10252	signaling_cascade	module20_24_export	Node participates in at least one evidence-gated exported mechanism edge.
NODE10253	receptor	register_ligand_receptor_layer	edge=M20B-E005177; evidence=M20B-EVID-005177;M20B-EVID-005177-P2-DIRECT;M20B-EVID-005177-P2-FUNC;M20B-EVID-005177-P2-RELAY || edge=M20B-E005179; evidence=M20B-EVID-005179;M20B-EVID-005179-P2-DIRECT
NODE10253	signaling_cascade	module20_24_export	Node participates in at least one evidence-gated exported mechanism edge.
NODE10254	signaling_cascade	module20_24_export	Node participates in at least one evidence-gated exported mechanism edge.
NODE10255	signaling_cascade	module20_24_export	Node participates in at least one evidence-gated exported mechanism edge.
NODE10256	signaling_cascade	module20_24_export	Node participates in at least one evidence-gated exported mechanism edge.
NODE10256	target_gene	register_target_gene_layer	edge=M22B-E006955; evidence=M22B-EVID-007128 || edge=M22B-E009074; evidence=M22B-EVID-009247
NODE10257	signaling_cascade	module20_24_export	Node participates in at least one evidence-gated exported mechanism edge.
NODE10258	signaling_cascade	module20_24_export	Node participates in at least one evidence-gated exported mechanism edge.
NODE10258	target_gene	register_target_gene_layer	edge=M22B-E007932; evidence=M22B-EVID-008105 || edge=M22B-E009355; evidence=M22B-EVID-009528
NODE10259	signaling_cascade	module20_24_export	Node participates in at least one evidence-gated exported mechanism edge.
NODE10260	signaling_cascade	module20_24_export	Node participates in at least one evidence-gated exported mechanism edge.
NODE10261	signaling_cascade	module20_24_export	Node participates in at least one evidence-gated exported mechanism edge.
NODE10261	target_gene	register_target_gene_layer	edge=M22B-E005975; evidence=M22B-EVID-006148 || edge=M22B-E006956; evidence=M22B-EVID-007129 || edge=M22B-E007340; evidence=M22B-EVID-007513 || edge=M22B-E008136; evidence=M22B-EVID-008309 || edge=M22B-E009075; evidence=M22B-EVID-009248
NODE10262	signaling_cascade	module20_24_export	Node participates in at least one evidence-gated exported mechanism edge.
NODE10263	signaling_cascade	module20_24_export	Node participates in at least one evidence-gated exported mechanism edge.
NODE10264	signaling_cascade	module20_24_export	Node participates in at least one evidence-gated exported mechanism edge.
NODE10265	signaling_cascade	module20_24_export	Node participates in at least one evidence-gated exported mechanism edge.
NODE10265	target_gene	register_target_gene_layer	edge=M22B-E010663; evidence=M22B-EVID-010757
NODE10266	signaling_cascade	module20_24_export	Node participates in at least one evidence-gated exported mechanism edge.
NODE10267	signaling_cascade	module20_24_export	Node participates in at least one evidence-gated exported mechanism edge.
NODE10268	signaling_cascade	module20_24_export	Node participates in at least one evidence-gated exported mechanism edge.
NODE10268	target_gene	register_target_gene_layer	edge=M22B-E006298; evidence=M22B-EVID-006471
NODE10269	signaling_cascade	module20_24_export	Node participates in at least one evidence-gated exported mechanism edge.
NODE10270	receptor	register_ligand_receptor_layer	edge=M20B-E005035; evidence=M20B-EVID-005035
NODE10270	signaling_cascade	module20_24_export	Node participates in at least one evidence-gated exported mechanism edge.
NODE10271	signaling_cascade	module20_24_export	Node participates in at least one evidence-gated exported mechanism edge.
NODE10272	signaling_cascade	module20_24_export	Node participates in at least one evidence-gated exported mechanism edge.
NODE10273	signaling_cascade	module20_24_export	Node participates in at least one evidence-gated exported mechanism edge.
NODE10274	signaling_cascade	module20_24_export	Node participates in at least one evidence-gated exported mechanism edge.
NODE10275	signaling_cascade	module20_24_export	Node participates in at least one evidence-gated exported mechanism edge.
NODE10276	signaling_cascade	module20_24_export	Node participates in at least one evidence-gated exported mechanism edge.
NODE10277	signaling_cascade	module20_24_export	Node participates in at least one evidence-gated exported mechanism edge.
NODE10278	ligand	register_ligand_receptor_layer	edge=M20B-E002281; evidence=M20B-EVID-002281 || edge=M20B-E005181; evidence=M20B-EVID-005181 || edge=M20B-E005182; evidence=M20B-EVID-005182 || edge=M23B-E000192; evidence=M23B-EVID-000276;M23B-EVID-PROMO-20260826-008 || edge=M23B-E000573; evidence=M23B-EVID-000786 || edge=M23B-E000767; evidence=M23B-EVID-001040 || edge=M23B-E000769; evidence=M23B-EVID-001043
NODE10278	signaling_cascade	module20_24_export	Node participates in at least one evidence-gated exported mechanism edge.
NODE10278	target_gene	register_target_gene_layer	edge=M22B-E006587; evidence=M22B-EVID-006760
NODE10279	signaling_cascade	module20_24_export	Node participates in at least one evidence-gated exported mechanism edge.
NODE10280	signaling_cascade	module20_24_export	Node participates in at least one evidence-gated exported mechanism edge.
NODE10281	signaling_cascade	module20_24_export	Node participates in at least one evidence-gated exported mechanism edge.
NODE10282	signaling_cascade	module20_24_export	Node participates in at least one evidence-gated exported mechanism edge.
NODE10283	signaling_cascade	module20_24_export	Node participates in at least one evidence-gated exported mechanism edge.
NODE10284	ligand	register_ligand_receptor_layer	edge=M20B-E005184; evidence=M20B-EVID-005184 || edge=M20B-E005188; evidence=M20B-EVID-005188 || edge=M20B-E005191; evidence=M20B-EVID-005191
NODE10284	signaling_cascade	module20_24_export	Node participates in at least one evidence-gated exported mechanism edge.
NODE10284	target_gene	register_target_gene_layer	edge=M22B-E007933; evidence=M22B-EVID-008106
NODE10285	signaling_cascade	module20_24_export	Node participates in at least one evidence-gated exported mechanism edge.
NODE10286	signaling_cascade	module20_24_export	Node participates in at least one evidence-gated exported mechanism edge.
NODE10287	signaling_cascade	module20_24_export	Node participates in at least one evidence-gated exported mechanism edge.
NODE10288	signaling_cascade	module20_24_export	Node participates in at least one evidence-gated exported mechanism edge.
NODE10289	signaling_cascade	module20_24_export	Node participates in at least one evidence-gated exported mechanism edge.
NODE10290	signaling_cascade	module20_24_export	Node participates in at least one evidence-gated exported mechanism edge.
NODE10291	ligand	register_ligand_receptor_layer	edge=M23B-E001008; evidence=M23B-EVID-001353
NODE10291	signaling_cascade	module20_24_export	Node participates in at least one evidence-gated exported mechanism edge.
NODE10292	signaling_cascade	module20_24_export	Node participates in at least one evidence-gated exported mechanism edge.
NODE10293	signaling_cascade	module20_24_export	Node participates in at least one evidence-gated exported mechanism edge.
NODE10294	signaling_cascade	module20_24_export	Node participates in at least one evidence-gated exported mechanism edge.
NODE10295	signaling_cascade	module20_24_export	Node participates in at least one evidence-gated exported mechanism edge.
NODE10296	signaling_cascade	module20_24_export	Node participates in at least one evidence-gated exported mechanism edge.
NODE10296	target_gene	register_target_gene_layer	edge=M22B-E006588; evidence=M22B-EVID-006761 || edge=M22B-E006600; evidence=M22B-EVID-006773 || edge=M22B-E007341; evidence=M22B-EVID-007514 || edge=M22B-E007934; evidence=M22B-EVID-008107 || edge=M22B-E008738; evidence=M22B-EVID-008911 || edge=M22B-E008750; evidence=M22B-EVID-008923 || edge=M22B-E009356; evidence=M22B-EVID-009529
NODE10296	transcription_factor	register_target_gene_layer	edge=M22B-E000483; evidence=M22B-EVID-000443 || edge=M22B-E010185; evidence=M22B-EVID-010358 || edge=M22B-E010232; evidence=M22B-EVID-010405
NODE10297	signaling_cascade	module20_24_export	Node participates in at least one evidence-gated exported mechanism edge.
NODE10298	signaling_cascade	module20_24_export	Node participates in at least one evidence-gated exported mechanism edge.
NODE10299	signaling_cascade	module20_24_export	Node participates in at least one evidence-gated exported mechanism edge.
NODE10300	signaling_cascade	module20_24_export	Node participates in at least one evidence-gated exported mechanism edge.
NODE10301	signaling_cascade	module20_24_export	Node participates in at least one evidence-gated exported mechanism edge.
NODE10302	signaling_cascade	module20_24_export	Node participates in at least one evidence-gated exported mechanism edge.
NODE10303	signaling_cascade	module20_24_export	Node participates in at least one evidence-gated exported mechanism edge.
NODE10304	signaling_cascade	module20_24_export	Node participates in at least one evidence-gated exported mechanism edge.
NODE10305	ligand	register_ligand_receptor_layer	edge=M20B-E005194; evidence=M20B-EVID-005194 || edge=M20B-E005197; evidence=M20B-EVID-005197 || edge=M20B-E005203; evidence=M20B-EVID-005203;M20B-EVID-005338-P2-RELAY;M20B-EVID-005339-P2-FUNC || edge=M23B-E000771; evidence=M23B-EVID-001046 || edge=M23B-E000774; evidence=M23B-EVID-001049
NODE10305	signaling_cascade	module20_24_export	Node participates in at least one evidence-gated exported mechanism edge.
NODE10305	target_gene	register_target_gene_layer	edge=M22B-E000381; evidence=M22B-EVID-000379 || edge=M22B-E005749; evidence=M22B-EVID-005922 || edge=M22B-E006222; evidence=M22B-EVID-006395 || edge=M22B-E006957; evidence=M22B-EVID-007130 || edge=M22B-E007572; evidence=M22B-EVID-007745 || edge=M22B-E009519; evidence=M22B-EVID-009692
NODE10306	signaling_cascade	module20_24_export	Node participates in at least one evidence-gated exported mechanism edge.
NODE10307	signaling_cascade	module20_24_export	Node participates in at least one evidence-gated exported mechanism edge.
NODE10308	signaling_cascade	module20_24_export	Node participates in at least one evidence-gated exported mechanism edge.
NODE10309	signaling_cascade	module20_24_export	Node participates in at least one evidence-gated exported mechanism edge.
NODE10310	signaling_cascade	module20_24_export	Node participates in at least one evidence-gated exported mechanism edge.
NODE10311	signaling_cascade	module20_24_export	Node participates in at least one evidence-gated exported mechanism edge.
NODE10312	signaling_cascade	module20_24_export	Node participates in at least one evidence-gated exported mechanism edge.
NODE10313	signaling_cascade	module20_24_export	Node participates in at least one evidence-gated exported mechanism edge.
NODE10314	signaling_cascade	module20_24_export	Node participates in at least one evidence-gated exported mechanism edge.
NODE10315	ligand	register_ligand_receptor_layer	edge=M20B-E005209; evidence=M20B-EVID-005209;M20B-EVID-005340-P2-DIRECT;M20B-EVID-005341-P2-RELAY
NODE10315	signaling_cascade	module20_24_export	Node participates in at least one evidence-gated exported mechanism edge.
NODE10315	target_gene	register_target_gene_layer	edge=M22B-E006442; evidence=M22B-EVID-006615 || edge=M22B-E008593; evidence=M22B-EVID-008766
NODE10316	signaling_cascade	module20_24_export	Node participates in at least one evidence-gated exported mechanism edge.
NODE10317	ligand	register_ligand_receptor_layer	edge=M20B-E005216; evidence=M20B-EVID-005216 || edge=M23B-E000777; evidence=M23B-EVID-001052 || edge=M23B-E000780; evidence=M23B-EVID-001055
NODE10317	signaling_cascade	module20_24_export	Node participates in at least one evidence-gated exported mechanism edge.
NODE10317	target_gene	register_target_gene_layer	edge=M22B-E007573; evidence=M22B-EVID-007746
NODE10318	signaling_cascade	module20_24_export	Node participates in at least one evidence-gated exported mechanism edge.
NODE10319	signaling_cascade	module20_24_export	Node participates in at least one evidence-gated exported mechanism edge.
NODE10320	signaling_cascade	module20_24_export	Node participates in at least one evidence-gated exported mechanism edge.
NODE10321	signaling_cascade	module20_24_export	Node participates in at least one evidence-gated exported mechanism edge.
NODE10321	target_gene	register_target_gene_layer	edge=M22B-E006223; evidence=M22B-EVID-006396 || edge=M22B-E006443; evidence=M22B-EVID-006616 || edge=M22B-E006589; evidence=M22B-EVID-006762 || edge=M22B-E007574; evidence=M22B-EVID-007747 || edge=M22B-E008371; evidence=M22B-EVID-008544 || edge=M22B-E008594; evidence=M22B-EVID-008767 || edge=M22B-E008739; evidence=M22B-EVID-008912
NODE10322	signaling_cascade	module20_24_export	Node participates in at least one evidence-gated exported mechanism edge.
NODE10323	signaling_cascade	module20_24_export	Node participates in at least one evidence-gated exported mechanism edge.
NODE10324	signaling_cascade	module20_24_export	Node participates in at least one evidence-gated exported mechanism edge.
NODE10325	signaling_cascade	module20_24_export	Node participates in at least one evidence-gated exported mechanism edge.
NODE10326	signaling_cascade	module20_24_export	Node participates in at least one evidence-gated exported mechanism edge.
NODE10327	signaling_cascade	module20_24_export	Node participates in at least one evidence-gated exported mechanism edge.
NODE10328	signaling_cascade	module20_24_export	Node participates in at least one evidence-gated exported mechanism edge.
NODE10329	signaling_cascade	module20_24_export	Node participates in at least one evidence-gated exported mechanism edge.
NODE10330	receptor	register_ligand_receptor_layer	edge=M23B-E001132; evidence=M23B-EVID-EXPAND23A-057
NODE10330	signaling_cascade	module20_24_export	Node participates in at least one evidence-gated exported mechanism edge.
NODE10331	signaling_cascade	module20_24_export	Node participates in at least one evidence-gated exported mechanism edge.
NODE10332	signaling_cascade	module20_24_export	Node participates in at least one evidence-gated exported mechanism edge.
NODE10333	signaling_cascade	module20_24_export	Node participates in at least one evidence-gated exported mechanism edge.
NODE10333	target_gene	register_target_gene_layer	edge=M22B-E006299; evidence=M22B-EVID-006472
NODE10334	signaling_cascade	module20_24_export	Node participates in at least one evidence-gated exported mechanism edge.
NODE10334	target_gene	register_target_gene_layer	edge=M22B-E006958; evidence=M22B-EVID-007131 || edge=M22B-E009076; evidence=M22B-EVID-009249
NODE10335	signaling_cascade	module20_24_export	Node participates in at least one evidence-gated exported mechanism edge.
NODE10336	signaling_cascade	module20_24_export	Node participates in at least one evidence-gated exported mechanism edge.
NODE10337	ligand	register_ligand_receptor_layer	edge=M20B-E005219; evidence=M20B-EVID-005219
NODE10337	signaling_cascade	module20_24_export	Node participates in at least one evidence-gated exported mechanism edge.
NODE10337	target_gene	register_target_gene_layer	edge=M22B-E006590; evidence=M22B-EVID-006763 || edge=M22B-E007342; evidence=M22B-EVID-007515 || edge=M22B-E008740; evidence=M22B-EVID-008913 || edge=M22B-E009416; evidence=M22B-EVID-009589
NODE10338	signaling_cascade	module20_24_export	Node participates in at least one evidence-gated exported mechanism edge.
NODE10339	ligand	register_ligand_receptor_layer	edge=M20B-E005220; evidence=M20B-EVID-005220 || edge=M20B-E005235; evidence=M20B-EVID-005235;M20B-EVID-005235-P2-DIRECT;M20B-EVID-005235-P2-RELAY || edge=M20B-E005236; evidence=M20B-EVID-005236
NODE10339	signaling_cascade	module20_24_export	Node participates in at least one evidence-gated exported mechanism edge.
NODE10339	target_gene	register_target_gene_layer	edge=M22B-E007575; evidence=M22B-EVID-007748
NODE10340	signaling_cascade	module20_24_export	Node participates in at least one evidence-gated exported mechanism edge.
NODE10341	signaling_cascade	module20_24_export	Node participates in at least one evidence-gated exported mechanism edge.
NODE10342	signaling_cascade	module20_24_export	Node participates in at least one evidence-gated exported mechanism edge.
NODE10343	signaling_cascade	module20_24_export	Node participates in at least one evidence-gated exported mechanism edge.
NODE10344	receptor	register_ligand_receptor_layer	edge=M20B-E002470; evidence=M20B-EVID-002470 || edge=M20B-E005235; evidence=M20B-EVID-005235;M20B-EVID-005235-P2-DIRECT;M20B-EVID-005235-P2-RELAY
NODE10344	signaling_cascade	module20_24_export	Node participates in at least one evidence-gated exported mechanism edge.
NODE10344	target_gene	register_target_gene_layer	edge=M22B-E010571; evidence=M22B-EVID-010668
NODE10345	signaling_cascade	module20_24_export	Node participates in at least one evidence-gated exported mechanism edge.
NODE10346	signaling_cascade	module20_24_export	Node participates in at least one evidence-gated exported mechanism edge.
NODE10347	receptor	register_ligand_receptor_layer	edge=M20B-E002471; evidence=M20B-EVID-002471 || edge=M20B-E005236; evidence=M20B-EVID-005236
NODE10347	signaling_cascade	module20_24_export	Node participates in at least one evidence-gated exported mechanism edge.
NODE10347	target_gene	register_target_gene_layer	edge=M22B-E010643; evidence=M22B-EVID-010739
NODE10348	signaling_cascade	module20_24_export	Node participates in at least one evidence-gated exported mechanism edge.
NODE10349	signaling_cascade	module20_24_export	Node participates in at least one evidence-gated exported mechanism edge.
NODE10350	signaling_cascade	module20_24_export	Node participates in at least one evidence-gated exported mechanism edge.
NODE10351	signaling_cascade	module20_24_export	Node participates in at least one evidence-gated exported mechanism edge.
NODE10352	signaling_cascade	module20_24_export	Node participates in at least one evidence-gated exported mechanism edge.
NODE10353	signaling_cascade	module20_24_export	Node participates in at least one evidence-gated exported mechanism edge.
NODE10354	receptor	register_ligand_receptor_layer	edge=M20B-E002632; evidence=M20B-EVID-002632 || edge=M23B-E000912; evidence=M23B-EVID-001257
NODE10354	signaling_cascade	module20_24_export	Node participates in at least one evidence-gated exported mechanism edge.
NODE10354	target_gene	register_target_gene_layer	edge=M22B-E010281; evidence=M22B-EVID-010454
NODE10355	signaling_cascade	module20_24_export	Node participates in at least one evidence-gated exported mechanism edge.
NODE10356	signaling_cascade	module20_24_export	Node participates in at least one evidence-gated exported mechanism edge.
NODE10357	signaling_cascade	module20_24_export	Node participates in at least one evidence-gated exported mechanism edge.
NODE10358	receptor	register_ligand_receptor_layer	edge=M23B-E001152; evidence=M23B-EVID-EXPAND23A-077
NODE10358	signaling_cascade	module20_24_export	Node participates in at least one evidence-gated exported mechanism edge.
NODE10359	signaling_cascade	module20_24_export	Node participates in at least one evidence-gated exported mechanism edge.
NODE10360	signaling_cascade	module20_24_export	Node participates in at least one evidence-gated exported mechanism edge.
NODE10361	signaling_cascade	module20_24_export	Node participates in at least one evidence-gated exported mechanism edge.
NODE10362	signaling_cascade	module20_24_export	Node participates in at least one evidence-gated exported mechanism edge.
NODE10363	receptor	register_ligand_receptor_layer	edge=M23B-E001153; evidence=M23B-EVID-EXPAND23A-078
NODE10363	signaling_cascade	module20_24_export	Node participates in at least one evidence-gated exported mechanism edge.
NODE10364	signaling_cascade	module20_24_export	Node participates in at least one evidence-gated exported mechanism edge.
NODE10365	signaling_cascade	module20_24_export	Node participates in at least one evidence-gated exported mechanism edge.
NODE10366	signaling_cascade	module20_24_export	Node participates in at least one evidence-gated exported mechanism edge.
NODE10367	signaling_cascade	module20_24_export	Node participates in at least one evidence-gated exported mechanism edge.
NODE10368	signaling_cascade	module20_24_export	Node participates in at least one evidence-gated exported mechanism edge.
NODE10369	signaling_cascade	module20_24_export	Node participates in at least one evidence-gated exported mechanism edge.
NODE10369	target_gene	register_target_gene_layer	edge=M22B-E007576; evidence=M22B-EVID-007749
NODE10370	signaling_cascade	module20_24_export	Node participates in at least one evidence-gated exported mechanism edge.
NODE10371	signaling_cascade	module20_24_export	Node participates in at least one evidence-gated exported mechanism edge.
NODE10372	signaling_cascade	module20_24_export	Node participates in at least one evidence-gated exported mechanism edge.
NODE10373	signaling_cascade	module20_24_export	Node participates in at least one evidence-gated exported mechanism edge.
NODE10374	signaling_cascade	module20_24_export	Node participates in at least one evidence-gated exported mechanism edge.
NODE10374	target_gene	register_target_gene_layer	edge=M22B-E005976; evidence=M22B-EVID-006149 || edge=M22B-E008137; evidence=M22B-EVID-008310
NODE10375	signaling_cascade	module20_24_export	Node participates in at least one evidence-gated exported mechanism edge.
NODE10376	signaling_cascade	module20_24_export	Node participates in at least one evidence-gated exported mechanism edge.
NODE10377	signaling_cascade	module20_24_export	Node participates in at least one evidence-gated exported mechanism edge.
NODE10378	signaling_cascade	module20_24_export	Node participates in at least one evidence-gated exported mechanism edge.
NODE10379	signaling_cascade	module20_24_export	Node participates in at least one evidence-gated exported mechanism edge.
NODE10380	ligand	register_ligand_receptor_layer	edge=M20B-E002282; evidence=M20B-EVID-002282 || edge=M20B-E002283; evidence=M20B-EVID-002283 || edge=M20B-E002284; evidence=M20B-EVID-002284 || edge=M20B-E002285; evidence=M20B-EVID-002285 || edge=M20B-E002286; evidence=M20B-EVID-002286 || edge=M20B-E002287; evidence=M20B-EVID-002287 || edge=M20B-E002288; evidence=M20B-EVID-002288 || edge=M20B-E005241; evidence=M20B-EVID-005241 || edge=M23B-E000088; evidence=M23B-EVID-000150 || edge=M23B-E001163; evidence=M23B-EVID-EXPAND23A-089
NODE10380	signaling_cascade	module20_24_export	Node participates in at least one evidence-gated exported mechanism edge.
NODE10381	signaling_cascade	module20_24_export	Node participates in at least one evidence-gated exported mechanism edge.
NODE10382	ligand	register_ligand_receptor_layer	edge=M23B-E000082; evidence=M23B-EVID-000144
NODE10382	signaling_cascade	module20_24_export	Node participates in at least one evidence-gated exported mechanism edge.
NODE10383	ligand	register_ligand_receptor_layer	edge=M23B-E000083; evidence=M23B-EVID-000145 || edge=M23B-E000085; evidence=M23B-EVID-000147
NODE10383	signaling_cascade	module20_24_export	Node participates in at least one evidence-gated exported mechanism edge.
NODE10384	signaling_cascade	module20_24_export	Node participates in at least one evidence-gated exported mechanism edge.
NODE10385	signaling_cascade	module20_24_export	Node participates in at least one evidence-gated exported mechanism edge.
NODE10386	ligand	register_ligand_receptor_layer	edge=M20B-E002289; evidence=M20B-EVID-002289 || edge=M20B-E002290; evidence=M20B-EVID-002290 || edge=M20B-E005243; evidence=M20B-EVID-005243 || edge=M20B-E005247; evidence=M20B-EVID-005247 || edge=M20B-E005248; evidence=M20B-EVID-005248 || edge=M20B-E005249; evidence=M20B-EVID-005249 || edge=M20B-E005251; evidence=M20B-EVID-005251 || edge=M23B-E000449; evidence=M23B-EVID-000629
NODE10386	signaling_cascade	module20_24_export	Node participates in at least one evidence-gated exported mechanism edge.
NODE10386	target_gene	register_target_gene_layer	edge=M22B-E006131; evidence=M22B-EVID-006304
NODE10387	signaling_cascade	module20_24_export	Node participates in at least one evidence-gated exported mechanism edge.
NODE10388	signaling_cascade	module20_24_export	Node participates in at least one evidence-gated exported mechanism edge.
NODE10389	signaling_cascade	module20_24_export	Node participates in at least one evidence-gated exported mechanism edge.
NODE10390	ligand	register_ligand_receptor_layer	edge=M20B-E002391; evidence=M20B-EVID-002391
NODE10390	signaling_cascade	module20_24_export	Node participates in at least one evidence-gated exported mechanism edge.
NODE10391	signaling_cascade	module20_24_export	Node participates in at least one evidence-gated exported mechanism edge.
NODE10392	ligand	register_ligand_receptor_layer	edge=M23B-E000089; evidence=M23B-EVID-000151
NODE10392	signaling_cascade	module20_24_export	Node participates in at least one evidence-gated exported mechanism edge.
NODE10393	signaling_cascade	module20_24_export	Node participates in at least one evidence-gated exported mechanism edge.
NODE10394	ligand	register_ligand_receptor_layer	edge=M23B-E001012; evidence=M23B-EVID-001357
NODE10394	signaling_cascade	module20_24_export	Node participates in at least one evidence-gated exported mechanism edge.
NODE10395	signaling_cascade	module20_24_export	Node participates in at least one evidence-gated exported mechanism edge.
NODE10396	signaling_cascade	module20_24_export	Node participates in at least one evidence-gated exported mechanism edge.
NODE10396	target_gene	register_target_gene_layer	edge=M22B-E007577; evidence=M22B-EVID-007750
NODE10397	signaling_cascade	module20_24_export	Node participates in at least one evidence-gated exported mechanism edge.
NODE10397	target_gene	register_target_gene_layer	edge=M22B-E006132; evidence=M22B-EVID-006305 || edge=M22B-E008280; evidence=M22B-EVID-008453
NODE10398	signaling_cascade	module20_24_export	Node participates in at least one evidence-gated exported mechanism edge.
NODE10399	signaling_cascade	module20_24_export	Node participates in at least one evidence-gated exported mechanism edge.
NODE10400	signaling_cascade	module20_24_export	Node participates in at least one evidence-gated exported mechanism edge.
NODE10401	signaling_cascade	module20_24_export	Node participates in at least one evidence-gated exported mechanism edge.
NODE10401	target_gene	register_target_gene_layer	edge=M22B-E009417; evidence=M22B-EVID-009590
NODE10402	signaling_cascade	module20_24_export	Node participates in at least one evidence-gated exported mechanism edge.
NODE10403	signaling_cascade	module20_24_export	Node participates in at least one evidence-gated exported mechanism edge.
NODE10404	signaling_cascade	module20_24_export	Node participates in at least one evidence-gated exported mechanism edge.
NODE10404	target_gene	register_target_gene_layer	edge=M22B-E006959; evidence=M22B-EVID-007132
NODE10405	signaling_cascade	module20_24_export	Node participates in at least one evidence-gated exported mechanism edge.
NODE10406	signaling_cascade	module20_24_export	Node participates in at least one evidence-gated exported mechanism edge.
NODE10407	signaling_cascade	module20_24_export	Node participates in at least one evidence-gated exported mechanism edge.
NODE10408	signaling_cascade	module20_24_export	Node participates in at least one evidence-gated exported mechanism edge.
NODE10409	signaling_cascade	module20_24_export	Node participates in at least one evidence-gated exported mechanism edge.
NODE10410	signaling_cascade	module20_24_export	Node participates in at least one evidence-gated exported mechanism edge.
NODE10411	signaling_cascade	module20_24_export	Node participates in at least one evidence-gated exported mechanism edge.
NODE10411	target_gene	register_target_gene_layer	edge=M22B-E009602; evidence=M22B-EVID-009775
NODE10412	signaling_cascade	module20_24_export	Node participates in at least one evidence-gated exported mechanism edge.
NODE10413	signaling_cascade	module20_24_export	Node participates in at least one evidence-gated exported mechanism edge.
NODE10414	signaling_cascade	module20_24_export	Node participates in at least one evidence-gated exported mechanism edge.
NODE10415	signaling_cascade	module20_24_export	Node participates in at least one evidence-gated exported mechanism edge.
NODE10416	ligand	register_ligand_receptor_layer	edge=M20B-E005258; evidence=M20B-EVID-005258
NODE10416	signaling_cascade	module20_24_export	Node participates in at least one evidence-gated exported mechanism edge.
NODE10417	signaling_cascade	module20_24_export	Node participates in at least one evidence-gated exported mechanism edge.
NODE10418	signaling_cascade	module20_24_export	Node participates in at least one evidence-gated exported mechanism edge.
NODE10419	signaling_cascade	module20_24_export	Node participates in at least one evidence-gated exported mechanism edge.
NODE10420	signaling_cascade	module20_24_export	Node participates in at least one evidence-gated exported mechanism edge.
NODE10421	signaling_cascade	module20_24_export	Node participates in at least one evidence-gated exported mechanism edge.
NODE10422	signaling_cascade	module20_24_export	Node participates in at least one evidence-gated exported mechanism edge.
NODE10423	signaling_cascade	module20_24_export	Node participates in at least one evidence-gated exported mechanism edge.
NODE10424	signaling_cascade	module20_24_export	Node participates in at least one evidence-gated exported mechanism edge.
NODE10424	target_gene	register_target_gene_layer	edge=M22B-E006960; evidence=M22B-EVID-007133 || edge=M22B-E009077; evidence=M22B-EVID-009250
NODE10425	signaling_cascade	module20_24_export	Node participates in at least one evidence-gated exported mechanism edge.
NODE10426	signaling_cascade	module20_24_export	Node participates in at least one evidence-gated exported mechanism edge.
NODE10427	signaling_cascade	module20_24_export	Node participates in at least one evidence-gated exported mechanism edge.
NODE10428	signaling_cascade	module20_24_export	Node participates in at least one evidence-gated exported mechanism edge.
NODE10429	signaling_cascade	module20_24_export	Node participates in at least one evidence-gated exported mechanism edge.
NODE10430	signaling_cascade	module20_24_export	Node participates in at least one evidence-gated exported mechanism edge.
NODE10431	ligand	register_ligand_receptor_layer	edge=M20B-E005260; evidence=M20B-EVID-005260 || edge=M20B-E005261; evidence=M20B-EVID-005261
NODE10431	signaling_cascade	module20_24_export	Node participates in at least one evidence-gated exported mechanism edge.
NODE10432	signaling_cascade	module20_24_export	Node participates in at least one evidence-gated exported mechanism edge.
NODE10433	signaling_cascade	module20_24_export	Node participates in at least one evidence-gated exported mechanism edge.
NODE10434	signaling_cascade	module20_24_export	Node participates in at least one evidence-gated exported mechanism edge.
NODE10435	signaling_cascade	module20_24_export	Node participates in at least one evidence-gated exported mechanism edge.
NODE10436	signaling_cascade	module20_24_export	Node participates in at least one evidence-gated exported mechanism edge.
NODE10437	signaling_cascade	module20_24_export	Node participates in at least one evidence-gated exported mechanism edge.
NODE10438	signaling_cascade	module20_24_export	Node participates in at least one evidence-gated exported mechanism edge.
NODE10439	signaling_cascade	module20_24_export	Node participates in at least one evidence-gated exported mechanism edge.
NODE10439	target_gene	register_target_gene_layer	edge=M22B-E005977; evidence=M22B-EVID-006150 || edge=M22B-E008138; evidence=M22B-EVID-008311
NODE10440	signaling_cascade	module20_24_export	Node participates in at least one evidence-gated exported mechanism edge.
NODE10441	ligand	register_ligand_receptor_layer	edge=M20B-E001796; evidence=M20B-EVID-001796 || edge=M20B-E001919; evidence=M20B-EVID-001919 || edge=M20B-E001920; evidence=M20B-EVID-001920 || edge=M20B-E001921; evidence=M20B-EVID-001921;M20B-EVID-PROMO-20260826-035 || edge=M20B-E005275; evidence=M20B-EVID-005275 || edge=M20B-E005277; evidence=M20B-EVID-005277;M20B-EVID-005342-P2-RELAY;M20B-EVID-005343-P2-FUNC
NODE10441	signaling_cascade	module20_24_export	Node participates in at least one evidence-gated exported mechanism edge.
NODE10442	signaling_cascade	module20_24_export	Node participates in at least one evidence-gated exported mechanism edge.
NODE10443	signaling_cascade	module20_24_export	Node participates in at least one evidence-gated exported mechanism edge.
NODE10444	signaling_cascade	module20_24_export	Node participates in at least one evidence-gated exported mechanism edge.
NODE10445	signaling_cascade	module20_24_export	Node participates in at least one evidence-gated exported mechanism edge.
NODE10446	signaling_cascade	module20_24_export	Node participates in at least one evidence-gated exported mechanism edge.
NODE10447	signaling_cascade	module20_24_export	Node participates in at least one evidence-gated exported mechanism edge.
NODE10448	signaling_cascade	module20_24_export	Node participates in at least one evidence-gated exported mechanism edge.
NODE10449	signaling_cascade	module20_24_export	Node participates in at least one evidence-gated exported mechanism edge.
NODE10450	signaling_cascade	module20_24_export	Node participates in at least one evidence-gated exported mechanism edge.
NODE10451	signaling_cascade	module20_24_export	Node participates in at least one evidence-gated exported mechanism edge.
NODE10452	signaling_cascade	module20_24_export	Node participates in at least one evidence-gated exported mechanism edge.
NODE10453	signaling_cascade	module20_24_export	Node participates in at least one evidence-gated exported mechanism edge.
NODE10454	signaling_cascade	module20_24_export	Node participates in at least one evidence-gated exported mechanism edge.
NODE10455	signaling_cascade	module20_24_export	Node participates in at least one evidence-gated exported mechanism edge.
NODE10456	ligand	register_ligand_receptor_layer	edge=M20B-E005282; evidence=M20B-EVID-005282
NODE10456	signaling_cascade	module20_24_export	Node participates in at least one evidence-gated exported mechanism edge.
NODE10457	signaling_cascade	module20_24_export	Node participates in at least one evidence-gated exported mechanism edge.
NODE10458	signaling_cascade	module20_24_export	Node participates in at least one evidence-gated exported mechanism edge.
NODE10459	ligand	register_ligand_receptor_layer	edge=M20B-E005299; evidence=M20B-EVID-005299
NODE10459	signaling_cascade	module20_24_export	Node participates in at least one evidence-gated exported mechanism edge.
NODE10460	signaling_cascade	module20_24_export	Node participates in at least one evidence-gated exported mechanism edge.
NODE10461	signaling_cascade	module20_24_export	Node participates in at least one evidence-gated exported mechanism edge.
NODE10462	signaling_cascade	module20_24_export	Node participates in at least one evidence-gated exported mechanism edge.
NODE10463	signaling_cascade	module20_24_export	Node participates in at least one evidence-gated exported mechanism edge.
NODE10464	signaling_cascade	module20_24_export	Node participates in at least one evidence-gated exported mechanism edge.
NODE10465	signaling_cascade	module20_24_export	Node participates in at least one evidence-gated exported mechanism edge.
NODE10466	signaling_cascade	module20_24_export	Node participates in at least one evidence-gated exported mechanism edge.
NODE10467	signaling_cascade	module20_24_export	Node participates in at least one evidence-gated exported mechanism edge.
NODE10468	signaling_cascade	module20_24_export	Node participates in at least one evidence-gated exported mechanism edge.
NODE10469	signaling_cascade	module20_24_export	Node participates in at least one evidence-gated exported mechanism edge.
NODE10470	signaling_cascade	module20_24_export	Node participates in at least one evidence-gated exported mechanism edge.
NODE10471	signaling_cascade	module20_24_export	Node participates in at least one evidence-gated exported mechanism edge.
NODE10472	signaling_cascade	module20_24_export	Node participates in at least one evidence-gated exported mechanism edge.
NODE10473	signaling_cascade	module20_24_export	Node participates in at least one evidence-gated exported mechanism edge.
NODE10474	signaling_cascade	module20_24_export	Node participates in at least one evidence-gated exported mechanism edge.
NODE10475	signaling_cascade	module20_24_export	Node participates in at least one evidence-gated exported mechanism edge.
NODE10476	signaling_cascade	module20_24_export	Node participates in at least one evidence-gated exported mechanism edge.
NODE10477	signaling_cascade	module20_24_export	Node participates in at least one evidence-gated exported mechanism edge.
NODE10477	target_gene	register_target_gene_layer	edge=M22B-E006961; evidence=M22B-EVID-007134 || edge=M22B-E007935; evidence=M22B-EVID-008108 || edge=M22B-E009078; evidence=M22B-EVID-009251 || edge=M22B-E009357; evidence=M22B-EVID-009530
NODE10478	signaling_cascade	module20_24_export	Node participates in at least one evidence-gated exported mechanism edge.
NODE10478	target_gene	register_target_gene_layer	edge=M22B-E006133; evidence=M22B-EVID-006306 || edge=M22B-E007343; evidence=M22B-EVID-007516
NODE10479	signaling_cascade	module20_24_export	Node participates in at least one evidence-gated exported mechanism edge.
NODE10480	signaling_cascade	module20_24_export	Node participates in at least one evidence-gated exported mechanism edge.
NODE10481	signaling_cascade	module20_24_export	Node participates in at least one evidence-gated exported mechanism edge.
NODE10482	signaling_cascade	module20_24_export	Node participates in at least one evidence-gated exported mechanism edge.
NODE10483	signaling_cascade	module20_24_export	Node participates in at least one evidence-gated exported mechanism edge.
NODE10484	signaling_cascade	module20_24_export	Node participates in at least one evidence-gated exported mechanism edge.
NODE10485	signaling_cascade	module20_24_export	Node participates in at least one evidence-gated exported mechanism edge.
NODE10485	target_gene	register_target_gene_layer	edge=M22B-E005838; evidence=M22B-EVID-006011
NODE10486	signaling_cascade	module20_24_export	Node participates in at least one evidence-gated exported mechanism edge.
NODE10487	signaling_cascade	module20_24_export	Node participates in at least one evidence-gated exported mechanism edge.
NODE10488	signaling_cascade	module20_24_export	Node participates in at least one evidence-gated exported mechanism edge.
NODE10489	signaling_cascade	module20_24_export	Node participates in at least one evidence-gated exported mechanism edge.
NODE10490	signaling_cascade	module20_24_export	Node participates in at least one evidence-gated exported mechanism edge.
NODE10491	signaling_cascade	module20_24_export	Node participates in at least one evidence-gated exported mechanism edge.
NODE10492	signaling_cascade	module20_24_export	Node participates in at least one evidence-gated exported mechanism edge.
NODE10493	signaling_cascade	module20_24_export	Node participates in at least one evidence-gated exported mechanism edge.
NODE10494	signaling_cascade	module20_24_export	Node participates in at least one evidence-gated exported mechanism edge.
NODE10495	signaling_cascade	module20_24_export	Node participates in at least one evidence-gated exported mechanism edge.
NODE10495	target_gene	register_target_gene_layer	edge=M22B-E007344; evidence=M22B-EVID-007517 || edge=M22B-E010011; evidence=M22B-EVID-010184
NODE10496	signaling_cascade	module20_24_export	Node participates in at least one evidence-gated exported mechanism edge.
NODE10496	target_gene	register_target_gene_layer	edge=M22B-E007936; evidence=M22B-EVID-008109 || edge=M22B-E009358; evidence=M22B-EVID-009531 || edge=M22B-E009418; evidence=M22B-EVID-009591
NODE10497	signaling_cascade	module20_24_export	Node participates in at least one evidence-gated exported mechanism edge.
NODE10497	target_gene	register_target_gene_layer	edge=M22B-E009508; evidence=M22B-EVID-009681 || edge=M22B-E009620; evidence=M22B-EVID-009793
NODE10498	signaling_cascade	module20_24_export	Node participates in at least one evidence-gated exported mechanism edge.
NODE10499	signaling_cascade	module20_24_export	Node participates in at least one evidence-gated exported mechanism edge.
NODE10500	signaling_cascade	module20_24_export	Node participates in at least one evidence-gated exported mechanism edge.
NODE10501	signaling_cascade	module20_24_export	Node participates in at least one evidence-gated exported mechanism edge.
NODE10502	signaling_cascade	module20_24_export	Node participates in at least one evidence-gated exported mechanism edge.
NODE10503	signaling_cascade	module20_24_export	Node participates in at least one evidence-gated exported mechanism edge.
NODE10504	signaling_cascade	module20_24_export	Node participates in at least one evidence-gated exported mechanism edge.
NODE10505	signaling_cascade	module20_24_export	Node participates in at least one evidence-gated exported mechanism edge.
NODE10506	signaling_cascade	module20_24_export	Node participates in at least one evidence-gated exported mechanism edge.
NODE10507	signaling_cascade	module20_24_export	Node participates in at least one evidence-gated exported mechanism edge.
NODE10507	transcription_factor	register_target_gene_layer	edge=M22B-E009947; evidence=M22B-EVID-010120 || edge=M22B-E010128; evidence=M22B-EVID-010301
NODE10508	signaling_cascade	module20_24_export	Node participates in at least one evidence-gated exported mechanism edge.
NODE10509	signaling_cascade	module20_24_export	Node participates in at least one evidence-gated exported mechanism edge.
NODE10509	target_gene	register_target_gene_layer	edge=M22B-E006224; evidence=M22B-EVID-006397 || edge=M22B-E008372; evidence=M22B-EVID-008545 || edge=M22B-E010262; evidence=M22B-EVID-010435
NODE10509	transcription_factor	register_target_gene_layer	edge=M22B-E010295; evidence=M22B-EVID-010468 || edge=M22B-E010315; evidence=M22B-EVID-010487 || edge=M22B-E010518; evidence=M22B-EVID-010633
NODE10510	signaling_cascade	module20_24_export	Node participates in at least one evidence-gated exported mechanism edge.
NODE10511	signaling_cascade	module20_24_export	Node participates in at least one evidence-gated exported mechanism edge.
NODE10512	signaling_cascade	module20_24_export	Node participates in at least one evidence-gated exported mechanism edge.
NODE10513	signaling_cascade	module20_24_export	Node participates in at least one evidence-gated exported mechanism edge.
NODE10514	signaling_cascade	module20_24_export	Node participates in at least one evidence-gated exported mechanism edge.
NODE10515	signaling_cascade	module20_24_export	Node participates in at least one evidence-gated exported mechanism edge.
NODE10515	transcription_factor	register_target_gene_layer	edge=M22B-E010008; evidence=M22B-EVID-010181 || edge=M22B-E010009; evidence=M22B-EVID-010182
NODE10516	signaling_cascade	module20_24_export	Node participates in at least one evidence-gated exported mechanism edge.
NODE10517	signaling_cascade	module20_24_export	Node participates in at least one evidence-gated exported mechanism edge.
NODE10517	target_gene	register_target_gene_layer	edge=M22B-E006962; evidence=M22B-EVID-007135 || edge=M22B-E009079; evidence=M22B-EVID-009252
NODE10518	signaling_cascade	module20_24_export	Node participates in at least one evidence-gated exported mechanism edge.
NODE10519	signaling_cascade	module20_24_export	Node participates in at least one evidence-gated exported mechanism edge.
NODE10520	signaling_cascade	module20_24_export	Node participates in at least one evidence-gated exported mechanism edge.
NODE10521	signaling_cascade	module20_24_export	Node participates in at least one evidence-gated exported mechanism edge.
NODE10522	signaling_cascade	module20_24_export	Node participates in at least one evidence-gated exported mechanism edge.
NODE10523	signaling_cascade	module20_24_export	Node participates in at least one evidence-gated exported mechanism edge.
NODE10524	signaling_cascade	module20_24_export	Node participates in at least one evidence-gated exported mechanism edge.
NODE10525	signaling_cascade	module20_24_export	Node participates in at least one evidence-gated exported mechanism edge.
NODE10526	signaling_cascade	module20_24_export	Node participates in at least one evidence-gated exported mechanism edge.
NODE10527	signaling_cascade	module20_24_export	Node participates in at least one evidence-gated exported mechanism edge.
NODE10527	target_gene	register_target_gene_layer	edge=M22B-E007345; evidence=M22B-EVID-007518
NODE10527	transcription_factor	register_target_gene_layer	edge=M22B-E010330; evidence=M22B-EVID-010502 || edge=M22B-E010364; evidence=M22B-EVID-010536 || edge=M22B-E010394; evidence=M22B-EVID-010566 || edge=M22B-E010653; evidence=M22B-EVID-010748
NODE10528	signaling_cascade	module20_24_export	Node participates in at least one evidence-gated exported mechanism edge.
NODE10529	signaling_cascade	module20_24_export	Node participates in at least one evidence-gated exported mechanism edge.
NODE10530	signaling_cascade	module20_24_export	Node participates in at least one evidence-gated exported mechanism edge.
NODE10531	signaling_cascade	module20_24_export	Node participates in at least one evidence-gated exported mechanism edge.
NODE10532	signaling_cascade	module20_24_export	Node participates in at least one evidence-gated exported mechanism edge.
NODE10533	signaling_cascade	module20_24_export	Node participates in at least one evidence-gated exported mechanism edge.
NODE10534	signaling_cascade	module20_24_export	Node participates in at least one evidence-gated exported mechanism edge.
NODE10535	signaling_cascade	module20_24_export	Node participates in at least one evidence-gated exported mechanism edge.
NODE10535	target_gene	register_target_gene_layer	edge=M22B-E009898; evidence=M22B-EVID-010071
NODE10536	signaling_cascade	module20_24_export	Node participates in at least one evidence-gated exported mechanism edge.
NODE10536	target_gene	register_target_gene_layer	edge=M22B-E007022; evidence=M22B-EVID-007195
NODE10537	signaling_cascade	module20_24_export	Node participates in at least one evidence-gated exported mechanism edge.
NODE10537	target_gene	register_target_gene_layer	edge=M22B-E009795; evidence=M22B-EVID-009968
NODE10538	signaling_cascade	module20_24_export	Node participates in at least one evidence-gated exported mechanism edge.
NODE10538	transcription_factor	register_target_gene_layer	edge=M22B-E010561; evidence=M22B-EVID-010660 || edge=M22B-E010680; evidence=M22B-EVID-010773
NODE10539	signaling_cascade	module20_24_export	Node participates in at least one evidence-gated exported mechanism edge.
NODE10539	transcription_factor	register_target_gene_layer	edge=M22B-E010675; evidence=M22B-EVID-010768
NODE10540	signaling_cascade	module20_24_export	Node participates in at least one evidence-gated exported mechanism edge.
NODE10540	target_gene	register_target_gene_layer	edge=M22B-E007578; evidence=M22B-EVID-007751
NODE10541	signaling_cascade	module20_24_export	Node participates in at least one evidence-gated exported mechanism edge.
NODE10541	target_gene	register_target_gene_layer	edge=M22B-E006300; evidence=M22B-EVID-006473 || edge=M22B-E008442; evidence=M22B-EVID-008615 || edge=M22B-E009691; evidence=M22B-EVID-009864 || edge=M22B-E010014; evidence=M22B-EVID-010187
NODE10541	transcription_factor	register_target_gene_layer	edge=M22B-E010206; evidence=M22B-EVID-010379 || edge=M22B-E010649; evidence=M22B-EVID-010744 || edge=M22B-E010650; evidence=M22B-EVID-010745
NODE10542	signaling_cascade	module20_24_export	Node participates in at least one evidence-gated exported mechanism edge.
NODE10542	target_gene	register_target_gene_layer	edge=M22B-E007023; evidence=M22B-EVID-007196 || edge=M22B-E007579; evidence=M22B-EVID-007752
NODE10542	transcription_factor	register_target_gene_layer	edge=M22B-E010594; evidence=M22B-EVID-010690
NODE10543	signaling_cascade	module20_24_export	Node participates in at least one evidence-gated exported mechanism edge.
NODE10543	target_gene	register_target_gene_layer	edge=M22B-E010065; evidence=M22B-EVID-010238
NODE10544	signaling_cascade	module20_24_export	Node participates in at least one evidence-gated exported mechanism edge.
NODE10544	target_gene	register_target_gene_layer	edge=M22B-E007580; evidence=M22B-EVID-007753
NODE10545	signaling_cascade	module20_24_export	Node participates in at least one evidence-gated exported mechanism edge.
NODE10545	target_gene	register_target_gene_layer	edge=M22B-E007581; evidence=M22B-EVID-007754
NODE10546	signaling_cascade	module20_24_export	Node participates in at least one evidence-gated exported mechanism edge.
NODE10546	target_gene	register_target_gene_layer	edge=M22B-E000432; evidence=M22B-EVID-000083 || edge=M22B-E005978; evidence=M22B-EVID-006151 || edge=M22B-E008139; evidence=M22B-EVID-008312 || edge=M22B-E009796; evidence=M22B-EVID-009969
NODE10547	signaling_cascade	module20_24_export	Node participates in at least one evidence-gated exported mechanism edge.
NODE10547	target_gene	register_target_gene_layer	edge=M22B-E006963; evidence=M22B-EVID-007136 || edge=M22B-E009080; evidence=M22B-EVID-009253
NODE10548	signaling_cascade	module20_24_export	Node participates in at least one evidence-gated exported mechanism edge.
NODE10548	target_gene	register_target_gene_layer	edge=M22B-E006964; evidence=M22B-EVID-007137 || edge=M22B-E009081; evidence=M22B-EVID-009254
NODE10549	signaling_cascade	module20_24_export	Node participates in at least one evidence-gated exported mechanism edge.
NODE10549	target_gene	register_target_gene_layer	edge=M22B-E009943; evidence=M22B-EVID-010116 || edge=M22B-E009944; evidence=M22B-EVID-010117
NODE10550	signaling_cascade	module20_24_export	Node participates in at least one evidence-gated exported mechanism edge.
NODE10551	signaling_cascade	module20_24_export	Node participates in at least one evidence-gated exported mechanism edge.
NODE10552	signaling_cascade	module20_24_export	Node participates in at least one evidence-gated exported mechanism edge.
NODE10553	signaling_cascade	module20_24_export	Node participates in at least one evidence-gated exported mechanism edge.
NODE10554	signaling_cascade	module20_24_export	Node participates in at least one evidence-gated exported mechanism edge.
NODE10554	target_gene	register_target_gene_layer	edge=M22B-E007937; evidence=M22B-EVID-008110
NODE10555	signaling_cascade	module20_24_export	Node participates in at least one evidence-gated exported mechanism edge.
NODE10556	signaling_cascade	module20_24_export	Node participates in at least one evidence-gated exported mechanism edge.
NODE10556	target_gene	register_target_gene_layer	edge=M22B-E007938; evidence=M22B-EVID-008111 || edge=M22B-E009359; evidence=M22B-EVID-009532
NODE10556	transcription_factor	register_target_gene_layer	edge=M22B-E010345; evidence=M22B-EVID-010517
NODE10557	signaling_cascade	module20_24_export	Node participates in at least one evidence-gated exported mechanism edge.
NODE10557	target_gene	register_target_gene_layer	edge=M22B-E006444; evidence=M22B-EVID-006617
NODE10558	signaling_cascade	module20_24_export	Node participates in at least one evidence-gated exported mechanism edge.
NODE10559	signaling_cascade	module20_24_export	Node participates in at least one evidence-gated exported mechanism edge.
NODE10559	target_gene	register_target_gene_layer	edge=M22B-E007582; evidence=M22B-EVID-007755
NODE10560	signaling_cascade	module20_24_export	Node participates in at least one evidence-gated exported mechanism edge.
NODE10560	target_gene	register_target_gene_layer	edge=M22B-E007583; evidence=M22B-EVID-007756
NODE10561	signaling_cascade	module20_24_export	Node participates in at least one evidence-gated exported mechanism edge.
NODE10561	target_gene	register_target_gene_layer	edge=M22B-E007584; evidence=M22B-EVID-007757
NODE10562	signaling_cascade	module20_24_export	Node participates in at least one evidence-gated exported mechanism edge.
NODE10562	target_gene	register_target_gene_layer	edge=M22B-E007585; evidence=M22B-EVID-007758
NODE10563	signaling_cascade	module20_24_export	Node participates in at least one evidence-gated exported mechanism edge.
NODE10563	target_gene	register_target_gene_layer	edge=M22B-E007586; evidence=M22B-EVID-007759
NODE10564	signaling_cascade	module20_24_export	Node participates in at least one evidence-gated exported mechanism edge.
NODE10564	target_gene	register_target_gene_layer	edge=M22B-E007587; evidence=M22B-EVID-007760
NODE10565	signaling_cascade	module20_24_export	Node participates in at least one evidence-gated exported mechanism edge.
NODE10565	target_gene	register_target_gene_layer	edge=M22B-E006965; evidence=M22B-EVID-007138 || edge=M22B-E009082; evidence=M22B-EVID-009255
NODE10566	signaling_cascade	module20_24_export	Node participates in at least one evidence-gated exported mechanism edge.
NODE10566	target_gene	register_target_gene_layer	edge=M22B-E007588; evidence=M22B-EVID-007761
NODE10567	signaling_cascade	module20_24_export	Node participates in at least one evidence-gated exported mechanism edge.
NODE10567	target_gene	register_target_gene_layer	edge=M22B-E007589; evidence=M22B-EVID-007762
NODE10568	signaling_cascade	module20_24_export	Node participates in at least one evidence-gated exported mechanism edge.
NODE10568	target_gene	register_target_gene_layer	edge=M22B-E007590; evidence=M22B-EVID-007763
NODE10569	signaling_cascade	module20_24_export	Node participates in at least one evidence-gated exported mechanism edge.
NODE10569	target_gene	register_target_gene_layer	edge=M22B-E006134; evidence=M22B-EVID-006307 || edge=M22B-E007591; evidence=M22B-EVID-007764
NODE10570	signaling_cascade	module20_24_export	Node participates in at least one evidence-gated exported mechanism edge.
NODE10570	target_gene	register_target_gene_layer	edge=M22B-E007592; evidence=M22B-EVID-007765
NODE10571	signaling_cascade	module20_24_export	Node participates in at least one evidence-gated exported mechanism edge.
NODE10571	target_gene	register_target_gene_layer	edge=M22B-E007593; evidence=M22B-EVID-007766
NODE10572	signaling_cascade	module20_24_export	Node participates in at least one evidence-gated exported mechanism edge.
NODE10572	target_gene	register_target_gene_layer	edge=M22B-E007594; evidence=M22B-EVID-007767
NODE10573	signaling_cascade	module20_24_export	Node participates in at least one evidence-gated exported mechanism edge.
NODE10573	target_gene	register_target_gene_layer	edge=M22B-E007595; evidence=M22B-EVID-007768
NODE10574	signaling_cascade	module20_24_export	Node participates in at least one evidence-gated exported mechanism edge.
NODE10574	target_gene	register_target_gene_layer	edge=M22B-E007596; evidence=M22B-EVID-007769
NODE10575	signaling_cascade	module20_24_export	Node participates in at least one evidence-gated exported mechanism edge.
NODE10575	target_gene	register_target_gene_layer	edge=M22B-E006301; evidence=M22B-EVID-006474 || edge=M22B-E006445; evidence=M22B-EVID-006618
NODE10575	transcription_factor	register_target_gene_layer	edge=M22B-E010399; evidence=M22B-EVID-010571
NODE10576	signaling_cascade	module20_24_export	Node participates in at least one evidence-gated exported mechanism edge.
NODE10576	target_gene	register_target_gene_layer	edge=M22B-E007597; evidence=M22B-EVID-007770
NODE10577	signaling_cascade	module20_24_export	Node participates in at least one evidence-gated exported mechanism edge.
NODE10577	target_gene	register_target_gene_layer	edge=M22B-E007598; evidence=M22B-EVID-007771
NODE10578	signaling_cascade	module20_24_export	Node participates in at least one evidence-gated exported mechanism edge.
NODE10578	target_gene	register_target_gene_layer	edge=M22B-E007599; evidence=M22B-EVID-007772
NODE10579	signaling_cascade	module20_24_export	Node participates in at least one evidence-gated exported mechanism edge.
NODE10579	target_gene	register_target_gene_layer	edge=M22B-E007600; evidence=M22B-EVID-007773
NODE10580	signaling_cascade	module20_24_export	Node participates in at least one evidence-gated exported mechanism edge.
NODE10580	target_gene	register_target_gene_layer	edge=M22B-E007601; evidence=M22B-EVID-007774
NODE10581	signaling_cascade	module20_24_export	Node participates in at least one evidence-gated exported mechanism edge.
NODE10581	target_gene	register_target_gene_layer	edge=M22B-E006966; evidence=M22B-EVID-007139
NODE10582	signaling_cascade	module20_24_export	Node participates in at least one evidence-gated exported mechanism edge.
NODE10582	target_gene	register_target_gene_layer	edge=M22B-E007602; evidence=M22B-EVID-007775
NODE10583	signaling_cascade	module20_24_export	Node participates in at least one evidence-gated exported mechanism edge.
NODE10583	target_gene	register_target_gene_layer	edge=M22B-E007603; evidence=M22B-EVID-007776
NODE10584	signaling_cascade	module20_24_export	Node participates in at least one evidence-gated exported mechanism edge.
NODE10584	target_gene	register_target_gene_layer	edge=M22B-E007604; evidence=M22B-EVID-007777
NODE10585	signaling_cascade	module20_24_export	Node participates in at least one evidence-gated exported mechanism edge.
NODE10585	target_gene	register_target_gene_layer	edge=M22B-E007605; evidence=M22B-EVID-007778
NODE10586	signaling_cascade	module20_24_export	Node participates in at least one evidence-gated exported mechanism edge.
NODE10586	target_gene	register_target_gene_layer	edge=M22B-E007606; evidence=M22B-EVID-007779
NODE10587	signaling_cascade	module20_24_export	Node participates in at least one evidence-gated exported mechanism edge.
NODE10587	target_gene	register_target_gene_layer	edge=M22B-E007607; evidence=M22B-EVID-007780
NODE10588	signaling_cascade	module20_24_export	Node participates in at least one evidence-gated exported mechanism edge.
NODE10588	target_gene	register_target_gene_layer	edge=M22B-E007608; evidence=M22B-EVID-007781
NODE10589	signaling_cascade	module20_24_export	Node participates in at least one evidence-gated exported mechanism edge.
NODE10589	target_gene	register_target_gene_layer	edge=M22B-E007609; evidence=M22B-EVID-007782
NODE10590	signaling_cascade	module20_24_export	Node participates in at least one evidence-gated exported mechanism edge.
NODE10590	target_gene	register_target_gene_layer	edge=M22B-E007610; evidence=M22B-EVID-007783
NODE10591	signaling_cascade	module20_24_export	Node participates in at least one evidence-gated exported mechanism edge.
NODE10591	target_gene	register_target_gene_layer	edge=M22B-E006967; evidence=M22B-EVID-007140
NODE10592	signaling_cascade	module20_24_export	Node participates in at least one evidence-gated exported mechanism edge.
NODE10592	target_gene	register_target_gene_layer	edge=M22B-E007611; evidence=M22B-EVID-007784
NODE10593	signaling_cascade	module20_24_export	Node participates in at least one evidence-gated exported mechanism edge.
NODE10593	target_gene	register_target_gene_layer	edge=M22B-E007612; evidence=M22B-EVID-007785
NODE10594	signaling_cascade	module20_24_export	Node participates in at least one evidence-gated exported mechanism edge.
NODE10594	target_gene	register_target_gene_layer	edge=M22B-E007613; evidence=M22B-EVID-007786
NODE10595	signaling_cascade	module20_24_export	Node participates in at least one evidence-gated exported mechanism edge.
NODE10595	target_gene	register_target_gene_layer	edge=M22B-E007614; evidence=M22B-EVID-007787
NODE10596	signaling_cascade	module20_24_export	Node participates in at least one evidence-gated exported mechanism edge.
NODE10596	target_gene	register_target_gene_layer	edge=M22B-E007615; evidence=M22B-EVID-007788
NODE10597	signaling_cascade	module20_24_export	Node participates in at least one evidence-gated exported mechanism edge.
NODE10597	target_gene	register_target_gene_layer	edge=M22B-E007616; evidence=M22B-EVID-007789
NODE10598	signaling_cascade	module20_24_export	Node participates in at least one evidence-gated exported mechanism edge.
NODE10598	target_gene	register_target_gene_layer	edge=M22B-E007617; evidence=M22B-EVID-007790
NODE10599	signaling_cascade	module20_24_export	Node participates in at least one evidence-gated exported mechanism edge.
NODE10599	target_gene	register_target_gene_layer	edge=M22B-E007618; evidence=M22B-EVID-007791
NODE10600	signaling_cascade	module20_24_export	Node participates in at least one evidence-gated exported mechanism edge.
NODE10600	target_gene	register_target_gene_layer	edge=M22B-E007619; evidence=M22B-EVID-007792
NODE10601	signaling_cascade	module20_24_export	Node participates in at least one evidence-gated exported mechanism edge.
NODE10601	target_gene	register_target_gene_layer	edge=M22B-E007620; evidence=M22B-EVID-007793
NODE10602	signaling_cascade	module20_24_export	Node participates in at least one evidence-gated exported mechanism edge.
NODE10602	target_gene	register_target_gene_layer	edge=M22B-E007621; evidence=M22B-EVID-007794
NODE10603	signaling_cascade	module20_24_export	Node participates in at least one evidence-gated exported mechanism edge.
NODE10603	target_gene	register_target_gene_layer	edge=M22B-E007622; evidence=M22B-EVID-007795
NODE10604	signaling_cascade	module20_24_export	Node participates in at least one evidence-gated exported mechanism edge.
NODE10604	target_gene	register_target_gene_layer	edge=M22B-E007623; evidence=M22B-EVID-007796
NODE10605	signaling_cascade	module20_24_export	Node participates in at least one evidence-gated exported mechanism edge.
NODE10605	target_gene	register_target_gene_layer	edge=M22B-E007624; evidence=M22B-EVID-007797
NODE10606	signaling_cascade	module20_24_export	Node participates in at least one evidence-gated exported mechanism edge.
NODE10606	target_gene	register_target_gene_layer	edge=M22B-E006968; evidence=M22B-EVID-007141 || edge=M22B-E009083; evidence=M22B-EVID-009256
NODE10607	signaling_cascade	module20_24_export	Node participates in at least one evidence-gated exported mechanism edge.
NODE10607	target_gene	register_target_gene_layer	edge=M22B-E007625; evidence=M22B-EVID-007798
NODE10608	signaling_cascade	module20_24_export	Node participates in at least one evidence-gated exported mechanism edge.
NODE10608	target_gene	register_target_gene_layer	edge=M22B-E007626; evidence=M22B-EVID-007799
NODE10609	signaling_cascade	module20_24_export	Node participates in at least one evidence-gated exported mechanism edge.
NODE10609	target_gene	register_target_gene_layer	edge=M22B-E006302; evidence=M22B-EVID-006475 || edge=M22B-E008443; evidence=M22B-EVID-008616
NODE10610	signaling_cascade	module20_24_export	Node participates in at least one evidence-gated exported mechanism edge.
NODE10610	target_gene	register_target_gene_layer	edge=M22B-E007627; evidence=M22B-EVID-007800
NODE10611	signaling_cascade	module20_24_export	Node participates in at least one evidence-gated exported mechanism edge.
NODE10611	target_gene	register_target_gene_layer	edge=M22B-E007628; evidence=M22B-EVID-007801
NODE10612	signaling_cascade	module20_24_export	Node participates in at least one evidence-gated exported mechanism edge.
NODE10612	target_gene	register_target_gene_layer	edge=M22B-E007629; evidence=M22B-EVID-007802
NODE10613	signaling_cascade	module20_24_export	Node participates in at least one evidence-gated exported mechanism edge.
NODE10613	target_gene	register_target_gene_layer	edge=M22B-E007630; evidence=M22B-EVID-007803
NODE10614	signaling_cascade	module20_24_export	Node participates in at least one evidence-gated exported mechanism edge.
NODE10614	target_gene	register_target_gene_layer	edge=M22B-E007631; evidence=M22B-EVID-007804
NODE10615	signaling_cascade	module20_24_export	Node participates in at least one evidence-gated exported mechanism edge.
NODE10615	target_gene	register_target_gene_layer	edge=M22B-E007632; evidence=M22B-EVID-007805
NODE10616	signaling_cascade	module20_24_export	Node participates in at least one evidence-gated exported mechanism edge.
NODE10616	target_gene	register_target_gene_layer	edge=M22B-E007633; evidence=M22B-EVID-007806
NODE10617	signaling_cascade	module20_24_export	Node participates in at least one evidence-gated exported mechanism edge.
NODE10617	target_gene	register_target_gene_layer	edge=M22B-E007634; evidence=M22B-EVID-007807
NODE10618	signaling_cascade	module20_24_export	Node participates in at least one evidence-gated exported mechanism edge.
NODE10618	target_gene	register_target_gene_layer	edge=M22B-E007635; evidence=M22B-EVID-007808
NODE10619	signaling_cascade	module20_24_export	Node participates in at least one evidence-gated exported mechanism edge.
NODE10619	target_gene	register_target_gene_layer	edge=M22B-E007636; evidence=M22B-EVID-007809
NODE10620	signaling_cascade	module20_24_export	Node participates in at least one evidence-gated exported mechanism edge.
NODE10620	target_gene	register_target_gene_layer	edge=M22B-E007637; evidence=M22B-EVID-007810
NODE10621	signaling_cascade	module20_24_export	Node participates in at least one evidence-gated exported mechanism edge.
NODE10621	target_gene	register_target_gene_layer	edge=M22B-E007638; evidence=M22B-EVID-007811
NODE10622	signaling_cascade	module20_24_export	Node participates in at least one evidence-gated exported mechanism edge.
NODE10622	target_gene	register_target_gene_layer	edge=M22B-E007639; evidence=M22B-EVID-007812
NODE10623	signaling_cascade	module20_24_export	Node participates in at least one evidence-gated exported mechanism edge.
NODE10623	target_gene	register_target_gene_layer	edge=M22B-E007640; evidence=M22B-EVID-007813
NODE10624	signaling_cascade	module20_24_export	Node participates in at least one evidence-gated exported mechanism edge.
NODE10624	target_gene	register_target_gene_layer	edge=M22B-E007641; evidence=M22B-EVID-007814
NODE10625	signaling_cascade	module20_24_export	Node participates in at least one evidence-gated exported mechanism edge.
NODE10625	target_gene	register_target_gene_layer	edge=M22B-E007642; evidence=M22B-EVID-007815
NODE10626	signaling_cascade	module20_24_export	Node participates in at least one evidence-gated exported mechanism edge.
NODE10626	target_gene	register_target_gene_layer	edge=M22B-E007643; evidence=M22B-EVID-007816
NODE10627	signaling_cascade	module20_24_export	Node participates in at least one evidence-gated exported mechanism edge.
NODE10627	target_gene	register_target_gene_layer	edge=M22B-E007644; evidence=M22B-EVID-007817
NODE10628	signaling_cascade	module20_24_export	Node participates in at least one evidence-gated exported mechanism edge.
NODE10628	target_gene	register_target_gene_layer	edge=M22B-E007645; evidence=M22B-EVID-007818
NODE10629	signaling_cascade	module20_24_export	Node participates in at least one evidence-gated exported mechanism edge.
NODE10629	target_gene	register_target_gene_layer	edge=M22B-E007646; evidence=M22B-EVID-007819
NODE10630	signaling_cascade	module20_24_export	Node participates in at least one evidence-gated exported mechanism edge.
NODE10630	target_gene	register_target_gene_layer	edge=M22B-E007647; evidence=M22B-EVID-007820
NODE10631	signaling_cascade	module20_24_export	Node participates in at least one evidence-gated exported mechanism edge.
NODE10631	transcription_factor	register_target_gene_layer	edge=M22B-E010566; evidence=M22B-EVID-010664
NODE10632	signaling_cascade	module20_24_export	Node participates in at least one evidence-gated exported mechanism edge.
NODE10632	target_gene	register_target_gene_layer	edge=M22B-E007648; evidence=M22B-EVID-007821
NODE10633	signaling_cascade	module20_24_export	Node participates in at least one evidence-gated exported mechanism edge.
NODE10633	target_gene	register_target_gene_layer	edge=M22B-E007649; evidence=M22B-EVID-007822
NODE10634	signaling_cascade	module20_24_export	Node participates in at least one evidence-gated exported mechanism edge.
NODE10634	target_gene	register_target_gene_layer	edge=M22B-E007650; evidence=M22B-EVID-007823
NODE10635	signaling_cascade	module20_24_export	Node participates in at least one evidence-gated exported mechanism edge.
NODE10635	target_gene	register_target_gene_layer	edge=M22B-E007651; evidence=M22B-EVID-007824
NODE10636	signaling_cascade	module20_24_export	Node participates in at least one evidence-gated exported mechanism edge.
NODE10636	target_gene	register_target_gene_layer	edge=M22B-E007652; evidence=M22B-EVID-007825
NODE10637	signaling_cascade	module20_24_export	Node participates in at least one evidence-gated exported mechanism edge.
NODE10637	target_gene	register_target_gene_layer	edge=M22B-E007653; evidence=M22B-EVID-007826
NODE10638	signaling_cascade	module20_24_export	Node participates in at least one evidence-gated exported mechanism edge.
NODE10638	target_gene	register_target_gene_layer	edge=M22B-E007654; evidence=M22B-EVID-007827
NODE10639	signaling_cascade	module20_24_export	Node participates in at least one evidence-gated exported mechanism edge.
NODE10639	target_gene	register_target_gene_layer	edge=M22B-E007655; evidence=M22B-EVID-007828
NODE10640	signaling_cascade	module20_24_export	Node participates in at least one evidence-gated exported mechanism edge.
NODE10640	target_gene	register_target_gene_layer	edge=M22B-E007656; evidence=M22B-EVID-007829
NODE10641	signaling_cascade	module20_24_export	Node participates in at least one evidence-gated exported mechanism edge.
NODE10641	target_gene	register_target_gene_layer	edge=M22B-E007657; evidence=M22B-EVID-007830
NODE10642	signaling_cascade	module20_24_export	Node participates in at least one evidence-gated exported mechanism edge.
NODE10642	target_gene	register_target_gene_layer	edge=M22B-E007658; evidence=M22B-EVID-007831
NODE10643	signaling_cascade	module20_24_export	Node participates in at least one evidence-gated exported mechanism edge.
NODE10643	target_gene	register_target_gene_layer	edge=M22B-E007659; evidence=M22B-EVID-007832
NODE10644	signaling_cascade	module20_24_export	Node participates in at least one evidence-gated exported mechanism edge.
NODE10644	target_gene	register_target_gene_layer	edge=M22B-E007660; evidence=M22B-EVID-007833
NODE10645	signaling_cascade	module20_24_export	Node participates in at least one evidence-gated exported mechanism edge.
NODE10646	signaling_cascade	module20_24_export	Node participates in at least one evidence-gated exported mechanism edge.
NODE10647	receptor	register_ligand_receptor_layer	edge=M20B-E004733; evidence=M20B-EVID-004733;M20B-EVID-004733-P2-DIRECT;M20B-EVID-004733-P2-FUNC;M20B-EVID-004733-P2-RELAY || edge=M20B-E004738; evidence=M20B-EVID-004738;M20B-EVID-004738-P2-DIRECT;M20B-EVID-004738-P2-FUNC;M20B-EVID-004738-P2-RELAY || edge=M20B-E004745; evidence=M20B-EVID-004745;M20B-EVID-004745-P2-DIRECT;M20B-EVID-004745-P2-FUNC;M20B-EVID-004745-P2-RELAY || edge=M20B-E004752; evidence=M20B-EVID-004752;M20B-EVID-004752-P2-DIRECT;M20B-EVID-004752-P2-FUNC;M20B-EVID-004752-P2-RELAY
NODE10647	signaling_cascade	module20_24_export	Node participates in at least one evidence-gated exported mechanism edge.
NODE10648	signaling_cascade	module20_24_export	Node participates in at least one evidence-gated exported mechanism edge.
NODE10649	signaling_cascade	module20_24_export	Node participates in at least one evidence-gated exported mechanism edge.
NODE10650	signaling_cascade	module20_24_export	Node participates in at least one evidence-gated exported mechanism edge.
NODE10651	signaling_cascade	module20_24_export	Node participates in at least one evidence-gated exported mechanism edge.
NODE10652	signaling_cascade	module20_24_export	Node participates in at least one evidence-gated exported mechanism edge.
NODE10652	target_gene	register_target_gene_layer	edge=M22B-E006969; evidence=M22B-EVID-007142
NODE10653	signaling_cascade	module20_24_export	Node participates in at least one evidence-gated exported mechanism edge.
NODE10653	target_gene	register_target_gene_layer	edge=M22B-E006303; evidence=M22B-EVID-006476 || edge=M22B-E008444; evidence=M22B-EVID-008617
NODE10654	signaling_cascade	module20_24_export	Node participates in at least one evidence-gated exported mechanism edge.
NODE10655	signaling_cascade	module20_24_export	Node participates in at least one evidence-gated exported mechanism edge.
NODE10656	signaling_cascade	module20_24_export	Node participates in at least one evidence-gated exported mechanism edge.
